# Please cite arXiv:2008.xxxxx
# The chisq test statistic between a given point in parameter space and the data including pulls from Daya Bay and KamLAND and marginalization over the other four oscillation parameters for a fixed MO
# The first two rows define the grid:
#   delta
#   s23sq
# The remaining rows are the chisq test statistic where the first row is at delta=0 and at increasing values of s23sq. The remaining rows are increasing values of delta.
0 0.0628319 0.125664 0.188496 0.251327 0.314159 0.376991 0.439823 0.502655 0.565487 0.628319 0.69115 0.753982 0.816814 0.879646 0.942478 1.00531 1.06814 1.13097 1.19381 1.25664 1.31947 1.3823 1.44513 1.50796 1.5708 1.63363 1.69646 1.75929 1.82212 1.88496 1.94779 2.01062 2.07345 2.13628 2.19911 2.26195 2.32478 2.38761 2.45044 2.51327 2.57611 2.63894 2.70177 2.7646 2.82743 2.89027 2.9531 3.01593 3.07876 3.14159 3.20442 3.26726 3.33009 3.39292 3.45575 3.51858 3.58142 3.64425 3.70708 3.76991 3.83274 3.89557 3.95841 4.02124 4.08407 4.1469 4.20973 4.27257 4.3354 4.39823 4.46106 4.52389 4.58673 4.64956 4.71239 4.77522 4.83805 4.90088 4.96372 5.02655 5.08938 5.15221 5.21504 5.27788 5.34071 5.40354 5.46637 5.5292 5.59203 5.65487 5.7177 5.78053 5.84336 5.90619 5.96903 6.03186 6.09469 6.15752 6.22035 6.28319 
0.3 0.304 0.308 0.312 0.316 0.32 0.324 0.328 0.332 0.336 0.34 0.344 0.348 0.352 0.356 0.36 0.364 0.368 0.372 0.376 0.38 0.384 0.388 0.392 0.396 0.4 0.404 0.408 0.412 0.416 0.42 0.424 0.428 0.432 0.436 0.44 0.444 0.448 0.452 0.456 0.46 0.464 0.468 0.472 0.476 0.48 0.484 0.488 0.492 0.496 0.5 0.504 0.508 0.512 0.516 0.52 0.524 0.528 0.532 0.536 0.54 0.544 0.548 0.552 0.556 0.56 0.564 0.568 0.572 0.576 0.58 0.584 0.588 0.592 0.596 0.6 0.604 0.608 0.612 0.616 0.62 0.624 0.628 0.632 0.636 0.64 0.644 0.648 0.652 0.656 0.66 0.664 0.668 0.672 0.676 0.68 0.684 0.688 0.692 0.696 0.7 
122.531 116.414 110.619 105.133 99.9444 95.0423 90.4153 86.0524 81.9427 78.0758 74.4412 71.029 67.8292 64.8322 62.0286 59.4093 56.9654 54.688 52.5688 50.5995 48.772 47.0787 45.5119 44.0643 42.7287 41.4985 39.583 36.381 33.7132 30.8834 28.3699 26.1638 23.9242 22.1178 20.8328 19.3295 17.9449 16.8683 15.945 15.169 14.4764 13.9064 13.3607 12.8833 12.424 12.064 11.7578 11.4689 11.2392 11.0185 10.8116 10.6134 10.4214 10.1571 9.89344 9.63221 9.37342 9.12442 8.90499 8.69325 8.49625 8.31407 8.15302 8.08866 8.04 8.05913 8.10599 8.3879 8.73376 9.12509 9.64438 10.306 11.1053 12.1319 13.4215 14.7045 16.3996 18.2987 20.6417 22.812 25.2016 28.1322 31.2874 34.3327 35.3849 36.5491 37.8326 39.2425 40.7865 42.4723 44.3081 46.302 48.4624 50.7983 53.3183 56.0318 58.9481 62.0769 65.4278 69.0111 72.837 
124.202 118.055 112.23 106.715 101.498 96.5667 91.9112 87.52 83.3823 79.4875 75.8253 72.3856 69.1587 66.1348 63.3045 60.6588 58.1886 55.8853 53.7404 51.7455 49.8928 48.1744 46.5828 45.1107 43.7508 42.4965 40.5572 37.3317 34.6405 31.7875 29.2512 27.0225 24.7605 22.9319 21.625 20.1 18.694 17.5961 16.6518 15.8551 15.142 14.5517 13.9859 13.4887 13.0097 12.6304 12.305 11.9971 11.7487 11.5094 11.2842 11.068 10.8581 10.5761 10.295 10.0165 9.74062 9.47476 9.23868 9.0105 8.79726 8.59902 8.42211 8.34209 8.27797 8.28182 8.31359 8.5806 8.91173 9.28853 9.79347 10.4409 11.2262 12.239 13.515 14.7845 16.4663 18.3523 20.6823 22.8398 25.2168 28.1349 31.2779 34.311 35.3512 36.5037 37.7754 39.1738 40.7065 42.3812 44.2059 46.1889 48.3387 50.664 53.1736 55.8768 58.783 61.9018 65.2429 68.8165 72.6329 
125.958 119.781 113.926 108.381 103.134 98.1732 93.4884 89.068 84.9013 80.9778 77.2872 73.8194 70.5644 67.5128 64.6551 61.9821 59.4849 57.1548 54.9833 52.9621 51.0834 49.3392 47.722 46.2245 44.8396 43.5604 41.5965 38.3467 35.6314 32.7546 30.1946 27.9425 25.6574 23.806 22.4764 20.929 19.5007 18.381 17.415 16.5968 15.8625 15.2512 14.6646 14.1468 13.6476 13.2482 12.9029 12.5754 12.3076 12.0491 11.8049 11.5699 11.3415 11.0412 10.7419 10.4456 10.152 9.8687 9.61535 9.3701 9.13999 8.9251 8.73172 8.63544 8.55525 8.54322 8.55931 8.81083 9.12667 9.48835 9.97837 10.6111 11.3818 12.3802 13.642 14.8975 16.5655 18.4378 20.7543 22.8985 25.2623 28.1675 31.2976 34.3181 35.3458 36.4859 37.7454 39.1319 40.6527 42.3156 44.1288 46.1005 48.2391 50.5533 53.052 55.7445 58.6401 61.7483 65.0792 68.6426 72.449 
127.796 121.587 115.701 110.125 104.847 99.8566 95.1417 90.6914 86.4951 82.5422 78.8224 75.3256 72.0419 68.9618 66.0758 63.3749 60.8499 58.4923 56.2936 54.2454 52.3399 50.5692 48.9258 47.4022 45.9916 44.6868 42.6977 39.4228 36.6827 33.7814 31.1972 28.921 26.6121 24.7371 23.3843 21.8137 20.3627 19.2204 18.2321 17.3918 16.6356 16.0027 15.3947 14.8557 14.3355 13.9154 13.5497 13.202 12.9141 12.6359 12.3721 12.1178 11.8703 11.551 11.2331 10.9182 10.6064 10.3051 10.0339 9.771 9.52347 9.29136 9.08097 8.96788 8.87107 8.84263 8.84251 9.07801 9.37801 9.72406 10.1986 10.8161 11.5717 12.5552 13.8023 15.0433 16.6969 18.5551 20.8575 22.9879 25.3381 28.2298 31.3466 34.3539 35.3687 36.496 37.7429 39.1168 40.6253 42.2761 44.0773 46.0372 48.1641 50.4667 52.9541 55.6354 58.5199 61.6173 64.9374 68.4903 72.2862 
129.707 123.467 117.549 111.941 106.632 101.611 96.8649 92.3841 88.1575 84.1745 80.4249 76.8985 73.5855 70.4763 67.5615 64.8319 62.2786 59.8928 57.6662 55.5905 53.6576 51.8597 50.1894 48.6393 47.2022 45.8714 43.8564 40.5558 37.7904 34.864 32.2549 29.9541 27.6208 25.7217 24.345 22.7508 21.2764 20.1109 19.0997 18.2368 17.4582 16.8031 16.1731 15.6125 15.0708 14.6295 14.2428 13.8743 13.5659 13.2673 12.9835 12.7093 12.4421 12.1035 11.7663 11.4325 11.1019 10.782 10.4925 10.2115 9.94603 9.69621 9.46832 9.33793 9.22404 9.1787 9.16188 9.38089 9.66459 9.99453 10.4532 11.0549 11.795 12.7632 13.9951 15.2211 16.8599 18.7035 20.9915 23.1076 25.4437 28.3215 31.4245 34.4183 35.4197 36.5337 37.7676 39.1286 40.6244 42.2626 44.0514 45.999 48.1138 50.4045 52.8802 55.5498 58.4229 61.509 64.818 68.3598 72.1449 
131.683 125.411 119.461 113.821 108.481 103.428 98.6506 94.1387 89.8813 85.8678 82.0878 78.5313 75.1884 72.0496 69.1054 66.3466 63.7644 61.3501 59.0951 56.9912 55.0304 53.205 51.5073 49.93 48.4661 47.1086 45.0672 41.7406 38.9493 35.9973 33.3629 31.037 28.6789 26.7551 25.354 23.7358 22.2375 21.0484 20.0138 19.1278 18.3263 17.6486 16.9962 16.4134 15.8498 15.3868 14.9787 14.5889 14.2595 13.9402 13.6358 13.3413 13.0541 12.6956 12.3388 11.9856 11.6358 11.2969 10.9886 10.6891 10.4053 10.1374 9.89156 9.74346 9.61206 9.54943 9.51551 9.71762 9.98462 10.2981 10.7404 11.326 12.0502 13.0026 14.219 15.4296 17.0532 18.8818 21.155 23.2565 25.5781 28.4416 31.5305 34.5104 35.498 36.5984 37.8189 39.1666 40.6493 42.2746 44.0506 45.9855 48.0879 50.3664 52.8299 55.4876 58.3489 61.4233 64.7208 68.2513 72.0253 
133.716 127.411 121.428 115.757 110.384 105.299 100.49 95.9467 91.6581 87.6135 83.8028 80.2158 76.8427 73.6738 70.6998 67.9115 65.3001 62.8567 60.5729 58.4405 56.4514 54.5979 52.8725 51.2677 49.7766 48.3921 46.324 42.9709 40.1534 37.1753 34.5152 32.1638 29.7805 27.8318 26.406 24.7633 23.2408 22.0277 20.9694 20.0598 19.2351 18.5343 17.8593 17.2539 16.6681 16.183 15.753 15.3417 14.991 14.6505 14.3253 14.0101 13.7025 13.3238 12.947 12.574 12.2047 11.8465 11.5191 11.2007 10.8983 10.6119 10.3478 10.1817 10.0324 9.95217 9.90082 10.0857 10.3357 10.6323 11.058 11.6272 12.3351 13.2714 14.472 15.6669 17.275 19.0883 21.3463 23.4329 25.7397 28.5886 31.6631 34.6287 35.6022 36.6888 37.8955 39.2297 40.6989 42.311 44.074 45.996 48.0856 50.3515 52.8026 55.4481 58.2973 61.3598 64.6455 68.1644 71.9268 
135.794 129.456 123.441 117.736 112.331 107.214 102.373 97.7983 93.4781 89.4023 85.5606 81.9428 78.5391 75.3399 72.3359 69.5178 66.8768 64.4041 62.0913 59.9301 57.9125 56.0307 54.2773 52.6448 51.1261 49.7144 47.6193 44.2394 41.3954 38.3912 35.705 33.328 30.9191 28.9452 27.4944 25.8269 24.28 23.0426 21.9604 21.027 20.1788 19.4548 18.7567 18.1286 17.5202 17.0129 16.5608 16.1277 15.7554 15.3936 15.0472 14.7111 14.3828 13.9836 13.5867 13.1937 12.8046 12.4268 12.0801 11.7425 11.4212 11.1161 10.8335 10.6491 10.4818 10.3836 10.3146 10.482 10.7147 10.9943 11.4031 11.9556 12.647 13.5671 14.7515 15.9305 17.5229 19.3206 21.5633 23.6346 25.9265 28.7605 31.8204 34.7715 35.7307 36.8031 37.9959 39.3163 40.7719 42.3705 44.1201 46.029 48.1057 50.3588 52.7972 55.4302 58.2671 61.3174 64.5911 68.0982 71.8489 
137.906 131.535 125.486 119.749 114.312 109.162 104.289 99.6824 95.3306 91.2234 87.3505 83.7018 80.2675 77.0379 74.0037 71.1557 68.485 65.9829 63.6409 61.4508 59.4045 57.4944 55.7128 54.0524 52.5062 51.0671 48.9448 45.5381 42.6675 39.6369 36.9246 34.5217 32.0873 30.088 28.6121 26.9198 25.3482 24.0865 22.9801 22.0229 21.151 20.4036 19.6824 19.0313 18.4003 17.8705 17.3963 16.9411 16.5471 16.1638 15.7961 15.439 15.0899 14.6701 14.2528 13.8396 13.4306 13.0331 12.6669 12.3101 11.9697 11.6457 11.3445 11.1416 10.9561 10.8399 10.7531 10.9029 11.1182 11.3805 11.7723 12.3079 12.9828 13.8864 15.0545 16.2174 17.794 19.5759 21.8031 23.8591 26.1358 28.9549 31.9999 34.9364 35.8811 36.9393 38.1179 39.4243 40.8662 42.4512 44.1873 46.0829 48.1465 50.3866 52.8122 55.4325 58.2569 61.295 64.5565 68.0516 71.7904 
140.038 133.633 127.552 121.782 116.312 111.13 106.226 101.587 97.2035 93.065 89.161 85.4814 82.0165 78.7565 75.6921 72.8142 70.1139 67.5824 65.2113 62.9924 60.9176 58.9791 57.1694 55.4812 53.9073 52.4409 50.2915 46.858 43.9608 40.9038 38.1654 35.7366 33.2766 31.2519 29.7509 28.0338 26.4376 25.1515 24.0209 23.0399 22.1444 21.3736 20.6291 19.9552 19.3014 18.7492 18.2527 17.7756 17.3598 16.955 16.566 16.1879 15.8178 15.3775 14.9397 14.5064 14.0774 13.6602 13.2744 12.8983 12.5387 12.1959 11.876 11.6547 11.4509 11.3166 11.2119 11.344 11.5418 11.7869 12.1616 12.6804 13.3385 14.2256 15.3774 16.5242 18.0848 19.851 22.0626 24.1032 26.3646 29.1687 32.1988 35.1206 36.0508 37.0946 38.259 39.5514 40.9794 42.5507 44.2733 46.1556 48.2059 50.4329 52.8457 55.4533 58.2651 61.2907 64.54 68.023 71.75 
142.175 135.738 129.624 123.821 118.319 113.105 108.169 103.499 99.0839 94.9142 90.9793 87.2691 83.7737 80.4836 77.3893 74.4818 71.7521 69.1915 66.7915 64.5439 62.4407 60.474 58.6364 56.9205 55.3192 53.8256 51.6494 48.1891 45.2655 42.1823 39.418 36.9635 34.478 32.4281 30.9022 29.1603 27.5396 26.2293 25.0747 24.0699 23.1509 22.3568 21.5893 20.8926 20.2162 19.6416 19.1231 18.624 18.1866 17.7603 17.3502 16.951 16.5602 16.0994 15.6413 15.1878 14.739 14.3021 13.8969 13.5015 13.1229 12.7612 12.4227 12.183 11.961 11.8087 11.6862 11.8007 11.9811 12.2089 12.5666 13.0685 13.71 14.5806 15.7161 16.8468 18.3915 20.142 22.338 24.3632 26.6095 29.3985 32.4138 35.3209 36.2366 37.266 38.4163 39.6947 41.1088 42.6664 44.3755 46.2444 48.2815 50.4956 52.8954 55.4903 58.2895 61.3028 64.5398 68.0107 71.7257 
144.302 137.833 131.687 125.852 120.318 115.073 110.105 105.403 100.958 96.7573 92.792 89.0515 85.5262 82.2064 79.0827 76.1459 73.3872 70.7978 68.3693 66.0934 63.9622 61.9677 60.1026 58.3593 56.7309 55.2105 53.0076 49.521 46.5713 43.4622 40.6723 38.1924 35.6817 33.607 32.0563 30.29 28.6451 27.3108 26.1326 25.1042 24.162 23.3449 22.5546 21.8353 21.1366 20.5399 19.9995 19.4788 19.0199 18.5725 18.1413 17.7214 17.3101 16.8289 16.3507 15.8774 15.4089 14.9525 14.528 14.1136 13.7162 13.3358 12.9789 12.7209 12.4808 12.3108 12.1706 12.2676 12.4308 12.6415 12.9823 13.4676 14.0925 14.9468 16.0662 17.181 18.7099 20.4448 22.6254 24.6354 26.8665 29.6406 32.6412 35.5338 36.4351 37.4502 38.5864 39.8509 41.2513 42.7954 44.4911 46.3467 48.3707 50.5718 52.9588 55.5411 58.3278 61.3287 64.5536 68.0124 71.7156 
146.404 139.902 133.725 127.859 122.294 117.017 112.018 107.286 102.811 98.5802 94.5851 90.8151 87.2604 83.9115 80.7589 77.7934 75.0063 72.3887 69.9322 67.6286 65.4698 63.4481 61.5558 59.7858 58.1308 56.584 54.355 50.8426 47.8672 44.7327 41.9176 39.4128 36.8774 34.7782 33.2033 31.413 29.7443 28.3866 27.185 26.1336 25.1685 24.3288 23.5161 22.7746 22.054 21.4356 20.8737 20.3317 19.8518 19.3835 18.9318 18.4915 18.06 17.5588 17.0608 16.5679 16.0801 15.6046 15.1612 14.728 14.312 13.9134 13.5383 13.2624 13.0046 12.8169 12.6594 12.7393 12.8854 13.0794 13.4036 13.8724 14.4811 15.3194 16.4229 17.5219 19.0353 20.7548 22.9203 24.9152 27.1316 29.891 32.8771 35.7553 36.6424 37.6436 38.7659 40.0167 41.4035 42.9342 44.6167 46.4592 48.4703 50.6586 53.0331 55.6029 58.3773 61.366 64.5789 68.0259 71.7174 
148.462 141.93 135.721 129.825 124.23 118.923 113.895 109.133 104.628 100.368 96.3441 92.5453 88.962 85.5847 82.404 79.4106 76.5958 73.9507 71.4669 69.1363 66.9507 64.9024 62.9838 61.1876 59.5067 57.9343 55.6798 52.1421 49.1417 45.9825 43.1429 40.6138 38.0544 35.9313 34.3328 32.519 30.8272 29.4465 28.2223 27.1483 26.1609 25.2991 24.4646 23.7015 22.9595 22.3199 21.737 21.1744 20.6739 20.1853 19.7134 19.2532 18.802 18.2813 17.7641 17.2521 16.7454 16.2512 15.7893 15.3378 14.9038 14.4872 14.0944 13.801 13.5259 13.3211 13.1466 13.2097 13.3393 13.5169 13.8248 14.2776 14.8705 15.693 16.781 17.8647 19.3629 21.0675 23.218 25.1983 27.4002 30.1452 33.1172 35.9813 36.8546 37.842 38.9508 40.1882 41.5619 43.0794 44.749 46.5788 48.5772 50.753 53.1152 55.6727 58.4351 61.412 64.6131 68.0485 71.7285 
150.461 143.899 137.661 131.735 126.11 120.775 115.718 110.928 106.394 102.106 98.0539 94.2273 90.6165 87.2117 84.0038 80.9834 78.1418 75.4701 72.96 70.6032 68.3917 66.3177 64.3736 62.5522 60.8462 59.2489 56.9699 53.4078 50.3833 47.2001 44.3367 41.7841 39.2014 37.0552 35.4339 33.5975 31.8833 30.4803 29.234 28.1384 27.1294 26.2463 25.3907 24.6067 23.844 23.1839 22.5807 21.9979 21.4776 20.9693 20.4779 19.9984 19.5281 18.9886 18.4527 17.9222 17.3972 16.8849 16.4051 15.9359 15.4844 15.0505 14.6406 14.3302 14.0382 13.8169 13.626 13.6729 13.7864 13.948 14.2403 14.6775 15.255 16.0624 17.1353 18.2042 19.6876 21.3776 23.5138 25.4799 27.6677 30.3989 33.357 36.2076 37.0674 38.0416 39.1373 40.3617 41.7225 43.2273 44.8844 46.7017 48.6879 50.8517 53.2018 55.7476 58.4983 61.4636 64.6533 68.0774 71.7463 
152.383 145.792 139.526 133.573 127.92 122.557 117.472 112.654 108.093 103.779 99.6995 95.8462 92.2089 88.7779 85.5439 82.4976 79.6303 76.9332 74.3978 72.016 69.7796 67.6809 65.7124 63.8667 62.1368 60.5157 58.213 54.6276 51.5798 48.3737 45.4876 42.9124 40.3073 38.139 36.4958 34.6377 32.9019 31.4777 30.2103 29.0938 28.0641 27.1605 26.2846 25.4805 24.698 24.0182 23.3955 22.7935 22.2541 21.7269 21.2168 20.7188 20.2303 19.6726 19.1188 18.5706 18.028 17.4983 17.0013 16.5152 16.0468 15.5962 15.1699 14.8432 14.5351 14.2978 14.0912 14.1224 14.2205 14.3669 14.6441 15.0664 15.6291 16.4219 17.4804 18.5349 20.0043 21.6803 23.8027 25.7551 27.9294 30.6472 33.5922 36.4297 37.2766 38.238 39.3211 40.533 41.8815 43.3742 45.0191 46.8246 48.799 50.9511 53.2898 55.8242 58.5636 61.5178 64.6966 68.1099 71.7681 
154.211 147.594 141.301 135.321 129.642 124.252 119.141 114.297 109.711 105.37 101.266 97.387 93.7246 90.2686 87.0098 83.9391 81.0474 78.326 75.7667 73.361 71.101 68.979 66.9873 65.1185 63.3658 61.7221 59.397 55.7893 52.7196 49.4916 46.5839 43.9873 41.361 39.1717 37.5076 35.6288 33.8727 32.4282 31.1408 30.0044 28.9551 28.032 27.1369 26.3137 25.5122 24.8137 24.1726 23.5522 22.9947 22.4495 21.9217 21.4061 20.9002 20.3253 19.7544 19.1893 18.6301 18.0839 17.5706 17.0682 16.5838 16.1175 15.6755 15.3333 15.0099 14.7575 14.5358 14.5523 14.6357 14.7676 15.0304 15.4385 15.9872 16.766 17.8108 18.8518 20.3077 21.9705 24.0797 26.0191 28.1806 30.8857 33.8181 36.6432 37.4778 38.4271 39.4981 40.6982 42.0349 43.516 45.1495 46.9437 48.9069 51.0479 53.3756 55.8992 58.628 61.5717 64.74 68.143 71.791 
155.93 149.287 142.969 136.963 131.259 125.845 120.709 115.842 111.23 106.866 102.737 98.8351 95.149 91.6696 88.3876 85.2937 82.3791 79.6351 77.0532 74.6252 72.343 70.199 68.1854 66.2951 64.5209 62.856 60.5098 56.8813 53.7908 50.5424 47.6143 44.9976 42.3513 40.1422 38.4586 36.5605 34.7851 33.3216 32.0153 30.8603 29.7925 28.8512 27.9379 27.0968 26.2776 25.5615 24.9029 24.2653 23.6907 23.1287 22.5842 22.0521 21.5298 20.9387 20.3518 19.7709 19.1959 18.6342 18.1056 17.588 17.0886 16.6074 16.1506 15.7939 15.4561 15.1894 14.9536 14.9561 15.0258 15.144 15.3934 15.7881 16.3236 17.0894 18.1213 19.1495 20.5927 22.243 24.3399 26.2671 28.4165 31.1096 34.0302 36.8436 37.6667 38.6046 39.6643 40.8533 42.1789 43.6492 45.2719 47.0554 49.0081 51.1387 53.4561 55.9696 58.6883 61.6221 64.7806 68.1739 71.8124 
157.521 150.855 144.513 138.485 132.758 127.321 122.162 117.272 112.638 108.251 104.101 100.176 96.4682 92.9671 89.6635 86.5482 83.6124 80.8473 78.2445 75.7957 73.493 71.3285 69.2948 67.3844 65.5903 63.9056 61.5399 57.892 54.7823 51.5148 48.5679 45.9325 43.2678 41.0403 39.3385 37.4224 35.6292 34.148 32.8243 31.6519 30.567 29.6087 28.6786 27.8208 26.9851 26.2528 25.578 24.9245 24.334 23.7563 23.1963 22.6489 22.1114 21.5052 20.9035 20.3078 19.7183 19.1422 18.5993 18.0676 17.5542 17.0592 16.5888 16.2185 15.8674 15.5875 15.3386 15.3282 15.385 15.4906 15.7274 16.1098 16.633 17.3867 18.4065 19.4229 20.8545 22.4931 24.5786 26.4944 28.6326 31.3146 34.2243 37.0269 37.8392 38.7665 39.8158 40.9944 42.3098 43.7699 45.3826 47.1562 49.0992 51.2201 53.528 56.032 58.7415 61.666 64.8155 68.1998 71.8294 
158.971 152.283 145.92 139.871 134.122 128.664 123.485 118.574 113.92 109.512 105.341 101.397 97.6689 94.1479 90.8246 87.6898 84.7345 81.9502 79.3282 76.8605 74.5389 72.3558 70.3036 68.3748 66.5626 64.8598 62.4763 58.8106 55.6834 52.3985 49.4344 46.7819 44.1002 41.856 40.1376 38.205 36.3955 34.8981 33.5584 32.3702 31.2696 30.2958 29.3503 28.4773 27.6265 26.8792 26.1897 25.5215 24.9166 24.3246 23.7504 23.189 22.6375 22.0177 21.4023 20.7932 20.1904 19.6011 19.0451 18.5005 17.9744 17.4667 16.9838 16.6012 16.2378 15.9458 15.685 15.6627 15.7078 15.8018 16.0272 16.3982 16.9103 17.6528 18.6618 19.6673 21.0881 22.7162 24.7912 26.6967 28.8245 31.4965 34.3961 37.1888 37.9914 38.909 39.9487 41.1178 42.4239 43.8748 45.4784 47.2429 49.177 51.2891 53.5883 56.0837 58.7847 61.7008 64.8419 68.2181 71.8396 
160.264 153.557 147.175 141.106 135.339 129.862 124.664 119.734 115.061 110.636 106.446 102.484 98.7378 95.199 91.8579 88.7055 85.7328 82.9311 80.292 77.8073 75.4689 73.269 71.2002 69.255 67.4264 65.7076 63.308 59.6265 56.4836 53.1831 50.2035 47.5357 44.8389 42.5797 40.8463 38.899 37.0749 35.5631 34.2091 33.0067 31.892 30.9042 29.945 29.0583 28.194 27.4333 26.7305 26.0492 25.4313 24.8264 24.2394 23.6654 23.1015 22.4693 21.8417 21.2205 20.6057 20.0045 19.4369 18.8807 18.3431 17.8241 17.33 16.9362 16.5619 16.259 15.9875 15.9546 15.9892 16.0728 16.2878 16.6487 17.1507 17.8833 18.8824 19.8782 21.2894 22.908 24.9736 26.8698 28.9885 31.6513 34.542 37.3258 38.1196 39.0285 40.0596 41.2203 42.518 43.9605 45.556 47.3124 49.2385 51.3427 53.6341 56.1218 58.8152 61.7238 64.8575 68.2263 71.8406 
161.383 154.66 148.261 142.175 136.392 130.898 125.684 120.737 116.049 111.607 107.402 103.423 99.6614 96.107 92.7504 89.5826 86.5947 83.7779 81.1238 78.6242 76.2711 74.0566 71.9733 70.0138 68.171 66.438 64.0245 60.3291 57.1724 53.8584 50.8653 48.1842 45.4741 43.2018 41.4555 39.4953 37.6585 36.1341 34.7676 33.5528 32.4259 31.426 30.4547 29.5561 28.68 27.9077 27.1933 26.5005 25.8713 25.2551 24.657 24.0718 23.497 22.8539 22.2156 21.5838 20.9585 20.347 19.769 19.2027 18.655 18.126 17.6221 17.2186 16.8346 16.5222 16.2412 16.199 16.2244 16.2989 16.5049 16.8568 17.35 18.0739 19.0644 20.0517 21.4545 23.0647 25.122 27.0101 29.1207 31.7756 34.6584 37.4344 38.2205 39.1218 40.1454 41.2987 42.589 44.0244 45.6126 47.362 49.281 51.3784 53.663 56.1439 58.8306 61.7326 64.8598 68.2223 71.8302 
162.317 155.579 149.166 143.067 137.269 131.761 126.533 121.573 116.87 112.415 108.196 104.204 100.429 96.8618 93.4922 90.3114 87.3106 84.4811 81.8143 79.3021 76.9365 74.7097 72.6141 70.6425 68.7876 67.0427 64.6173 60.9102 57.742 54.4164 51.4119 48.7195 45.9982 43.7148 41.9575 39.9865 38.1389 36.6038 35.2267 34.0014 32.8642 31.854 30.8725 29.9639 29.0778 28.2956 27.5715 26.869 26.2302 25.6045 24.997 24.4026 23.8185 23.1663 22.5189 21.878 21.2438 20.6234 20.0367 19.4617 18.9054 18.368 17.8556 17.4438 17.0516 16.7311 16.4421 16.3919 16.4094 16.4762 16.6745 17.0189 17.5045 18.221 19.2042 20.1842 21.5798 23.1829 25.2332 27.1144 29.2182 31.8663 34.7424 37.5118 38.2914 39.1862 40.2035 41.3504 42.6345 44.0637 45.6459 47.3893 49.3024 51.3939 53.6727 56.1479 58.829 61.7254 64.8471 68.2042 71.8067 
163.055 156.306 149.881 143.77 137.961 132.442 127.203 122.231 117.518 113.051 108.822 104.819 101.033 97.4551 94.0749 90.8837 87.8724 85.0325 82.3555 79.8332 77.4575 75.2207 73.1152 71.1337 69.2691 67.5146 65.0796 61.363 58.1854 54.8505 51.8367 49.1352 46.4048 44.1125 42.3463 40.3664 38.51 36.9663 35.5806 34.3469 33.2012 32.1827 31.193 30.2762 29.3821 28.5918 27.8598 27.1495 26.5029 25.8695 25.2544 24.6524 24.0609 23.4013 22.7465 22.0985 21.4571 20.8296 20.2357 19.6537 19.0904 18.546 18.0268 17.6082 17.2093 16.8822 16.5866 16.5299 16.541 16.6014 16.7935 17.1317 17.6112 18.3216 19.2988 20.2728 21.6626 23.26 25.3046 27.1801 29.2783 31.9209 34.7915 37.5556 38.3298 39.2194 40.2315 41.3733 42.6524 44.0766 45.6538 47.3923 49.3006 51.3874 53.6615 56.1321 58.8086 61.7005 64.8178 68.1704 71.7687 
163.589 156.831 150.398 144.278 138.46 132.933 127.685 122.706 117.984 113.509 109.271 105.26 101.467 97.8802 94.492 91.2929 88.2738 85.4261 82.7414 80.2113 77.828 75.5837 73.4707 71.4818 69.6099 67.848 65.4058 61.6821 58.4973 55.1554 52.1347 49.4261 46.689 44.3898 42.6169 40.6303 38.7674 37.2171 35.8249 34.5848 33.4327 32.4079 31.412 30.489 29.5887 28.7924 28.0543 27.338 26.6855 26.0464 25.4255 24.8178 24.2205 23.5553 22.8951 22.2415 21.5946 20.9617 20.3626 19.7753 19.2068 18.6572 18.1327 17.709 17.3049 16.9726 16.672 16.6104 16.6166 16.6721 16.8594 17.1928 17.6676 18.3734 19.346 20.3155 21.7008 23.2937 25.334 27.2051 29.2991 31.9375 34.804 37.5639 38.3341 39.2197 40.2278 41.3657 42.641 44.0614 45.6349 47.3697 49.2743 51.3575 53.628 56.0951 58.7682 61.6567 64.7706 68.12 71.715 
163.908 157.144 150.705 144.58 138.757 133.224 127.971 122.986 118.259 113.779 109.536 105.52 101.721 98.1295 94.7364 91.5322 88.5083 85.6557 82.9662 80.4315 78.0435 75.7945 73.6769 71.6827 69.8058 68.0391 65.5921 61.8636 58.674 55.3274 52.302 49.5889 46.8471 44.5434 42.7659 40.7749 38.9075 37.3529 35.9563 34.7119 33.5555 32.5265 31.5263 30.5992 29.6948 28.8944 28.1523 27.432 26.7755 26.1324 25.5076 24.8961 24.295 23.626 22.962 22.3047 21.6542 21.0177 20.4149 19.824 19.252 18.6989 18.171 17.7438 17.3363 17.0006 16.6965 16.6315 16.6342 16.6864 16.8704 17.2005 17.6721 18.3747 19.3442 20.3106 21.6928 23.2827 25.32 27.1882 29.2793 31.9148 34.7785 37.5356 38.3031 39.186 40.1914 41.3267 42.5993 44.0171 45.5881 47.3204 49.2226 51.3033 53.5715 56.0363 58.707 61.5933 64.705 68.0521 71.6449 
164.014 157.247 150.806 144.678 138.852 133.316 128.061 123.073 118.343 113.861 109.615 105.597 101.795 98.2014 94.8057 91.5991 88.5726 85.7176 83.0256 80.4884 78.098 75.8466 73.7267 71.7308 69.852 68.0834 65.6345 61.9041 58.7127 55.3644 52.337 49.6213 46.8772 44.5731 42.7915 40.7983 38.9287 37.3718 35.9731 34.7265 33.568 32.5368 31.5345 30.6053 29.6988 28.8963 28.1522 27.4299 26.7713 26.1262 25.4995 24.8859 24.2829 23.612 22.9461 22.2869 21.6345 20.9961 20.3915 19.7988 19.225 18.6701 18.1404 17.7114 17.3022 16.9647 16.659 16.5921 16.5931 16.6435 16.8257 17.1541 17.6239 18.3248 19.2926 20.2574 21.638 23.2263 25.262 27.1287 29.2182 31.8522 34.7144 37.4701 38.2361 39.1176 40.1216 41.2555 42.5269 43.9434 45.513 47.2441 49.1451 51.2246 53.4916 55.9552 58.6247 61.5099 64.6205 67.9665 71.5583 
163.907 157.14 150.699 144.571 138.745 133.21 127.955 122.967 118.238 113.756 109.51 105.492 101.691 98.0971 94.7016 91.4952 88.4689 85.6141 82.9223 80.3853 77.9951 75.7438 73.624 71.6283 69.7496 67.9811 65.5323 61.802 58.6107 55.2624 52.2353 49.5204 46.777 44.4716 42.6925 40.6999 38.8305 37.2736 35.8749 34.6282 33.4697 32.4385 31.4362 30.5069 29.6004 28.7979 28.0537 27.3313 26.6728 26.0276 25.4008 24.7872 24.1841 23.5132 22.8471 22.1879 21.5354 20.8969 20.2922 19.6994 19.1255 18.5706 18.0408 17.6117 17.2024 16.8649 16.559 16.4921 16.493 16.5432 16.7252 17.0533 17.523 18.2237 19.1912 20.1558 21.5363 23.1244 25.1599 27.0264 29.1158 31.7498 34.6118 37.3674 38.1333 39.0147 40.0187 41.1525 42.4238 43.8402 45.4099 47.1409 49.0419 51.1214 53.3884 55.852 58.5216 61.4068 64.5174 67.8635 71.4553 
163.592 156.828 150.39 144.265 138.442 132.91 127.657 122.672 117.946 113.466 109.223 105.208 101.409 97.8185 94.4258 91.2222 88.1987 85.3468 82.6578 80.1235 77.736 75.4874 73.3703 71.3773 69.5012 67.7353 65.289 61.5613 58.3725 55.0266 52.0019 49.2895 46.5484 44.2454 42.4686 40.4783 38.6115 37.0575 35.6616 34.4178 33.2621 32.2327 31.2325 30.3053 29.4007 28.6002 27.8579 27.1375 26.4808 25.8376 25.2126 24.6008 23.9996 23.3304 22.6661 22.0086 21.3578 20.7211 20.1181 19.5269 18.9546 18.4013 17.8731 17.4456 17.0379 16.7019 16.3975 16.3321 16.3345 16.3862 16.5696 16.8991 17.37 18.072 19.0408 20.0067 21.3884 22.9778 25.0146 26.8824 28.973 31.6082 34.4714 37.2283 37.9954 38.878 39.8832 41.0183 42.2908 43.7084 45.2793 47.0115 48.9137 50.9944 53.2626 55.7274 58.3982 61.2846 64.3964 67.7437 71.3367 
163.075 156.317 149.884 143.765 137.947 132.42 127.173 122.194 117.472 112.998 108.761 104.75 100.957 97.3714 93.9838 90.7853 87.7669 84.9199 82.2359 79.7067 77.3243 75.0808 72.9688 70.9808 69.1098 67.3489 64.9076 61.1847 58.0008 54.6597 51.6398 48.932 46.1956 43.8971 42.1249 40.1391 38.2768 36.7272 35.3356 34.0961 32.9446 31.9203 30.925 30.0026 29.1021 28.3055 27.5672 26.8506 26.1978 25.5583 24.937 24.329 23.7314 23.0658 22.4051 21.7511 21.1038 20.4705 19.8709 19.2831 18.7142 18.1641 17.6392 17.215 16.8104 16.4775 16.1763 16.1139 16.1193 16.174 16.3604 16.6928 17.1666 17.8714 18.8429 19.8115 21.1959 22.788 24.8274 26.6978 28.7911 31.4288 34.2947 37.0541 37.8238 38.7089 39.7166 40.8542 42.1291 43.5492 45.1225 46.8572 48.7618 50.8449 53.1154 55.5826 58.2558 61.1445 64.2586 67.6082 71.2035 
162.361 155.611 149.187 143.076 137.266 131.748 126.508 121.537 116.824 112.357 108.128 104.125 100.34 96.7616 93.3817 90.1907 87.1798 84.3403 81.6637 79.1418 76.7666 74.5303 72.4254 70.4446 68.5807 66.8269 64.3927 60.677 57.5002 54.1662 51.1532 48.4524 45.7228 43.4312 41.6656 39.6864 37.8307 36.2875 34.9024 33.6692 32.524 31.506 30.5167 29.6004 28.7066 27.9168 27.1849 26.4741 25.827 25.1931 24.5775 23.9749 23.3828 22.7226 22.0672 21.4185 20.7764 20.1482 19.5537 18.971 18.407 17.8619 17.3418 16.9224 16.5226 16.1945 15.8979 15.8401 15.8501 15.9093 16.1001 16.437 16.9151 17.6242 18.5999 19.5726 20.9611 22.5572 24.6006 26.475 28.5722 31.2139 34.0836 36.8469 37.6204 38.5093 39.5208 40.6621 41.9407 43.3645 44.9414 46.6797 48.5879 50.6745 52.9486 55.4193 58.0959 60.9881 64.1056 67.4586 71.0573 
161.458 154.719 148.306 142.205 136.407 130.899 125.67 120.71 116.007 111.551 107.332 103.339 99.5641 95.9962 92.6263 89.4453 86.4442 83.6145 80.9477 78.4354 76.0698 73.843 71.7475 69.776 67.9214 66.1768 63.7517 60.045 56.8772 53.5522 50.5483 47.8565 45.1359 42.8531 41.0963 39.1258 37.2787 35.744 34.3673 33.1424 32.0055 30.9956 30.0144 29.106 28.2202 27.4381 26.7141 26.0118 25.373 24.7466 24.1383 23.543 22.958 22.3049 21.6566 21.0149 20.3796 19.7583 19.1705 18.5944 18.037 17.4984 16.9847 16.5717 16.1782 15.8562 15.5658 15.5141 15.5301 15.5953 15.792 16.1347 16.6186 17.3333 18.3146 19.2928 20.6867 22.2882 24.337 26.2167 28.3191 30.966 33.8409 36.6092 37.3878 38.2818 39.2982 40.4444 41.728 43.1566 44.7383 46.4814 48.3942 50.4856 52.7643 55.2396 57.9207 60.8174 63.9395 67.2969 70.9 
160.376 153.651 147.251 141.164 135.379 129.884 124.668 119.721 115.031 110.588 106.381 102.402 98.6389 95.0835 91.7259 88.5573 85.5684 82.7508 80.0959 77.5956 75.2418 73.0267 70.9428 68.9828 67.1396 65.4062 62.9924 59.2968 56.14 52.8259 49.8328 47.1518 44.4419 42.1699 40.4239 38.464 36.6274 35.1032 33.7368 32.5221 31.3953 30.3954 29.4241 28.5255 27.6493 26.8769 26.1624 25.4694 24.8399 24.2235 23.6249 23.0386 22.4625 21.8181 21.1784 20.5452 19.9185 19.3054 18.7259 18.158 17.6087 17.0781 16.5724 16.1672 15.7814 15.4671 15.1843 15.1401 15.1635 15.236 15.44 15.7898 16.2808 17.0025 17.9908 18.9758 20.3764 21.9846 24.04 25.9262 28.0351 30.6884 33.5697 36.3443 37.1292 38.0293 39.0519 40.2042 41.4937 42.9283 44.516 46.2649 48.1835 50.2806 52.5651 55.046 57.7327 60.635 63.7625 67.1253 70.7338 
159.127 152.418 146.033 139.962 134.193 128.713 123.513 118.581 113.906 109.478 105.287 101.322 97.5743 94.0336 90.6906 87.5364 84.562 81.7586 79.1179 76.6316 74.2917 72.0904 70.0202 68.0737 66.2439 64.524 62.1234 58.4409 55.297 51.9958 49.0155 46.3471 43.6497 41.3901 39.6564 37.7089 35.8846 34.3727 33.0184 31.8157 30.7008 29.7126 28.7529 27.8658 27.001 26.2398 25.5365 24.8545 24.2359 23.6303 23.0426 22.4678 21.9021 21.2681 20.6385 20.0154 19.3986 18.7954 18.2257 17.6674 17.1276 16.6064 16.11 15.714 15.3374 15.0321 14.7582 14.7228 14.755 14.8361 15.0486 15.4069 15.9062 16.6362 17.6326 18.6257 20.0343 21.6503 23.7135 25.6075 27.7241 30.385 33.2737 36.0558 36.848 37.7555 38.7853 39.9447 41.2414 42.683 44.2776 46.0334 47.9589 50.0627 52.3539 54.8414 57.5348 60.4435 63.5775 66.9467 70.5615 
157.722 151.031 144.665 138.612 132.861 127.4 122.217 117.302 112.645 108.234 104.06 100.113 96.3817 92.8578 89.5315 86.3939 83.4358 80.6487 78.0242 75.5539 73.2299 71.0444 68.9898 67.0589 65.2444 63.5397 61.1542 57.4866 54.3577 51.0711 48.1054 45.4514 42.7684 40.5229 38.8033 36.8697 35.0592 33.5611 32.2206 31.0316 29.9301 28.9553 28.0089 27.1349 26.283 25.5346 24.8439 24.1745 23.5684 22.9751 22.3995 21.8367 21.2838 20.6616 20.0456 19.432 18.8265 18.2346 17.6759 17.1287 16.5997 16.0893 15.6035 15.218 14.8518 14.5568 14.293 14.2678 14.3098 14.4008 14.623 14.9909 15.4998 16.2392 17.245 18.2472 19.6649 21.29 23.3621 25.2649 27.3902 30.0598 32.9572 35.7477 36.5484 37.4641 38.5022 39.6698 40.9746 42.4242 44.0267 45.7904 47.7237 49.8353 52.134 54.6291 57.33 60.2461 63.3874 66.7639 70.386 
156.174 149.505 143.16 137.128 131.397 125.956 120.793 115.898 111.261 106.869 102.714 98.7858 95.0737 91.5685 88.2609 85.1417 82.202 79.4331 76.8265 74.3741 72.0679 69.8999 67.8628 65.9492 64.1519 62.4641 60.0955 56.4446 53.3322 50.0621 47.1126 44.4747 41.8076 39.578 37.874 35.956 34.1609 32.678 31.3526 30.1787 29.0923 28.1324 27.2007 26.3412 25.5038 24.7696 24.093 23.4376 22.8452 22.2656 21.7035 21.1541 20.6144 20.0062 19.401 18.8021 18.2093 17.6299 17.0836 16.5485 16.0317 15.5332 15.0592 14.6855 14.3308 14.0472 13.7948 13.7807 13.8339 13.9358 14.1689 14.5475 15.067 15.8169 16.833 17.8455 19.2734 20.9085 22.9906 24.9033 27.0383 29.7176 32.6245 35.4246 36.2346 37.1596 38.2069 39.3836 40.6974 42.1559 43.7673 45.5398 47.4817 49.6018 51.9091 54.4126 57.1218 60.0462 63.1956 66.5802 70.2102 
154.502 147.855 141.532 135.523 129.814 124.396 119.255 114.382 109.766 105.397 101.263 97.3551 93.6637 90.1791 86.8919 83.7929 80.8732 78.1242 75.5374 73.1046 70.8178 68.6691 66.6511 64.7564 62.9779 61.3087 58.9585 55.326 52.2317 48.9795 46.0478 43.4276 40.778 38.5657 36.8789 34.9778 33.1996 31.7333 30.4245 29.267 28.1969 27.2532 26.3376 25.494 24.6723 23.9537 23.2925 22.6523 22.075 21.5102 20.9629 20.4281 19.9029 19.3089 18.7191 18.1334 17.5544 16.9886 16.4558 15.9341 15.4304 14.945 14.484 14.123 13.781 13.5099 13.2699 13.268 13.3333 13.4471 13.6921 14.0824 14.6135 15.3748 16.4023 17.426 18.865 20.5111 22.6041 24.5276 26.6733 29.3631 32.2805 35.091 35.9112 36.8465 37.9038 39.0904 40.4141 41.8824 43.5034 45.2854 47.2368 49.3663 51.6828 54.1955 56.9138 59.8472 63.0055 66.3989 70.0376 
152.72 146.098 139.8 133.815 128.13 122.735 117.619 112.769 108.177 103.83 99.7197 95.8348 92.1659 88.7035 85.4382 82.361 79.463 76.7355 74.1701 71.7584 69.4925 67.3646 65.3672 63.4929 61.7346 60.0856 57.7553 54.1424 51.0677 47.8349 44.9224 42.3212 39.6904 37.4968 35.8285 33.9457 32.1857 30.7374 29.4464 28.3065 27.2539 26.3277 25.4293 24.6028 23.7979 23.0961 22.4514 21.8276 21.2665 20.7177 20.1863 19.6671 19.1574 18.5788 18.0037 17.4338 16.8696 16.3184 15.8001 15.2928 14.8034 14.332 13.8849 13.5376 13.2092 12.9516 12.7248 12.7361 12.8144 12.9411 13.1988 13.6017 14.1453 14.9189 15.9585 16.9944 18.4453 20.1033 22.208 24.1431 26.3004 29.0016 31.9303 34.7518 35.5831 36.5293 37.5974 38.7948 40.129 41.6079 43.2393 45.0316 46.9931 49.1327 51.4592 53.9817 56.7097 59.6528 62.8207 66.2235 69.8714 
150.847 144.251 137.979 132.02 126.361 120.991 115.9 111.076 106.508 102.186 98.0999 94.2394 90.5946 87.156 83.9142 80.8603 77.9853 75.2807 72.7379 70.3487 68.1051 65.9994 64.0239 62.1714 60.4347 58.807 56.4979 52.9061 49.8521 46.6399 43.7479 41.1669 38.5562 36.3825 34.7339 32.8706 31.1298 29.7007 28.4287 27.3076 26.2736 25.3658 24.4857 23.6773 22.8904 22.2063 21.5792 20.9727 20.4288 19.8971 19.3824 18.8799 18.3867 17.8244 17.2659 16.7114 16.1629 15.6273 15.1244 14.6323 14.158 13.7015 13.2691 12.9365 12.6224 12.3791 12.1665 12.1917 12.2838 12.4242 12.6954 13.1117 13.6684 14.4551 15.5077 16.5563 18.0201 19.6907 21.8079 23.7553 25.9248 28.6381 31.5787 34.4122 35.2552 36.213 37.2926 38.5014 39.8468 41.3368 42.9792 44.7824 46.7548 48.905 51.242 53.775 56.5134 59.4667 62.6447 66.0574 69.715 
148.9 142.332 136.087 130.155 124.523 119.18 114.115 109.317 104.775 100.48 96.4191 92.584 88.9646 85.5511 82.3342 79.3048 76.4542 73.7736 71.2547 68.8893 66.6692 64.5867 62.6344 60.8047 59.0908 57.4856 55.1988 51.6291 48.597 45.4066 42.536 39.9764 37.3868 35.234 33.6061 31.7634 30.043 28.634 27.3819 26.2806 25.2661 24.3777 23.5168 22.7274 21.9593 21.2938 20.6852 20.0969 19.571 19.0571 18.5602 18.0751 17.5992 17.0539 16.5117 15.9743 15.4424 14.9232 14.4365 13.9603 13.5018 13.061 12.6441 12.3267 12.0278 11.7995 11.6016 11.6416 11.7481 11.9028 12.1882 12.6185 13.1891 13.9895 15.0556 16.1178 17.5949 19.2788 21.4091 23.3695 25.5519 28.2779 31.2311 34.077 34.9323 35.9024 36.994 38.2146 39.5719 41.0736 42.7276 44.5422 46.5258 48.6873 51.0354 53.5793 56.3285 59.2925 62.481 65.904 69.5718 
146.897 140.357 134.141 128.236 122.632 117.317 112.28 107.51 102.995 98.7262 94.6926 90.8841 87.2909 83.9036 80.7126 77.7089 74.8836 72.2282 69.7343 67.3935 65.198 63.1398 61.2116 59.4059 57.7156 56.1339 53.8703 50.3237 47.3145 44.1467 41.2986 38.7612 36.1936 34.0626 32.4563 30.635 28.9358 27.5478 26.3165 25.2358 24.2417 23.3735 22.5326 21.763 21.0144 20.3682 19.7787 19.2094 18.7023 18.2069 17.7283 17.2614 16.8034 16.2761 15.7508 15.2309 14.7161 14.2138 13.7439 13.2844 12.8423 12.4177 12.0169 11.7154 11.4323 11.2195 11.037 11.0922 11.2138 11.3834 11.6834 12.1283 12.7133 13.528 14.6083 15.6846 17.1756 18.8733 21.0172 22.9912 25.1869 27.9261 30.8924 33.7512 34.6193 35.6019 36.7061 37.9392 39.3088 40.8225 42.4885 44.315 46.3104 48.4834 50.843 53.3984 56.1588 59.1337 62.333 65.7667 69.445 
144.855 138.344 132.157 126.281 120.706 115.42 110.411 105.669 101.183 96.9415 92.9354 89.1543 85.5884 82.228 79.0638 76.0866 73.2875 70.6582 68.19 65.8749 63.7047 61.6717 59.7684 57.9874 56.3216 54.7642 52.5247 49.0019 46.0164 42.872 40.0471 37.5327 34.9879 32.8794 31.2955 29.4963 27.819 26.4527 25.2429 24.1834 23.2104 22.363 21.5427 20.7934 20.065 19.4388 18.869 18.3192 17.8314 17.3551 16.8954 16.4472 16.0077 15.4985 14.9909 14.4888 13.9917 13.507 13.0544 12.612 12.1868 11.779 11.3947 11.1096 10.8426 10.6459 10.4793 10.5501 10.6872 10.8721 11.1873 11.6471 12.2469 13.0764 14.1714 15.2622 16.7677 18.4795 20.6375 22.6254 24.8348 27.5876 30.5674 33.4395 34.3209 35.3165 36.4336 37.6795 39.0616 40.5878 42.2662 44.1048 46.1123 48.2973 50.6687 53.2357 56.0075 58.9937 62.204 65.6486 69.3376 
142.789 136.308 130.151 124.306 118.76 113.503 108.524 103.81 99.3526 95.14 91.1623 87.4093 83.8712 80.5384 77.4016 74.4515 71.6794 69.0768 66.6351 64.3462 62.2021 60.1949 58.3172 56.5616 54.921 53.3885 51.1737 47.6754 44.7141 41.5937 38.7927 36.3018 33.7804 31.695 30.134 28.3575 26.7027 25.3587 24.1709 23.1333 22.1819 21.3558 20.5564 19.828 19.1202 18.5144 17.9648 17.4349 16.9668 16.5101 16.0697 15.6406 15.22 14.7296 14.2396 13.7558 13.2768 12.8099 12.375 11.9501 11.5422 11.1515 10.7842 10.5158 10.2654 10.085 9.93457 10.0214 10.1743 10.3749 10.7056 11.1807 11.7958 12.6404 13.7505 14.8561 16.3762 18.1026 20.275 22.2771 24.5006 27.2673 30.2609 33.1466 34.0414 35.0504 36.1806 37.4395 38.8345 40.3735 42.0644 43.9155 45.9353 48.1325 50.5159 53.0946 55.878 58.8755 62.0971 65.5527 69.2528 
140.716 134.266 128.14 122.324 116.809 111.582 106.632 101.948 97.5196 93.336 89.387 85.6626 82.1528 78.8481 75.7392 72.8168 70.0721 67.4967 65.0821 62.82 60.7024 58.7216 56.87 55.1403 53.5253 52.0182 49.8286 46.3553 43.4187 40.3228 37.546 35.0792 32.5815 30.5198 28.9821 27.2287 25.5968 24.2754 23.1101 22.0946 21.1652 20.3607 19.5827 18.8755 18.1886 17.6034 17.0743 16.5647 16.1167 15.6798 15.259 14.8493 14.4469 13.9742 13.5042 13.039 12.5783 12.1296 11.7127 11.3055 10.9152 10.5419 10.1917 9.94032 9.70671 9.54292 9.4089 9.51194 9.68093 9.89737 10.2438 10.7345 11.3652 12.2252 13.3505 14.4713 16.0063 17.7475 19.9344 21.9509 24.1887 26.9696 29.977 32.8766 33.785 34.8075 35.9511 37.2231 38.6312 40.183 41.8867 43.7504 45.7827 47.9922 50.3876 52.9781 55.7731 58.7821 62.015 65.4819 69.193 
138.651 132.232 126.136 120.352 114.867 109.67 104.75 100.096 95.6969 91.5426 87.6228 83.9272 80.4461 77.1698 74.089 71.1946 68.4778 65.93 63.5428 61.3079 59.2172 57.2631 55.438 53.7344 52.1454 50.6641 48.5 45.0519 42.1404 39.0693 36.317 33.8746 31.401 29.3631 27.8491 26.1191 24.5103 23.2119 22.0693 21.0763 20.1689 19.3862 18.6298 17.9438 17.2781 16.7138 16.2054 15.7162 15.2884 14.8716 14.4709 14.0795 13.6962 13.2426 12.7916 12.3451 11.9029 11.4726 11.0737 10.6844 10.3119 9.956 9.62316 9.3889 9.17221 9.02516 8.90769 9.02709 9.21225 9.4447 9.80703 10.3137 10.9601 11.8357 12.9764 14.1123 15.6624 17.4184 19.6201 21.6511 23.9033 26.6984 29.7199 32.6333 33.5555 34.5915 35.7485 37.0339 38.455 40.0199 41.7364 43.6128 45.6575 47.8791 50.2865 52.8888 55.6955 58.716 61.9603 65.4384 69.1606 
136.607 130.219 124.154 118.401 112.946 107.78 102.89 98.266 93.8969 89.7722 85.8816 82.2151 78.7628 75.5151 72.4627 69.5965 66.9078 64.3879 62.0282 59.8207 57.7572 55.83 54.0315 52.3543 50.7915 49.3361 47.1977 43.7751 40.8888 37.8426 35.1151 32.6971 30.2478 28.2339 26.7437 25.0373 23.4518 22.1764 21.0566 20.086 19.2007 18.4399 17.7052 17.0406 16.3961 15.8528 15.3651 14.8964 14.4889 14.0924 13.71 13.3382 12.9743 12.5399 12.1079 11.6801 11.2566 10.8445 10.4638 10.0925 9.7377 9.39938 9.08389 8.86679 8.66706 8.53678 8.43588 8.57167 8.77304 9.02169 9.40015 9.92278 10.5849 11.4761 12.6322 13.7834 15.3485 17.1195 19.3359 21.3814 23.648 26.4573 29.4929 32.4202 33.3561 34.4057 35.5762 36.8748 38.3091 39.8868 41.6161 43.5051 45.5621 47.7958 50.2151 52.8292 55.6474 58.6794 61.9351 65.4244 69.1576 
134.597 128.24 122.207 116.484 111.06 105.924 101.065 96.4704 92.1311 88.0359 84.1746 80.5372 77.1137 73.8946 70.8707 68.033 65.3724 62.8804 60.5485 58.3684 56.3321 54.4318 52.66 51.0094 49.4728 48.0433 45.9307 42.5335 39.6725 36.6514 33.9486 31.5551 29.1301 27.1403 25.6738 23.991 22.4288 21.1765 20.0793 19.131 18.2678 17.5288 16.8157 16.1725 15.5491 15.0268 14.5597 14.1116 13.7243 13.3463 12.9837 12.6315 12.287 11.8717 11.4586 11.0496 10.6445 10.2508 9.8882 9.5348 9.19765 8.87683 8.57863 8.37862 8.19579 8.08222 7.99783 8.14998 8.36773 8.63264 9.02719 9.56572 10.2436 11.1503 12.3218 13.4882 15.0683 16.854 19.0851 21.1452 23.426 26.2495 29.2991 32.2402 33.1898 34.2529 35.4367 36.7484 38.1957 39.7864 41.5283 43.4295 45.4986 47.7443 50.1754 52.8011 55.6309 58.6743 61.9411 65.4415 69.1856 
132.631 126.306 120.304 114.612 109.219 104.113 99.2834 94.7192 90.4096 86.3438 82.5117 78.9033 75.5085 72.3181 69.3228 66.5134 63.881 61.4168 59.1125 56.9599 54.9506 53.0772 51.3321 49.7078 48.1974 46.7939 44.7069 41.3358 38.4992 35.5031 32.825 30.4559 28.0551 26.0892 24.6465 22.9871 21.4481 20.2185 19.1437 18.2175 17.3763 16.659 15.9673 15.3454 14.743 14.2414 13.7949 13.3668 12.9984 12.6402 12.2972 11.9645 11.6392 11.2429 10.8486 10.4581 10.0715 9.6959 9.35123 9.01558 8.69598 8.3925 8.11145 7.92838 7.76231 7.66529 7.59735 7.76598 8.00006 8.2811 8.69159 9.24588 9.93931 10.8615 12.0481 13.2295 14.8245 16.625 18.8705 20.9449 23.24 26.0774 29.1408 32.0957 33.0587 34.1352 35.3322 36.6569 38.1171 39.7202 41.4744 43.3877 45.4687 47.7262 50.1689 52.8062 55.6472 58.7018 61.9797 65.491 69.2459 
130.721 124.427 118.455 112.794 107.431 102.356 97.556 93.0215 88.7413 84.7048 80.9017 77.3219 73.956 70.7943 67.8273 65.0461 62.4416 60.0052 57.7283 55.6027 53.6205 51.7738 50.0551 48.4571 46.9726 45.5948 43.5333 40.1867 37.3758 34.4043 31.7507 29.4059 27.0291 25.087 23.6677 22.0314 20.5151 19.3079 18.2552 17.351 16.5314 15.8356 15.1652 14.5643 13.9826 13.5016 13.0747 12.6656 12.317 11.9785 11.655 11.3414 11.0351 10.6576 10.2819 9.90975 9.54121 9.18357 8.85663 8.5385 8.23621 7.94985 7.68572 7.51937 7.36983 7.28932 7.23788 7.42281 7.67299 7.96995 8.39618 8.96601 9.6748 10.6121 11.8138 13.01 14.6197 16.4346 18.6944 20.7829 23.0919 25.9432 29.0202 31.9885 32.9648 34.0544 35.2643 36.6018 38.0743 39.6896 41.4558 43.381 45.4737 47.7427 50.1968 52.8453 55.6975 58.7631 62.0518 65.5737 69.3392 
128.875 122.611 116.67 111.039 105.706 100.66 95.8903 91.3852 87.134 83.1264 79.352 75.8011 72.4637 69.3304 66.3916 63.6382 61.0613 58.6523 56.4025 54.3039 52.3483 50.528 48.8355 47.2633 45.8045 44.4521 42.4157 39.0941 36.3078 33.3608 30.7313 28.4105 26.0573 24.1386 22.7423 21.1285 19.6345 18.4493 17.4185 16.5359 15.7377 15.063 14.4135 13.8333 13.2721 12.8099 12.4024 12.0132 11.6841 11.3649 11.0605 10.7658 10.4782 10.1191 9.76167 9.40758 9.05687 8.71686 8.40734 8.10643 7.82116 7.55161 7.3041 7.15423 7.0212 6.9571 6.92186 7.12281 7.38882 7.70142 8.14309 8.72819 9.45204 10.4043 11.6206 12.8314 14.4554 16.2845 18.5584 20.6607 22.9834 25.8481 28.9384 31.9199 32.9092 34.0116 35.234 36.5837 38.0683 39.6955 41.4733 43.4101 45.5143 47.7945 50.2598 52.9192 55.7823 58.8585 62.1577 65.69 69.4657 
127.1 120.866 114.955 109.354 104.05 99.0339 94.293 89.8168 85.5943 81.6153 77.8697 74.3472 71.038 67.9326 65.0215 62.2956 59.746 57.3639 55.1409 53.0688 51.1394 49.3451 47.6783 46.1317 44.6981 43.3707 41.3591 38.0622 35.3 32.3769 29.7713 27.4739 25.1439 23.2478 21.8739 20.2822 18.8101 17.6466 16.6372 15.7758 14.9985 14.3446 13.7155 13.1556 12.6124 12.1701 11.7823 11.4124 11.1025 10.8022 10.5165 10.2403 9.97098 9.63005 9.29045 8.95403 8.62078 8.29802 8.00555 7.72149 7.45287 7.19978 6.96869 6.83526 6.71847 6.67042 6.65104 6.86765 7.14913 7.47701 7.93378 8.53379 9.27237 10.2391 11.4699 12.6948 14.3328 16.1757 18.4633 20.5791 22.9151 25.793 28.8963 31.8905 32.8925 34.0071 35.2415 36.6031 38.0994 39.7381 41.5273 43.4753 45.5906 47.8818 50.3578 53.0279 55.9015 58.988 62.2975 65.8399 69.6255 
125.401 119.198 113.316 107.744 102.469 97.4819 92.7696 88.3219 84.128 80.1775 76.46 72.9654 69.684 66.606 63.7221 61.0233 58.5003 56.1447 53.9479 51.9018 49.9982 48.2294 46.5878 45.0662 43.6573 42.3544 40.3671 37.094 34.3558 31.4563 28.8738 26.5992 24.2916 22.4176 21.0655 19.4955 18.0447 16.9024 15.914 15.0733 14.3165 13.6828 13.0738 12.5309 12.008 11.5851 11.2163 10.8653 10.5742 10.2924 10.025 9.76683 9.51535 9.19206 8.8699 8.55071 8.23449 7.92855 7.6527 7.38507 7.13274 6.89599 6.68112 6.56371 6.46276 6.43035 6.42641 6.65827 6.95481 7.29757 7.76903 8.38354 9.13646 10.1174 11.3621 12.6008 14.2524 16.1088 18.4096 20.5385 22.8874 25.778 28.8939 31.9005 32.9144 34.0408 35.2868 36.6599 38.1675 39.8174 41.6176 43.5765 45.7025 48.0042 50.4907 53.1711 56.0547 59.1513 62.4706 66.0226 69.8178 
123.785 117.61 111.757 106.214 100.968 96.0087 91.3249 86.9054 82.7396 78.8169 75.127 71.6598 68.4054 65.3543 62.4971 59.8246 57.3278 54.9981 52.827 50.8062 48.9278 47.1839 45.567 44.0698 42.6851 41.4062 39.4425 36.1929 33.4779 30.6011 28.0409 25.7883 23.5024 21.65 20.3192 18.7703 17.3404 16.2187 15.2506 14.4301 13.6933 13.0769 12.4861 11.964 11.4602 11.056 10.7059 10.3734 10.1004 9.8366 9.58694 9.34638 9.11225 8.80611 8.5009 8.19845 7.89877 7.60918 7.34949 7.098 6.86182 6.64102 6.44191 6.34006 6.25447 6.23723 6.24827 6.49493 6.80608 7.16325 7.64895 8.27751 9.0443 10.0389 11.2971 12.5492 14.214 16.0833 18.3969 20.5385 22.8999 25.8028 28.9307 31.9489 32.9743 34.1121 35.3694 36.7535 38.2719 39.9326 41.7435 43.7128 45.8491 48.161 50.6575 53.3478 56.2412 59.3473 62.676 66.2374 70.0418 
122.254 116.108 110.283 104.767 99.5497 94.6185 89.9624 85.5706 81.4321 77.5366 73.8736 70.433 67.2051 64.1802 61.349 58.7021 56.2308 53.9264 51.7802 49.7842 47.9303 46.2107 44.6178 43.1444 41.7833 40.5276 38.587 35.36 32.6671 29.8122 27.2736 25.0424 22.7777 20.9461 19.6361 18.1076 16.698 15.5963 14.648 13.8451 13.1263 12.5302 11.9583 11.4548 10.9695 10.5837 10.2516 9.9369 9.68156 9.43519 9.20276 8.97922 8.7619 8.47237 8.18357 7.89734 7.61367 7.34 7.09628 6.86063 6.64008 6.43471 6.25084 6.16403 6.0933 6.09072 6.11625 6.37719 6.70244 7.07354 7.57297 8.2151 8.99527 10.0031 11.2743 12.5393 14.2167 16.0986 18.4246 20.5783 22.9516 25.8661 29.0053 32.0347 33.0712 34.22 35.488 36.8827 38.4116 40.0826 41.9037 43.883 46.0292 48.3509 50.857 53.5567 56.4594 59.5747 62.9125 66.4828 70.2962 
120.811 114.692 108.895 103.407 98.2172 93.3133 88.6844 84.3194 80.2076 76.3384 72.7015 69.2869 66.0847 63.0853 60.2797 57.6574 55.2108 52.9309 50.809 48.837 47.0069 45.3108 43.7412 42.2909 40.9526 39.7194 37.8008 34.5954 31.9239 29.0901 26.5724 24.3619 22.1177 20.3064 19.0163 17.5077 16.1176 15.0337 14.1032 13.3199 12.6199 12.0422 11.4887 11.0033 10.5358 10.1677 9.85307 9.5556 9.3173 9.08777 8.87197 8.66486 8.46378 8.19028 7.91733 7.64679 7.37883 7.12083 6.89257 6.67218 6.4667 6.27621 6.10702 6.03471 5.97829 5.98983 6.02929 6.304 6.64281 7.0273 7.53994 8.1951 8.98813 10.0086 11.2924 12.5697 14.2593 16.1532 18.491 20.6562 23.0407 25.9662 29.1164 32.1565 33.2036 34.3628 35.6411 37.046 38.585 40.2658 42.0966 44.0855 46.2411 48.5721 51.0873 53.796 56.7076 59.8317 63.1781 66.7572 70.5791 
119.457 113.366 107.596 102.135 96.9717 92.0943 87.4916 83.1527 79.0667 75.2231 71.6116 68.2221 65.0448 62.07 59.2884 56.6907 54.2681 52.0118 49.9135 47.9647 46.1576 44.4843 42.9373 41.5091 40.1925 38.9806 37.0831 33.8986 31.2477 28.4344 25.9369 23.7464 21.5219 19.7302 18.4594 16.9699 15.596 14.5311 13.6192 12.8541 12.1721 11.6123 11.0764 10.6084 10.1582 9.80705 9.50927 9.22841 9.00652 8.7932 8.59341 8.40212 8.21666 7.95861 7.70108 7.44596 7.19327 6.95032 6.73693 6.53121 6.34021 6.16401 6.00893 5.95053 5.90784 5.93293 5.98575 6.27364 6.62547 7.02279 7.54809 8.21574 9.02108 10.0537 11.3494 12.6385 14.3398 16.2451 18.5939 20.77 23.1652 26.1013 29.2618 32.3123 33.3695 34.5386 35.8268 37.2413 38.7898 40.48 42.3201 44.3181 46.4827 48.8224 51.3464 54.0637 56.9837 60.1162 63.471 67.0583 70.8884 
118.194 112.129 106.386 100.951 95.8133 90.9615 86.3842 82.0704 78.0094 74.1905 70.6035 67.2382 64.085 61.134 58.3759 55.8016 53.4021 51.1687 49.093 47.1666 45.3817 43.7302 42.2046 40.7973 39.5015 38.3101 36.4329 33.2685 30.6375 27.8438 25.3658 23.1945 20.989 19.2161 17.9614 16.489 15.1347 14.0878 13.1936 12.4462 11.7815 11.2389 10.7199 10.2686 9.83497 9.50015 9.21851 8.95361 8.74747 8.54971 8.3653 8.18918 8.01883 7.77592 7.53339 7.29309 7.05501 6.82651 6.62734 6.43567 6.25853 6.09601 5.95442 5.90934 5.87979 5.91783 5.98343 6.28391 6.64817 7.05775 7.59514 8.2747 9.09178 10.136 11.4431 12.7435 14.4557 16.3716 18.7309 20.9173 23.3227 26.2689 29.4393 32.4995 33.5663 34.7449 36.0424 37.4661 39.0237 40.7228 42.5716 44.5783 46.7513 49.0995 51.6317 54.3571 57.2852 60.4257 63.7885 67.3836 71.2213 
117.021 110.982 105.263 99.8538 94.7411 89.914 85.3612 81.0717 77.0346 73.2395 69.676 66.3341 63.204 60.2759 57.5405 54.9886 52.6113 50.3999 48.346 46.4411 44.677 43.0461 41.5408 40.1537 38.8778 37.7061 35.8484 32.7033 30.0914 27.3165 24.8572 22.7031 20.5146 18.7585 17.5229 16.0682 14.7313 13.7017 12.8245 12.0939 11.4459 10.9196 10.4168 9.98167 9.56384 9.24467 8.97849 8.72886 8.5378 8.35493 8.18527 8.02396 7.86833 7.63995 7.4118 7.18562 6.96151 6.74677 6.56121 6.38295 6.21904 6.06957 5.94086 5.90847 5.89143 5.94182 6.01959 6.33208 6.70817 7.12941 7.67829 8.36918 9.19744 10.2527 11.5706 12.8814 14.6038 16.5298 18.8991 21.0954 23.5104 26.4661 29.6459 32.7154 33.7913 34.9789 36.2852 37.7176 39.2837 40.9912 42.8483 44.8632 47.0442 49.4003 51.9403 54.6735 57.6093 60.7574 64.1277 67.7301 71.575 
115.936 109.922 104.228 98.8423 93.7535 88.9501 84.4209 80.1544 76.1404 72.3681 68.8273 65.5078 62.3998 59.4937 56.78 54.2497 51.8937 49.7032 47.6696 45.7848 44.0407 42.4295 40.9436 39.5758 38.319 37.1662 35.3271 32.2004 29.6068 26.8488 24.4061 22.2696 20.0986 18.3597 17.1412 15.7033 14.3831 13.3699 12.509 11.7945 11.1624 10.6518 10.1646 9.7447 9.34199 9.03777 8.78634 8.55127 8.37462 8.20617 8.05092 7.90383 7.76224 7.54771 7.33319 7.12052 6.90971 6.70809 6.53546 6.36997 6.21864 6.08158 5.9651 5.94478 5.93963 6.00174 6.09107 6.41495 6.80226 7.23457 7.79435 8.49599 9.33482 10.4003 11.7283 13.0489 14.7811 16.7166 19.0954 21.3009 23.7251 26.6898 29.8785 32.9567 34.0412 35.2372 36.5519 37.9925 39.5667 41.2822 43.147 45.1695 47.3582 49.7217 52.2691 55.0097 57.9528 61.108 64.4852 68.0945 71.9461 
114.938 108.947 103.276 97.9139 92.848 88.0673 83.5604 79.3163 75.3243 71.5739 68.0547 64.7566 61.6698 58.7847 56.0917 53.5817 51.2456 49.0747 47.0605 45.1949 43.4698 41.8773 40.4101 39.0607 37.822 36.6872 34.8659 31.7556 29.1782 26.4374 24.0117 21.8921 19.7377 18.0153 16.8131 15.3912 14.0869 13.0894 12.244 11.5448 10.9278 10.4322 9.9597 9.55442 9.16611 8.87611 8.63873 8.41768 8.25506 8.10049 7.95894 7.82536 7.6971 7.49573 7.29418 7.09431 6.89612 6.70694 6.54659 6.3932 6.2538 6.1285 6.02361 6.01472 6.02083 6.09404 6.19431 6.52897 6.9269 7.36967 7.93975 8.6515 9.50013 10.5752 11.9126 13.2426 14.9839 16.9285 19.3162 21.5305 23.9633 26.9365 30.1335 33.2199 34.3126 35.5166 36.839 38.2874 39.8691 41.592 43.4643 45.494 47.6897 50.0604 52.6148 55.3623 58.3122 61.474 64.8577 68.4734 72.3312 
114.023 108.055 102.406 97.0658 92.0217 87.2625 82.7771 78.5542 74.5833 70.8536 67.355 64.0773 61.0106 58.1451 55.4714 52.9804 50.6632 48.5109 46.5152 44.6679 42.9608 41.3863 39.9367 38.6048 37.3833 36.2644 34.4589 31.3654 28.8045 26.0801 23.6706 21.567 19.4284 17.7216 16.5348 15.1283 13.8391 12.8564 12.0258 11.3411 10.7385 10.2571 9.79857 9.40713 9.03249 8.75608 8.53232 8.32479 8.1755 8.03409 7.90551 7.78474 7.6691 7.48018 7.29091 7.10315 6.9169 6.73949 6.59077 6.4488 6.32067 6.20648 6.11254 6.11443 6.13118 6.21486 6.32545 6.67027 7.07821 7.53083 8.11055 8.83163 9.68944 10.7736 12.1199 13.4586 15.2086 17.1617 19.5577 21.7803 24.2212 27.2024 30.4073 33.5014 34.6016 35.8131 37.1429 38.5984 40.1873 41.9172 43.7963 45.8328 48.0354 50.4127 52.9737 55.7275 58.6837 61.8517 65.2415 68.863 72.7267 
113.189 107.241 101.614 96.2944 91.271 86.5324 82.0672 77.8645 73.9135 70.2036 66.7244 63.4656 60.4175 57.5704 54.915 52.4421 50.1427 48.0081 46.0299 44.1999 42.51 40.9524 39.5193 38.2028 36.9967 35.8941 34.1046 31.027 28.4817 25.7729 23.3787 21.2903 19.1667 17.4747 16.3026 14.9105 13.6355 12.667 11.8503 11.1794 10.5904 10.1224 9.67717 9.29887 8.93741 8.67411 8.46329 8.26853 8.13184 8.00285 7.88652 7.77783 7.67411 7.49694 7.31926 7.14292 6.96791 6.8016 6.66379 6.53261 6.41511 6.31138 6.22775 6.2398 6.26655 6.36008 6.48037 6.83474 7.25209 7.71384 8.30245 9.0323 9.89874 10.9914 12.3461 13.693 15.4511 17.4122 19.816 22.0463 24.4949 27.4835 30.6957 33.7971 34.9044 36.1229 37.4596 38.9219 40.5174 42.2538 44.1393 46.1823 48.3911 50.7746 53.3417 56.1016 59.0636 62.2373 65.6327 69.2597 73.1288 
112.43 106.503 100.896 95.5958 90.5921 85.8728 81.4269 77.2432 73.3107 69.619 66.1577 62.9167 59.8862 57.0566 54.4184 51.9625 49.68 47.5622 45.6006 43.7869 42.1126 40.5699 39.1518 37.851 36.6604 35.5731 33.7988 30.7362 28.2058 25.5116 23.1319 21.0578 18.9484 17.2704 16.112 14.7336 13.4721 12.5169 11.7134 11.0554 10.4792 10.0239 9.59143 9.22582 8.87688 8.62594 8.4273 8.24456 8.11972 8.00242 7.89763 7.8003 7.70779 7.54166 7.37487 7.20926 7.04484 6.88895 6.76141 6.64034 6.53281 6.4389 6.36494 6.38651 6.42264 6.52541 6.65479 7.01809 7.44408 7.9143 8.51125 9.24931 10.1238 11.2245 12.587 13.9416 15.7073 17.6758 20.087 22.3245 24.7802 27.7758 30.9949 34.103 35.217 36.442 37.7851 39.2537 40.8553 42.5979 44.4895 46.5384 48.7531 51.1424 53.7151 56.4804 59.4478 62.6269 66.0274 69.6596 73.5336 
111.744 105.836 100.247 94.9659 89.9806 85.2795 80.8512 76.6849 72.7696 69.095 65.6506 62.4264 59.4125 56.5992 53.9773 51.5375 49.2709 47.1688 45.2218 43.4224 41.7629 40.2353 38.8321 37.5461 36.3701 35.2973 33.5372 30.4887 27.9723 25.2918 22.9258 20.8651 18.769 17.1042 15.9588 14.5932 13.3444 12.4017 11.6105 10.9648 10.4008 9.95775 9.5373 9.18361 8.84641 8.60706 8.41986 8.24839 8.13467 8.02833 7.93434 7.84767 7.76566 7.60988 7.45328 7.29772 7.1432 6.99707 6.87914 6.76755 6.66934 6.58461 6.51969 6.55017 6.59506 6.70646 6.84428 7.21576 7.64979 8.12793 8.73267 9.4784 10.3605 11.4685 12.8383 14.2002 15.9729 17.9485 20.3665 22.6107 25.073 28.0751 31.3006 34.415 35.5352 36.7662 38.1153 39.5897 41.1971 42.9454 44.8426 46.8971 49.1172 51.5118 54.0897 56.8601 59.8325 63.0165 66.4218 70.0586 73.9372 
111.125 105.235 99.6638 94.3998 89.4313 84.7468 80.335 76.185 72.2859 68.6273 65.1988 61.9902 58.9918 56.194 53.5873 51.1623 48.9095 46.8211 44.8886 43.1037 41.4584 39.9449 38.5558 37.2836 36.1213 35.062 33.3153 30.28 27.7766 25.1091 22.7558 20.7078 18.6241 16.9716 15.8384 14.4848 13.2479 12.3169 11.5374 10.9034 10.351 9.91937 9.51022 9.16765 8.84144 8.61292 8.4364 8.27546 8.17213 8.07602 7.99212 7.9154 7.84318 7.69706 7.54998 7.4038 7.25852 7.12148 7.01251 6.90974 6.82022 6.74405 6.68755 6.72631 6.77936 6.89872 7.04427 7.42336 7.86488 8.35039 8.9624 9.71527 10.6044 11.7193 13.0959 14.4645 16.2438 18.2258 20.6502 22.9007 25.3691 28.3772 31.6087 34.7289 35.8548 37.0915 38.4461 39.9259 41.5387 43.2923 45.1947 47.2543 49.4794 51.8789 54.4616 57.2367 60.2137 63.4021 66.8118 70.4529 74.3357 
110.57 104.696 99.1404 93.8922 88.9393 84.2703 79.8739 75.7392 71.8552 68.2115 64.7977 61.6038 58.6201 55.8356 53.2421 50.8303 48.5915 46.5169 44.598 42.8266 41.1946 39.6944 38.3182 37.059 35.9094 34.8627 33.1285 30.1056 27.6144 24.9589 22.6175 20.5812 18.5092 16.8682 15.7463 14.4039 13.1781 12.2583 11.4899 10.8668 10.3252 9.90425 9.5056 9.1734 8.85741 8.63897 8.47238 8.32123 8.22755 8.14097 8.06645 7.99896 7.93586 7.79871 7.66047 7.523 7.38629 7.25771 7.15705 7.06247 6.98101 6.91277 6.86408 6.91053 6.97106 7.09771 7.25044 7.63659 8.08506 8.57741 9.19614 9.95564 10.8513 11.9726 13.3555 14.7303 16.5157 18.5037 20.934 23.1902 25.6644 28.6781 31.915 35.0407 36.1718 37.4137 38.7734 40.2583 41.8761 43.6345 45.5418 47.606 49.8357 52.2397 54.8268 57.6062 60.5874 63.7799 67.1936 70.8386 74.7252 
110.072 104.213 98.6723 93.4388 88.5005 83.8458 79.4637 75.343 71.473 67.8432 64.4431 61.2614 58.2899 55.5187 52.9384 50.5397 48.3138 46.2519 44.3457 42.5868 40.9672 39.4792 38.1152 36.8678 35.7301 34.6951 32.9725 29.961 27.4811 24.8368 22.5065 20.4811 18.4199 16.7894 15.6781 14.3463 13.1311 12.2217 11.4636 10.8506 10.319 9.90791 9.51899 9.19638 8.88985 8.68073 8.52334 8.38125 8.29651 8.21873 8.15288 8.09395 8.03926 7.91041 7.78035 7.65092 7.52214 7.40136 7.30839 7.22137 7.14735 7.08644 7.04496 7.09843 7.1658 7.29918 7.45854 7.85122 8.30611 8.80479 9.42974 10.1954 11.097 12.2243 13.613 14.9935 16.7845 18.7781 21.2138 23.4754 25.9547 28.9736 32.2156 35.3462 36.4823 37.7289 39.0933 40.5829 42.2052 43.9682 45.8798 47.9483 50.1823 52.5903 55.1814 57.9648 60.9498 64.1461 67.5635 71.2121 75.1021 
109.628 103.782 98.2555 93.0354 88.1105 83.4691 79.1001 74.9922 71.1341 67.5161 64.1277 60.9589 57.9998 55.2409 52.6727 50.2861 48.0721 46.022 44.1274 42.38 40.7718 39.2951 37.9422 36.7059 35.5791 34.555 32.843 29.842 27.3725 24.7385 22.4184 20.4031 18.3518 16.7313 15.63 14.3081 13.1026 12.2028 11.4541 10.8505 10.3281 9.92602 9.54605 9.23227 8.93444 8.7339 8.58498 8.45123 8.3747 8.30502 8.24716 8.19609 8.14915 8.02793 7.90538 7.78335 7.66185 7.54824 7.46233 7.38226 7.31508 7.2609 7.22597 7.28583 7.3595 7.49907 7.66453 8.06321 8.52401 9.0285 9.65917 10.4304 11.3376 12.4703 13.8644 15.2501 17.0464 19.0449 21.4857 23.7522 26.2364 29.26 32.5066 35.6418 36.7823 38.0334 39.4021 40.8959 42.5224 44.2895 46.2051 48.2775 50.5153 52.9271 55.5219 58.3089 61.2974 64.4971 67.9178 71.5696 75.4628 
109.233 103.4 97.8859 92.6782 87.7652 83.1351 78.7771 74.6804 70.8342 67.2278 63.851 60.6936 57.7459 54.9982 52.4411 50.0655 47.8623 45.823 43.9391 42.2022 40.6045 39.1381 37.7954 36.5693 35.4524 34.4381 32.7359 29.7446 27.2846 24.6601 22.3493 20.3433 18.3014 16.6902 15.598 14.285 13.0884 12.1973 11.4573 10.8622 10.3482 9.95449 9.5827 9.27699 8.98712 8.79443 8.65323 8.5271 8.45809 8.39581 8.34524 8.30135 8.26149 8.14723 8.03155 7.91627 7.80143 7.69437 7.61491 7.54118 7.48024 7.43214 7.40315 7.46885 7.54827 7.69352 7.86455 8.26872 8.73493 9.24473 9.88063 10.657 11.5692 12.7069 14.1059 15.4965 17.2974 19.3006 21.7459 24.0169 26.5055 29.5334 32.7844 35.9237 37.0683 38.3234 39.696 41.1937 42.824 44.5948 46.5141 48.5901 50.8313 53.2465 55.8447 58.6349 61.6266 64.8293 68.2531 71.9079 75.8039 
108.885 103.063 97.5588 92.3614 87.4588 82.8396 78.4925 74.4066 70.571 66.9752 63.6088 60.4619 57.5244 54.7869 52.2399 49.8742 47.6809 45.6514 43.7771 42.0498 40.4615 39.0044 37.6711 36.454 35.3463 34.3409 32.6475 29.6649 27.2137 24.5978 22.2957 20.2983 18.2649 16.662 15.5781 14.2733 13.0847 12.2016 11.4694 10.8821 10.3757 9.98952 9.62515 9.32676 9.0441 8.85852 8.72433 8.60511 8.5429 8.48733 8.44337 8.40599 8.37254 8.2646 8.15514 8.04598 7.93717 7.83604 7.76242 7.69444 7.63912 7.59649 7.57289 7.64389 7.72855 7.87893 8.05503 8.46419 8.9353 9.44993 10.0906 10.8716 11.7885 12.9307 14.3341 15.729 17.5342 19.5417 21.9911 24.2662 26.7588 29.7906 33.0454 36.1885 37.3368 38.5955 39.9718 41.473 43.1068 44.8809 46.8035 48.8827 51.1271 53.5454 56.1465 58.9396 61.9342 65.1398 68.5662 72.2236 76.1223 
108.577 102.765 97.2706 92.0831 87.1905 82.5811 78.2437 74.1674 70.3414 66.755 63.398 60.2603 57.3321 54.6037 52.0656 49.7089 47.5244 45.5036 43.638 41.9193 40.3395 38.8908 37.5657 36.3569 35.2572 34.2599 32.5745 29.5999 27.1566 24.5486 22.2543 20.2647 18.2388 16.6435 15.567 14.2695 13.0882 12.2122 11.4871 10.9066 10.4071 10.0277 9.66996 9.37813 9.10194 8.92274 8.79485 8.68183 8.62573 8.57618 8.53815 8.50661 8.47892 8.37665 8.27277 8.16911 8.06571 7.96991 7.90152 7.83868 7.78836 7.75066 7.7319 7.80768 7.89704 8.05206 8.23272 8.64636 9.12188 9.64086 10.2858 11.071 11.992 13.1383 14.5457 15.9446 17.7537 19.7649 22.2181 24.4968 26.993 30.0284 33.2867 36.4332 37.5849 38.8469 40.2263 41.7307 43.3675 45.1447 47.0702 49.1523 51.3996 53.8206 56.4244 59.2202 62.2173 65.4254 68.8543 72.5141 76.4151 
108.309 102.505 97.0201 91.8414 86.9574 82.3567 78.0279 73.9601 70.1424 66.5644 63.2157 60.0862 57.166 54.4456 51.9155 49.5666 47.39 45.3769 43.5189 41.8078 40.2355 38.7942 37.4765 36.2749 35.1825 34.1924 32.5142 29.5467 27.1106 24.5096 22.2222 20.2393 18.2202 16.6316 15.5616 14.2706 13.0957 12.226 11.5071 10.9328 10.4394 10.0659 9.71409 9.42808 9.15763 8.98408 8.86176 8.75424 8.70356 8.65934 8.62657 8.60021 8.57762 8.48038 8.38144 8.28266 8.18406 8.09298 8.02924 7.97092 7.92504 7.89171 7.87727 7.95731 8.05084 8.20999 8.3947 8.81234 9.2918 9.81465 10.4634 11.2524 12.1771 13.327 14.738 16.1403 17.9529 19.9675 22.424 24.706 27.2054 30.244 33.5054 36.655 37.8096 39.0746 40.4569 41.9641 43.6037 45.3835 47.3117 49.3963 51.6461 54.0696 56.6758 59.4739 62.4733 65.6836 69.1147 72.7766 76.6796 
108.078 102.282 96.8049 91.6338 86.7573 82.164 77.8426 73.7821 69.9717 66.4009 63.0593 59.9369 57.0238 54.3103 51.7871 49.4451 47.2752 45.2688 43.4174 41.7128 40.147 38.7122 37.4009 36.2057 35.1197 34.136 32.4642 29.5029 27.0729 24.478 22.1966 20.2197 18.2065 16.6236 15.5594 14.274 13.1046 12.2405 11.527 10.9581 10.4699 10.1016 9.75495 9.47401 9.20856 9.03994 8.92248 8.81975 8.77379 8.73423 8.70605 8.68421 8.66608 8.57322 8.4786 8.38409 8.28966 8.20271 8.143 8.08862 8.04664 8.01715 8.00649 8.09025 8.18746 8.35022 8.5385 8.95964 9.44256 9.96881 10.6209 11.4132 12.3411 13.4942 14.9084 16.3138 18.1294 20.147 22.6065 24.8914 27.3936 30.435 33.6991 36.8514 38.0087 39.2762 40.6611 42.1707 43.8128 45.595 47.5254 49.6124 51.8643 54.29 56.8983 59.6985 62.6999 65.9121 69.3451 73.0089 76.9137 
107.884 102.094 96.6232 91.4584 86.5883 82.0012 77.6861 73.6317 69.8275 66.2627 62.9271 59.8107 56.9034 54.1958 51.6785 49.3422 47.178 45.1773 43.3315 41.6325 40.0722 38.643 37.3373 36.1477 35.0672 34.0888 32.4223 29.4664 27.0416 24.4519 22.1756 20.2037 18.1955 16.6175 15.5581 14.2776 13.1129 12.2535 11.5446 10.9802 10.4965 10.1327 9.79042 9.51381 9.25262 9.08821 8.9749 8.87626 8.83433 8.79875 8.77448 8.7565 8.74217 8.65306 8.56214 8.47125 8.38042 8.29699 8.24072 8.18973 8.15108 8.12489 8.11747 8.20444 8.30481 8.47068 8.66203 9.08619 9.57209 10.1013 10.7562 11.5514 12.4821 13.638 15.0548 16.463 18.2812 20.3014 22.7634 25.0508 27.5555 30.5993 33.8658 37.0204 38.18 39.4498 40.837 42.3487 43.9929 45.7771 47.7096 49.7985 52.0523 54.4799 57.09 59.892 62.8951 66.1091 69.5437 73.2091 77.1155 
107.724 101.94 96.4738 91.3142 86.4491 81.8671 77.557 73.5076 69.7083 66.1484 62.8177 59.7061 56.8037 54.1009 51.5882 49.2566 47.0971 45.101 43.2599 41.5656 40.01 38.5854 37.2843 36.0992 35.0232 34.0493 32.3872 29.4356 27.0151 24.4296 22.1575 20.1898 18.1856 16.6117 15.5564 14.2797 13.119 12.2634 11.5583 10.9977 10.5178 10.1576 9.81892 9.54587 9.28821 9.12728 9.0174 8.92214 8.88355 8.85126 8.83024 8.81546 8.80429 8.71829 8.63043 8.54256 8.45471 8.37419 8.32078 8.27261 8.23676 8.21331 8.20862 8.29826 8.40127 8.56975 8.76367 9.19037 9.67877 10.2104 10.8678 11.6654 12.5984 13.7566 15.1758 16.5862 18.4066 20.429 22.8932 25.1827 27.6895 30.7354 34.0039 37.1605 38.3221 39.5938 40.9828 42.4965 44.1423 45.9284 47.8625 49.9531 52.2086 54.6377 57.2494 60.0529 63.0575 66.2729 69.7089 73.3757 77.2835 
107.598 101.818 96.356 91.2003 86.3391 81.7609 77.4546 73.409 69.6135 66.0574 62.7304 59.6225 56.7237 54.0246 51.5156 49.1876 47.0318 45.0395 43.2021 41.5114 39.9595 38.5385 37.2409 36.0594 34.9868 34.0164 32.3577 29.4095 26.9924 24.4102 22.1413 20.1769 18.1759 16.6052 15.553 14.2795 13.1218 12.2692 11.5671 11.0095 10.5325 10.1752 9.83936 9.56913 9.31425 9.15606 9.04889 8.95631 8.92036 8.89067 8.87222 8.85998 8.85131 8.76778 8.68236 8.59689 8.5114 8.43319 8.38207 8.33616 8.30254 8.2813 8.27878 8.37058 8.47571 8.64629 8.84228 9.27103 9.76145 10.2951 10.9545 11.754 12.6889 13.849 15.27 16.6823 18.5045 20.5287 22.9947 25.2859 27.7945 30.842 34.1122 37.2704 38.4336 39.7069 41.0975 42.6127 44.2601 46.0475 47.983 50.075 52.3318 54.7622 57.3752 60.1799 63.1858 66.4024 69.8396 73.5075 77.4164 
107.507 101.729 96.2697 91.1166 86.258 81.6824 77.3787 73.3357 69.5428 65.9893 62.6649 59.5595 56.6634 53.9669 51.4606 49.1353 46.9822 44.9925 43.1577 41.4696 39.9203 38.5018 37.2068 36.0277 34.9577 33.9897 32.3335 29.3877 26.973 24.3932 22.1267 20.1646 18.1659 16.5975 15.5475 14.2762 13.1208 12.2704 11.5705 11.015 10.5401 10.1849 9.85119 9.58302 9.33017 9.17399 9.06881 8.97819 8.94418 8.91641 8.89985 8.88948 8.88265 8.80094 8.71731 8.63362 8.54988 8.47339 8.42396 8.37974 8.34779 8.3282 8.32732 8.42073 8.52747 8.69963 8.89719 9.3275 9.81945 10.3546 11.0155 11.8165 12.7529 13.9145 15.3369 16.7505 18.5742 20.5998 23.0671 25.3597 27.8696 30.9184 34.1899 37.3494 38.5139 39.7885 41.1803 42.6967 44.3453 46.1338 48.0705 50.1635 52.4213 54.8528 57.4668 60.2725 63.2793 66.4968 69.935 73.6038 77.5135 
107.45 101.673 96.2154 91.0636 86.2064 81.6322 77.3298 73.2883 69.4967 65.9447 62.6218 59.518 56.6235 53.9285 51.4237 49.1 46.9484 44.9602 43.127 41.4404 39.8926 38.4756 37.1821 36.0045 34.9359 33.9695 32.3147 29.3704 26.9571 24.3787 22.1136 20.1529 18.1557 16.5887 15.5401 14.2702 13.1161 12.2671 11.5685 11.0143 10.5408 10.1869 9.85444 9.58755 9.33598 9.18106 9.07713 8.98775 8.95496 8.92841 8.91305 8.90387 8.89822 8.81768 8.73521 8.65266 8.57004 8.49467 8.44636 8.40324 8.37238 8.35389 8.35409 8.44858 8.55638 8.72961 8.92822 9.35957 9.85256 10.3888 11.0507 11.8527 12.7901 13.9527 15.3761 16.7907 18.6154 20.6419 23.1102 25.4038 27.9146 30.9644 34.2368 37.3972 38.5626 39.8381 41.2308 42.7481 44.3975 46.187 48.1244 50.2182 52.4768 54.909 57.5237 60.3302 63.3377 66.5559 69.9947 73.6642 77.5746 
107.428 101.652 96.194 91.0424 86.1853 81.6113 77.3092 73.2679 69.4767 65.925 62.6025 59.499 56.6048 53.9102 51.4058 49.0825 46.9313 44.9435 43.1107 41.4246 39.8771 38.4606 37.1675 35.9904 34.9223 33.9563 32.302 29.3581 26.9453 24.3674 22.1029 20.1426 18.1459 16.5793 15.5313 14.2618 13.1083 12.2597 11.5617 11.008 10.5349 10.1816 9.84963 9.58325 9.33219 9.17778 9.07435 8.98548 8.9532 8.92715 8.9123 8.90362 8.89848 8.81844 8.73647 8.65442 8.5723 8.49744 8.44963 8.40702 8.37668 8.3587 8.35942 8.45444 8.56277 8.73652 8.93567 9.36756 9.86108 10.3978 11.0603 11.8628 12.8008 13.9639 15.3879 16.803 18.6282 20.6553 23.1241 25.4183 27.9296 30.98 34.2529 37.4139 38.5799 39.8559 41.2492 42.767 44.417 46.207 48.145 50.2393 52.4984 54.931 57.5462 60.353 63.361 66.5796 70.0188 73.6887 77.5995 
107.444 101.667 96.2077 91.0549 86.1968 81.6218 77.3187 73.2764 69.4843 65.9316 62.6082 59.5039 56.6089 53.9134 51.4083 49.0842 46.9322 44.9437 43.1102 41.4234 39.8753 38.4582 37.1645 35.9868 34.9181 33.9515 32.2967 29.3523 26.9389 24.3606 22.0955 20.1348 18.1377 16.5707 15.5222 14.2524 13.0984 12.2496 11.5511 10.9971 10.5237 10.1701 9.83784 9.57117 9.31983 9.16516 9.06149 8.97238 8.93988 8.91361 8.89856 8.88969 8.88436 8.80415 8.72202 8.63982 8.55756 8.48257 8.43466 8.39196 8.36153 8.34349 8.34415 8.43913 8.54743 8.72117 8.92031 9.35221 9.84575 10.3825 11.045 11.8476 12.7857 13.9488 15.3729 16.7882 18.6135 20.6407 23.1096 25.4038 27.9154 30.9659 34.239 37.4001 38.5662 39.8425 41.2359 42.7539 44.4042 46.1944 48.1326 50.2271 52.4864 54.9192 57.5345 60.3415 63.3496 66.5684 70.0078 73.6778 77.5888 
107.5 101.72 96.2588 91.1036 86.243 81.6657 77.3603 73.3158 69.5214 65.9666 62.6411 59.5347 56.6376 53.9401 51.433 49.107 46.9531 44.9627 43.1274 41.4388 39.889 38.4701 37.1747 35.9953 34.925 33.9568 32.3004 29.3545 26.9397 24.3599 22.0934 20.1313 18.1327 16.5644 15.5146 14.2435 13.0883 12.2381 11.5385 10.9833 10.5088 10.154 9.82062 9.55286 9.30046 9.14475 9.04006 8.94996 8.91649 8.88928 8.8733 8.86353 8.85732 8.77625 8.69327 8.61025 8.5272 8.45145 8.40279 8.35938 8.32826 8.30955 8.30958 8.40393 8.51164 8.6848 8.88339 9.31475 9.80778 10.3441 11.0061 11.8082 12.7458 13.9086 15.3323 16.7472 18.5721 20.599 23.0676 25.3616 27.8728 30.923 34.1959 37.3568 38.5227 39.7987 41.192 42.7099 44.36 46.15 48.0881 50.1825 52.4418 54.8745 57.4897 60.2966 63.3045 66.5232 69.9624 73.6323 77.5432 
107.599 101.815 96.3498 91.1908 86.3266 81.7456 77.4366 73.3885 69.5907 66.0324 62.7035 59.5937 56.6934 53.9927 51.4824 49.1532 46.9963 45.0029 43.1646 41.4731 39.9204 38.4987 37.2005 36.0184 34.9454 33.9746 32.3156 29.3672 26.9498 24.3675 22.0986 20.1342 18.1333 16.5627 15.5106 14.2373 13.0799 12.2276 11.5259 10.9687 10.4921 10.1353 9.80002 9.53036 9.27609 9.11855 9.01206 8.92019 8.88499 8.85608 8.83844 8.82705 8.81924 8.7366 8.6521 8.56758 8.48306 8.40588 8.35584 8.31108 8.27865 8.25866 8.25743 8.35057 8.45709 8.6291 8.82657 9.25684 9.74882 10.2841 10.9451 11.7463 12.6829 13.8448 15.2676 16.6816 18.5057 20.5318 22.9997 25.2929 27.8034 30.8529 34.1251 37.2854 38.4507 39.7261 41.1188 42.6362 44.2857 46.0753 48.0129 50.1069 52.3657 54.798 57.4128 60.2193 63.2268 66.4451 69.8839 73.5534 77.4639 
107.744 101.954 96.4838 91.3197 86.4504 81.8644 77.5505 73.4976 69.6949 66.1319 62.7983 59.684 56.7792 54.0741 51.5594 49.2259 47.0647 45.0672 43.2247 41.5291 39.9724 38.5469 37.2447 36.0588 34.9821 34.0076 32.3449 29.3929 26.972 24.3863 22.114 20.1461 18.1419 16.5681 15.5128 14.2364 13.0759 12.2206 11.5159 10.9557 10.4762 10.1166 9.77853 9.50613 9.24917 9.08899 8.9799 8.88549 8.84778 8.81642 8.79636 8.78259 8.77252 8.68754 8.6008 8.51408 8.42741 8.34813 8.29604 8.24927 8.21488 8.19298 8.18988 8.28118 8.38592 8.55619 8.75195 9.18056 9.67091 10.2046 10.864 11.6637 12.5989 13.7594 15.1808 16.5935 18.4163 20.4411 22.9076 25.1997 27.709 30.7574 34.0285 37.1877 38.3519 39.6264 41.0181 42.5345 44.1831 45.9718 47.9086 50.0017 52.2597 54.6913 57.3054 60.1112 63.1181 66.3356 69.7738 73.4426 77.3524 
107.937 102.141 96.6642 91.4936 86.6179 82.0255 77.7053 73.6463 69.8375 66.2686 62.929 59.8089 56.8983 54.1875 51.6672 49.3282 47.1616 45.1586 43.3109 41.6101 40.0483 38.6176 37.3105 36.1197 35.0381 34.0588 32.3915 29.4348 27.0094 24.4191 22.1424 20.1702 18.1618 16.5837 15.5243 14.2437 13.0792 12.22 11.5113 10.9474 10.4641 10.1008 9.75905 9.48307 9.22258 9.05892 8.94643 8.84866 8.80766 8.77305 8.74982 8.73292 8.71972 8.63178 8.54208 8.45245 8.36292 8.28083 8.22601 8.17657 8.13956 8.11508 8.10947 8.19831 8.30064 8.46855 8.66201 9.08836 9.57651 10.108 10.7654 11.563 12.4962 13.6547 15.0741 16.485 18.3059 20.329 22.7938 25.0841 27.5918 30.6386 33.9081 37.0658 38.2286 39.5016 40.8919 42.4069 44.0542 45.8416 47.7772 49.8691 52.126 54.5564 57.1694 59.9741 62.98 66.1966 69.6338 73.3017 77.2105 
108.184 102.38 96.8947 91.7162 86.8327 82.2327 77.9049 73.8383 70.0222 66.4459 63.0992 59.972 57.0543 54.3366 51.8095 49.4638 47.2905 45.281 43.4268 41.7197 40.1515 38.7146 37.4014 36.2046 35.1171 34.1319 32.4588 29.4965 27.0654 24.4696 22.1875 20.2099 18.1962 16.6129 15.5483 14.2627 13.0933 12.2291 11.5157 10.9469 10.459 10.0911 9.74484 9.4644 9.19952 9.03156 8.91482 8.81288 8.76777 8.72913 8.70193 8.68113 8.66409 8.57239 8.47898 8.38571 8.2926 8.207 8.14873 8.09591 8.0556 8.02789 8.0191 8.10484 8.20412 8.36904 8.55957 8.98305 9.46839 9.99715 10.6518 11.4468 12.3774 13.5334 14.9504 16.3588 18.1774 20.1981 22.6607 24.9488 27.4544 30.4991 33.7665 36.9223 38.0831 39.3542 40.7426 42.2559 43.9014 45.6871 47.621 49.7114 51.9667 54.3956 57.0071 59.8104 62.8149 66.0302 69.4661 73.1327 77.0403 
108.487 102.674 97.1794 91.9917 87.099 82.4899 78.1532 74.0778 70.253 66.6681 63.3129 60.1773 57.2513 54.5255 51.9903 49.6366 47.4554 45.4382 43.5763 41.8616 40.286 38.8418 37.5213 36.3174 35.2228 34.2307 32.5507 29.5816 27.1439 24.5415 22.2529 20.2689 18.2489 16.6594 15.5887 14.2971 13.1217 12.2517 11.5325 10.958 10.4646 10.0911 9.73944 9.45367 9.18354 9.0104 8.88858 8.78163 8.73159 8.6881 8.65613 8.63064 8.60898 8.51274 8.41486 8.3172 8.21978 8.12994 8.06749 8.01058 7.96626 7.93463 7.92199 8.00394 8.09951 8.26079 8.44775 8.86774 9.34964 9.87504 10.5264 11.3182 12.2456 13.3985 14.8125 16.2179 18.0336 20.0515 22.5113 24.7967 27.2995 30.3416 33.6066 36.7598 37.9182 39.1869 40.5731 42.0841 43.7274 45.511 47.4428 49.5311 51.7844 54.2114 56.821 59.6225 62.6252 65.8388 69.273 72.938 76.8441 
108.852 103.028 97.5225 92.3241 87.4209 82.8014 78.4544 74.3689 70.534 66.9393 63.5743 60.4289 57.4934 54.7581 52.2136 49.8507 47.6605 45.6343 43.7636 42.0401 40.4559 39.0032 37.6743 36.4621 35.3593 34.3591 32.6712 29.6942 27.2487 24.6387 22.3426 20.3512 18.3238 16.7271 15.6493 14.3507 13.1683 12.2915 11.5656 10.9846 10.4846 10.1047 9.7467 9.45469 9.17842 8.99924 8.87146 8.75864 8.70284 8.65367 8.6161 8.58511 8.55804 8.45647 8.35335 8.25053 8.14804 8.0532 7.98585 7.92412 7.87506 7.83878 7.82159 7.89907 7.99025 8.14722 8.32995 8.74578 9.22362 9.74501 10.3925 11.1804 12.1041 13.2532 14.6636 16.0655 17.8777 19.8922 22.3486 24.6308 27.1304 30.1694 33.4313 36.5815 37.737 39.0028 40.3862 41.8944 43.5351 45.3161 47.2453 49.3311 51.582 54.0066 56.614 59.4132 62.4138 65.6252 69.0574 72.7204 76.6245 
109.282 103.446 97.9284 92.7179 87.8028 83.1716 78.813 74.716 70.8697 67.2637 63.8876 60.7314 57.785 55.039 52.4839 50.1106 47.9101 45.8737 43.9929 42.2595 40.6655 39.203 37.8646 36.6429 35.5308 34.5215 32.8245 29.8385 27.3843 24.7655 22.4608 20.4609 18.4252 16.8202 15.7343 14.4276 13.2374 12.3528 11.6192 11.0306 10.5231 10.1359 9.7706 9.47145 9.18814 9.00203 8.86741 8.74787 8.68544 8.62974 8.58574 8.54842 8.51512 8.40741 8.29826 8.1895 8.08116 7.98057 7.90756 7.84026 7.78572 7.74405 7.72158 7.79388 7.87997 8.03194 8.20977 8.62078 9.09387 9.61062 10.2535 11.0369 11.9562 13.1011 14.5072 15.9049 17.7131 19.7236 22.1761 24.4544 26.9503 29.9856 33.2439 36.3906 37.5426 38.805 40.1851 41.6901 43.3276 45.1055 47.0317 49.1146 51.3625 53.7844 56.389 59.1855 62.1834 65.3923 68.822 72.4826 76.3843 
109.783 103.933 98.4015 93.1776 88.2492 83.6049 79.2333 75.1234 71.2645 67.646 64.2575 61.0889 58.1305 55.3725 52.8056 50.4206 48.2085 46.1607 44.2686 42.5241 40.9191 39.4458 38.0967 36.8644 35.7418 34.7221 33.0149 30.0189 27.5547 24.9262 22.6118 20.6024 18.5572 16.9429 15.8479 14.5322 13.333 12.4396 11.6974 11.1002 10.5843 10.1888 9.81532 9.50809 9.21683 9.02287 8.88053 8.75337 8.68344 8.62035 8.56908 8.52459 8.48422 8.36956 8.25356 8.13806 8.02308 7.91596 7.83652 7.76289 7.70213 7.65433 7.62582 7.6922 7.77248 7.91874 8.09096 8.49645 8.96413 9.47556 10.1132 10.8915 11.8058 12.9456 14.3469 15.7399 17.5434 19.5492 21.9973 24.2711 26.7627 29.7938 33.0478 36.1905 37.3385 38.597 39.9732 41.4744 43.1083 44.8825 46.8052 48.8846 51.1292 53.5478 56.1491 58.9425 61.9374 65.1432 68.57 72.2277 76.1267 
110.358 104.492 98.9462 93.7075 88.7645 84.1057 79.7198 75.5958 71.7228 68.0904 64.6882 61.5061 58.5343 55.7631 53.1831 50.7851 48.5602 46.4998 44.5952 42.8384 41.2211 39.7358 38.3748 37.1307 35.9966 34.9654 33.2469 30.2397 27.7645 25.1251 22.7999 20.7799 18.7243 17.0997 15.9944 14.6686 13.4596 12.5564 11.8044 11.1977 10.6724 10.2676 9.88505 9.56881 9.26867 9.06595 8.91498 8.77931 8.70099 8.62964 8.57022 8.5177 8.46943 8.34698 8.22331 8.10025 7.97783 7.86338 7.77672 7.69599 7.62823 7.57354 7.53826 7.59797 7.67168 7.8115 7.97738 8.37666 8.83823 9.34364 9.9754 10.7479 11.6564 12.7907 14.1865 15.574 17.3722 19.3728 21.8158 24.0846 26.5712 29.5974 32.8468 35.9847 37.1281 38.3822 39.754 41.2509 42.8805 44.6506 46.5693 48.6447 50.8854 53.3002 55.8978 58.6876 61.6789 64.8813 68.3046 71.959 75.8548 
111.011 105.129 99.5668 94.312 89.353 84.6783 80.2768 76.1372 72.249 68.6014 65.1842 61.9873 59.0007 56.215 53.6206 51.2085 48.9696 46.8953 44.977 43.2066 41.576 40.0774 38.7033 37.4464 36.2994 35.2557 33.5247 30.5053 28.0179 25.3665 23.0295 20.9978 18.9306 17.2946 16.1781 14.8413 13.6212 12.7072 11.9446 11.3274 10.7917 10.3767 9.98402 9.65782 9.34785 9.13545 8.97492 8.82984 8.74224 8.66173 8.59329 8.53188 8.47485 8.34376 8.21158 8.08014 7.94945 7.82687 7.73219 7.64356 7.56802 7.50568 7.46286 7.51514 7.58155 7.71417 7.87297 8.2653 8.72003 9.21873 9.84388 10.6099 11.512 12.64 14.0296 15.4111 17.2033 19.1981 21.6353 23.8984 26.3795 29.4002 32.6442 35.7769 36.9152 38.1642 39.531 41.0231 42.6479 44.4133 46.3274 48.3983 50.6346 53.045 55.6384 58.4241 61.4113 64.6097 68.0292 71.6798 75.5718 
111.747 105.847 100.267 94.9951 90.0188 85.3269 80.9084 76.752 72.8471 69.183 65.7495 62.5365 59.534 56.7325 54.1225 51.6949 49.4408 47.3514 45.4182 43.633 41.9878 40.4749 39.0865 37.8155 36.6546 35.5972 33.8526 30.8197 28.3191 25.6546 23.3046 21.2602 19.1804 17.532 16.4032 15.0542 13.8222 12.8964 12.1221 11.4934 10.9463 10.5201 10.1163 9.77923 9.4585 9.23547 9.06447 8.90906 8.81127 8.72071 8.64236 8.57119 8.50453 8.36395 8.2224 8.08174 7.94196 7.81042 7.70691 7.60958 7.52548 7.4547 7.40356 7.44765 7.50599 7.63067 7.78165 8.16627 8.61343 9.10468 9.72251 10.4813 11.3764 12.4974 13.8801 15.2549 17.0404 19.0287 21.4595 23.7164 26.1913 29.2059 32.4439 35.5708 36.7033 37.9466 39.3079 40.7945 42.4139 44.1741 46.083 48.1489 50.3802 52.7857 55.3744 58.1553 61.138 64.3319 67.747 71.3934 75.2812 
112.57 106.651 101.052 95.7606 90.7656 86.0553 81.6184 77.4439 73.5211 69.8392 66.3882 63.1577 60.138 57.3195 54.6926 52.2484 49.9777 47.872 45.9227 44.1216 42.4606 40.9321 39.5283 38.242 37.0661 35.9938 34.2345 31.1871 28.6721 25.9935 23.6295 21.5712 19.4777 17.8158 16.6737 15.3115 14.0665 13.1278 12.3409 11.6997 11.1402 10.7018 10.286 9.93705 9.6046 9.37001 9.18761 9.02094 8.91204 8.81054 8.72139 8.63957 8.5624 8.41146 8.25971 8.10897 7.95927 7.81794 7.70479 7.59795 7.50448 7.42446 7.36422 7.39934 7.44885 7.56483 7.70724 8.08341 8.52225 9.00531 9.61508 10.3659 11.2532 12.3666 13.7418 15.1091 16.8874 18.8685 21.2922 23.5421 26.0101 29.0181 32.2495 35.3698 36.4959 37.733 39.0881 40.5686 42.1822 43.9365 45.8397 47.8999 50.1257 52.5258 55.1092 57.8849 60.8624 64.0514 67.4615 71.103 74.9862 
113.482 107.543 101.923 96.6121 91.597 86.8669 82.4104 78.2165 74.2744 70.5735 67.1036 63.8545 60.8163 57.9795 55.3346 52.8724 50.5841 48.4608 46.4942 44.676 42.9981 41.4527 40.0324 38.7298 37.5377 36.4493 34.6742 31.6112 29.0807 26.3867 24.0077 21.9345 19.8263 18.1498 16.9933 15.6169 14.3579 13.4053 12.6047 11.95 11.3772 10.9256 10.4969 10.135 9.78992 9.54283 9.34808 9.16924 9.04833 8.93498 8.83414 8.74077 8.65222 8.49006 8.32723 8.16558 8.00511 7.85316 7.72954 7.61238 7.50872 7.41867 7.34855 7.37392 7.41382 7.52033 7.6534 8.02039 8.45017 8.9243 9.52528 10.2675 11.1462 12.2512 13.6181 14.9773 16.7476 18.7209 21.1368 23.3791 25.8397 28.8403 32.0644 35.1776 36.2967 37.5269 38.8752 40.3491 41.9561 43.704 45.6008 47.6548 49.8745 52.2687 54.8461 57.6161 60.5879 63.7713 67.176 70.8122 74.6901 
114.487 108.526 102.885 97.5522 92.516 87.7647 83.2873 79.0727 75.1101 71.389 67.8989 64.6299 61.5721 58.7157 56.0515 53.5703 51.263 49.1211 47.136 45.2994 43.6034 42.0401 40.6021 39.2819 38.0725 36.967 35.175 32.0952 29.5482 26.8379 24.4426 22.3534 20.2295 18.5374 17.3654 15.9738 14.6998 13.7324 12.9171 12.2478 11.6608 11.195 10.7523 10.3767 10.0179 9.75741 9.5494 9.35747 9.22364 9.09753 8.98409 8.87831 8.77751 8.60325 8.42849 8.25507 8.08299 7.91958 7.78467 7.65637 7.54173 7.44084 7.36003 7.37487 7.40439 7.50066 7.62364 7.98068 8.40065 8.86512 9.45657 10.1894 11.0589 12.1548 13.5127 14.8631 16.6247 18.5894 20.9969 23.231 25.6834 28.6759 31.8922 34.9976 36.109 37.3317 38.6726 40.1392 41.739 43.4798 45.3698 47.417 49.63 52.0175 54.5885 57.3521 60.3178 63.495 66.8938 70.524 74.3961 
115.587 109.603 103.939 98.5834 93.5246 88.7511 84.2516 80.0151 76.0308 72.2881 68.7767 65.4866 62.4078 59.5308 56.8461 54.3446 52.0173 49.8554 47.8506 45.9946 44.2794 42.6971 41.2402 39.9014 38.6735 37.5498 35.7398 32.6421 30.0775 27.3498 24.9373 22.8311 20.6903 18.9815 17.7932 16.3853 15.0952 14.112 13.281 12.5963 11.9939 11.5131 11.0554 10.6651 10.2918 10.0169 9.7947 9.58876 9.4411 9.30134 9.17444 9.05536 8.94143 8.75422 8.56667 8.38063 8.1961 8.02042 7.87339 7.73313 7.6067 7.49419 7.4019 7.40543 7.42378 7.50904 7.62118 7.96751 8.37693 8.831 9.4122 10.1349 10.9945 12.0805 13.4288 14.7696 16.5218 18.4772 20.8757 23.1008 25.5443 28.5282 31.7359 34.8329 35.936 37.1505 38.4834 39.9421 41.5341 43.2673 45.1497 47.1895 49.3952 51.7756 54.3396 57.0963 60.0551 63.2256 66.6178 70.2416 74.1074 
116.783 110.774 105.086 99.7071 94.6246 89.8277 85.3049 81.0453 77.0381 73.2727 69.7389 66.4265 63.3256 60.4267 57.7204 55.1974 52.8489 50.666 48.6404 46.7639 45.0282 43.4258 41.949 40.5904 39.3431 38.2 36.3709 33.2544 30.6711 27.9249 25.4941 23.3699 21.2112 19.4848 18.279 16.8539 15.5468 14.5467 13.6991 12.9979 12.3793 11.8824 11.4089 11.0029 10.6142 10.324 10.0867 9.86586 9.70349 9.5492 9.40794 9.2747 9.14678 8.94577 8.7446 8.54511 8.3473 8.15852 7.99855 7.84554 7.70652 7.58158 7.47703 7.46847 7.47489 7.54839 7.64891 7.9838 8.38193 8.82486 9.39508 10.1069 10.9558 12.0313 13.3692 14.6998 16.4419 18.3874 20.7761 22.9915 25.4256 28.4001 31.5986 34.6865 35.7807 36.9864 38.3106 39.7608 41.3444 43.0693 44.9436 46.9754 49.1732 51.5458 54.1022 56.8513 59.8028 62.9661 66.3512 69.968 73.8269 
118.076 112.042 106.329 100.924 95.817 90.9953 86.4481 82.1643 78.1331 74.3439 70.7865 67.4507 64.3266 61.4048 58.6757 56.1301 53.7593 51.5543 49.5068 47.6086 45.8515 44.2278 42.73 41.3507 40.0828 38.9194 37.0701 33.9337 31.3307 28.565 26.115 23.9717 21.7942 20.0492 18.8249 17.3816 16.0565 15.0386 14.1734 13.4549 12.8191 12.3052 11.8149 11.3924 10.9872 10.6809 10.4276 10.191 10.0131 9.84338 9.68692 9.53866 9.39592 9.18026 8.96464 8.75088 8.53899 8.33629 8.1626 7.99603 7.84364 7.7055 7.58793 7.5665 7.56024 7.62122 7.70939 8.03209 8.4182 8.84927 9.40779 10.1081 10.9456 12.0099 13.3367 14.6564 16.3877 18.3226 20.7008 22.9059 25.3298 28.2943 31.4829 34.5611 35.6458 36.842 38.1569 39.5979 41.1725 42.8886 44.7541 46.7773 48.9667 51.3309 53.879 56.6202 59.5637 62.7192 66.0965 69.7058 73.5572 
119.466 113.405 107.666 102.235 97.1017 92.2543 87.6816 83.3724 79.3161 75.502 71.9199 68.5596 65.4113 62.4654 59.7125 57.1434 54.7491 52.521 50.4506 48.5296 46.7501 45.1041 43.5843 42.1831 40.8936 39.7089 37.8385 34.6811 32.0575 29.2713 26.8011 24.6377 22.4404 20.6758 19.4322 17.9698 16.6257 15.5891 14.7054 13.9686 13.3147 12.783 12.2751 11.835 11.4127 11.0893 10.8192 10.566 10.3716 10.1856 10.0132 9.84905 9.69067 9.45956 9.22868 8.99985 8.77308 8.55569 8.36749 8.1866 8.02007 7.86797 7.73662 7.7016 7.68191 7.72963 7.80473 8.11452 8.48789 8.90639 9.45251 10.1406 10.966 12.0184 13.3335 14.6416 16.3615 18.2851 20.6521 22.8463 25.2594 28.2132 31.3913 34.4591 35.5335 36.7197 38.0247 39.456 41.021 42.7275 44.5837 46.5977 48.778 51.1333 53.6727 56.4051 59.3401 62.4872 65.8563 69.4575 73.3009 
120.952 114.863 109.096 103.638 98.4781 93.6039 89.0045 84.669 80.5865 76.7464 73.1386 69.7528 66.5793 63.6083 60.8306 58.2368 55.8182 53.5659 51.4716 49.5269 47.7238 46.0547 44.5118 43.0879 41.7758 40.5688 38.6763 35.4971 32.8518 30.0442 27.5528 25.3685 23.1505 21.3654 20.1016 18.6191 17.2552 16.199 15.2959 14.5399 13.8671 13.3167 12.7902 12.3319 11.8915 11.5502 11.2625 10.9918 10.7801 10.5772 10.3878 10.2071 10.0323 9.78496 9.53804 9.29338 9.05096 8.81813 8.61467 8.41871 8.2373 8.07051 7.92465 7.87531 7.84148 7.87524 7.93656 8.23274 8.59269 8.99793 9.53096 10.2061 11.0188 12.0586 13.3613 14.6571 16.365 18.2766 20.6319 22.8145 25.2161 28.1586 31.3256 34.3824 35.446 36.6215 37.9161 39.3369 40.8917 42.5882 44.4344 46.4387 48.6093 50.9552 53.4852 56.2084 59.1343 62.2725 65.6328 69.2253 73.0602 
122.531 116.414 110.619 105.133 99.9444 95.0423 90.4153 86.0524 81.9427 78.0758 74.4412 71.029 67.8292 64.8322 62.0286 59.4093 56.9654 54.688 52.5688 50.5995 48.772 47.0787 45.5119 44.0643 42.7287 41.4985 39.583 36.381 33.7132 30.8834 28.3699 26.1638 23.9242 22.1178 20.8328 19.3295 17.9449 16.8683 15.945 15.169 14.4764 13.9064 13.3607 12.8833 12.424 12.064 11.7578 11.4689 11.2392 11.0185 10.8116 10.6134 10.4214 10.1571 9.89344 9.63221 9.37342 9.12442 8.90499 8.69325 8.49625 8.31407 8.15302 8.08866 8.04 8.05913 8.10599 8.3879 8.73376 9.12509 9.64438 10.306 11.1053 12.1319 13.4215 14.7045 16.3996 18.2987 20.6417 22.812 25.2016 28.1322 31.2874 34.3327 35.3849 36.5491 37.8326 39.2425 40.7865 42.4723 44.3081 46.302 48.4624 50.7983 53.3183 56.0318 58.9481 62.0769 65.4278 69.0111 72.837 
