# Please cite arXiv:2008.xxxxx
# The chisq test statistic between a given point in parameter space and the data including pulls from Daya Bay and KamLAND and marginalization over the other four oscillation parameters for a fixed MO
# The first two rows define the grid:
#   delta
#   s23sq
# The remaining rows are the chisq test statistic where the first row is at delta=0 and at increasing values of s23sq. The remaining rows are increasing values of delta.
0 0.0628319 0.125664 0.188496 0.251327 0.314159 0.376991 0.439823 0.502655 0.565487 0.628319 0.69115 0.753982 0.816814 0.879646 0.942478 1.00531 1.06814 1.13097 1.19381 1.25664 1.31947 1.3823 1.44513 1.50796 1.5708 1.63363 1.69646 1.75929 1.82212 1.88496 1.94779 2.01062 2.07345 2.13628 2.19911 2.26195 2.32478 2.38761 2.45044 2.51327 2.57611 2.63894 2.70177 2.7646 2.82743 2.89027 2.9531 3.01593 3.07876 3.14159 3.20442 3.26726 3.33009 3.39292 3.45575 3.51858 3.58142 3.64425 3.70708 3.76991 3.83274 3.89557 3.95841 4.02124 4.08407 4.1469 4.20973 4.27257 4.3354 4.39823 4.46106 4.52389 4.58673 4.64956 4.71239 4.77522 4.83805 4.90088 4.96372 5.02655 5.08938 5.15221 5.21504 5.27788 5.34071 5.40354 5.46637 5.5292 5.59203 5.65487 5.7177 5.78053 5.84336 5.90619 5.96903 6.03186 6.09469 6.15752 6.22035 6.28319 
0.3 0.304 0.308 0.312 0.316 0.32 0.324 0.328 0.332 0.336 0.34 0.344 0.348 0.352 0.356 0.36 0.364 0.368 0.372 0.376 0.38 0.384 0.388 0.392 0.396 0.4 0.404 0.408 0.412 0.416 0.42 0.424 0.428 0.432 0.436 0.44 0.444 0.448 0.452 0.456 0.46 0.464 0.468 0.472 0.476 0.48 0.484 0.488 0.492 0.496 0.5 0.504 0.508 0.512 0.516 0.52 0.524 0.528 0.532 0.536 0.54 0.544 0.548 0.552 0.556 0.56 0.564 0.568 0.572 0.576 0.58 0.584 0.588 0.592 0.596 0.6 0.604 0.608 0.612 0.616 0.62 0.624 0.628 0.632 0.636 0.64 0.644 0.648 0.652 0.656 0.66 0.664 0.668 0.672 0.676 0.68 0.684 0.688 0.692 0.696 0.7 
53.4199 52.5825 51.7612 50.9557 50.1657 49.3909 48.6312 47.8862 47.1559 46.44 45.7382 45.0505 44.3764 43.716 43.0688 42.4348 41.8137 41.2053 40.6094 40.0259 39.4546 38.8952 38.3476 37.8116 37.2871 36.7739 35.4881 32.8346 30.64 28.2141 26.0408 24.1164 22.1052 20.4789 19.3302 17.9239 16.6013 15.5557 14.6361 13.84 13.107 12.4793 11.8613 11.2998 10.747 10.2864 9.87423 9.4758 9.13461 8.80155 8.48263 8.17361 7.87243 7.50099 7.13239 6.76836 6.40858 6.05983 5.74113 5.42962 5.13108 4.84415 4.57345 4.39264 4.21859 4.10098 3.99719 4.1117 4.27033 4.45135 4.73372 5.12807 5.62576 6.3122 7.21876 8.07104 9.28296 10.6413 12.3805 13.8785 15.5215 17.6251 19.8667 21.9052 21.8508 21.8017 21.7578 21.719 21.6854 21.6568 21.6333 21.6147 21.601 21.5921 21.588 21.5887 21.5941 21.6041 21.6188 21.6379 21.6616 
54.9817 54.1231 53.2808 52.4543 51.6436 50.8482 50.0679 49.3026 48.552 47.8158 47.0939 46.3861 45.6922 45.012 44.3453 43.6918 43.0514 42.4239 41.8091 41.2067 40.6167 40.0387 39.4728 38.9186 38.376 37.8448 36.5412 33.8701 31.658 29.2147 27.0242 25.0828 23.0547 21.4116 20.2463 18.8235 17.4846 16.4228 15.4871 14.6752 13.9264 13.2831 12.6496 12.0728 11.5048 11.0292 10.6021 10.1889 9.83311 9.48557 9.1523 8.82907 8.51381 8.12844 7.74604 7.36834 6.99503 6.63288 6.30093 5.97628 5.66475 5.36496 5.08153 4.88812 4.70159 4.57165 4.45565 4.55808 4.70476 4.87396 5.14464 5.52742 6.01367 6.6888 7.58418 8.42539 9.62639 10.9739 12.7024 14.1899 15.8224 17.9157 20.1472 22.1757 22.1114 22.0524 21.9989 21.9506 21.9075 21.8697 21.8369 21.8093 21.7866 21.7689 21.7562 21.7483 21.7452 21.7469 21.7533 21.7643 21.78 
56.5987 55.7185 54.8546 54.0068 53.1747 52.3582 51.5569 50.7707 49.9993 49.2425 48.5001 47.7718 47.0576 46.3572 45.6704 44.997 44.3369 43.6898 43.0555 42.4338 41.8246 41.2277 40.6429 40.07 39.5089 38.9593 37.6375 34.9482 32.7183 30.2572 28.0491 26.0901 24.0447 22.3844 21.2021 19.7624 18.4068 17.3283 16.3762 15.548 14.7831 14.1237 13.4744 12.8819 12.2983 11.8072 11.3649 10.9365 10.5657 10.2033 9.8553 9.51749 9.18778 8.7881 8.39153 7.9998 7.61259 7.23669 6.89111 6.55298 6.2281 5.91509 5.61858 5.41222 5.21288 5.07025 4.9417 5.03171 5.16611 5.32315 5.58181 5.95269 6.42718 7.09067 7.97454 8.80438 9.99412 11.3305 13.048 14.5246 16.1464 18.2291 20.4501 22.4682 22.3937 22.3247 22.2612 22.203 22.1503 22.1028 22.0606 22.0236 21.9917 21.9649 21.9432 21.9264 21.9146 21.9076 21.9055 21.9082 21.9157 
58.264 57.363 56.4774 55.6077 54.7539 53.9158 53.093 52.2855 51.4929 50.7151 49.9517 49.2027 48.4677 47.7467 47.0395 46.3458 45.6655 44.9984 44.3443 43.7029 43.0742 42.4579 41.8539 41.2619 40.6818 40.1135 38.773 36.0653 33.817 31.3378 29.1117 27.1349 25.0718 23.3939 22.1942 20.7372 19.3645 18.2691 17.3002 16.4554 15.6739 14.9982 14.3326 13.724 13.1246 12.6177 12.1597 11.7159 11.3297 10.9521 10.5891 10.2364 9.89188 9.47757 9.06651 8.66043 8.25901 7.86903 7.50952 7.15759 6.81905 6.49252 6.18263 5.96302 5.75056 5.59495 5.45356 5.53085 5.65267 5.79726 6.0436 6.4023 6.86474 7.51631 8.38839 9.20657 10.3848 11.7098 13.416 14.8814 16.4922 18.5641 20.7743 22.7818 22.6968 22.6174 22.5436 22.4754 22.4127 22.3553 22.3034 22.2568 22.2154 22.1793 22.1483 22.1224 22.1016 22.0858 22.0749 22.069 22.068 
59.9731 59.0496 58.143 57.251 56.3751 55.515 54.6704 53.8412 53.0271 52.2278 51.4432 50.673 49.917 49.1751 48.4471 47.7328 47.032 46.3446 45.6703 45.0089 44.3603 43.7243 43.1007 42.4894 41.8901 41.3027 39.9433 37.2168 34.9499 32.4522 30.2077 28.2128 26.1317 24.4359 23.2185 21.744 20.3539 19.2412 18.2553 17.3934 16.5952 15.9028 15.2208 14.5958 13.9802 13.4573 12.9834 12.5238 12.122 11.7289 11.3505 10.9826 10.6231 10.1939 9.76809 9.3474 8.93151 8.5272 8.1535 7.78751 7.43506 7.09475 6.77122 6.53811 6.31228 6.14345 5.98896 6.0533 6.16229 6.29419 6.52798 6.87425 7.3244 7.96381 8.82386 9.63014 10.7966 12.11 13.8047 15.2587 16.8583 18.919 21.1182 23.1149 23.0191 22.9292 22.845 22.7664 22.6935 22.6261 22.5642 22.5077 22.4567 22.4109 22.3705 22.3353 22.3053 22.2804 22.2606 22.2459 22.2361 
61.7189 60.7726 59.8429 58.9296 58.0313 57.1489 56.2822 55.431 54.595 53.7741 52.9679 52.1763 51.3991 50.636 49.887 49.1518 48.4303 47.7223 47.0276 46.346 45.6773 45.0213 44.3779 43.7469 43.1281 42.5214 41.1428 38.3973 36.1116 33.5952 31.3322 29.3188 27.2195 25.5056 24.2703 22.7781 21.3703 20.2402 19.2369 18.3579 17.5427 16.8334 16.1346 15.4931 14.8611 14.3219 13.8319 13.3563 12.9387 12.5299 12.136 11.7527 11.378 10.9337 10.4929 10.0574 9.62681 9.20797 8.81987 8.43964 8.07307 7.71879 7.38142 7.13462 6.89524 6.71298 6.54521 6.5964 6.69238 6.8114 7.03244 7.36611 7.80378 8.43085 9.27868 10.0729 11.2274 12.5289 14.212 15.6545 17.2426 19.292 21.4801 23.4657 23.359 23.2583 23.1635 23.0744 22.9911 22.9134 22.8414 22.775 22.714 22.6586 22.6085 22.5638 22.5244 22.4903 22.4614 22.4376 22.419 
63.4931 62.5238 61.5712 60.6356 59.7146 58.8098 57.9207 57.0473 56.1893 55.3464 54.5185 53.7053 52.9067 52.1223 51.3521 50.5958 49.8534 49.1247 48.4094 47.7074 47.0184 46.3423 45.679 45.0282 44.3898 43.7636 42.3657 39.601 37.2962 34.761 32.4793 30.4474 28.3297 26.5976 25.3442 23.834 22.4085 21.2608 20.24 19.3437 18.5113 17.785 17.0694 16.4112 15.7626 15.207 14.7007 14.2091 13.7755 13.3509 12.9413 12.5425 12.1524 11.6928 11.2369 10.7865 10.3411 9.90761 9.50499 9.11037 8.72956 8.36118 8.00985 7.74922 7.49615 7.30034 7.11915 7.15707 7.2399 7.34592 7.55409 7.87502 8.30009 8.91469 9.75018 10.5322 11.6746 12.9642 14.6354 16.0663 17.6428 19.6808 21.8576 23.832 23.7144 23.6027 23.4971 23.3974 23.3036 23.2156 23.1333 23.0567 22.9858 22.9204 22.8606 22.8063 22.7574 22.7139 22.6758 22.6429 22.6153 
65.2866 64.2941 63.3186 62.3597 61.4173 60.4889 59.5774 58.6817 57.8015 56.9366 56.0868 55.2519 54.4317 53.6259 52.8344 52.0571 51.2938 50.5442 49.8083 49.0858 48.3765 47.6803 46.9969 46.3263 45.6681 45.0224 43.6051 40.8212 38.4974 35.9432 33.6428 31.5923 29.4561 27.7057 26.4342 24.906 23.4627 22.2973 21.259 20.3453 19.4957 18.7523 18.0198 17.3449 16.6796 16.1075 15.5849 15.0771 14.6275 14.187 13.7617 13.3473 12.9417 12.4669 11.9959 11.5304 11.0702 10.6219 10.2047 9.79567 9.40055 9.01801 8.65265 8.37813 8.11131 7.90189 7.70723 7.7318 7.80143 7.89438 8.08961 8.39774 8.81014 9.41221 10.2353 11.005 12.1353 13.4129 15.0722 16.4913 18.0563 20.0828 22.2482 24.2114 24.0826 23.96 23.8436 23.7332 23.6288 23.5303 23.4377 23.3509 23.2699 23.1946 23.125 23.061 23.0025 22.9496 22.9021 22.86 22.8233 
67.0893 66.0736 65.0751 64.0932 63.1267 62.1767 61.2427 60.3247 59.4224 58.5355 57.6638 56.8072 55.9654 55.1382 54.3255 53.5271 52.7429 51.9726 51.2161 50.4731 49.7435 49.0272 48.3239 47.6334 46.9556 46.2904 44.8537 42.0507 39.7078 37.1347 34.8155 32.7465 30.5919 28.8233 27.5336 25.9875 24.5263 23.3433 22.2875 21.3565 20.4897 19.7293 18.9799 18.2882 17.6063 17.0178 16.479 15.955 15.4894 15.0331 14.592 14.1621 13.741 13.2509 12.7648 12.2843 11.8092 11.3463 10.9145 10.491 10.0816 9.68492 9.30555 9.01715 8.7366 8.51358 8.30544 8.31668 8.37312 8.45301 8.63532 8.93065 9.33038 9.91992 10.7306 11.4881 12.6062 13.8718 15.5193 16.9266 18.4799 20.495 22.649 24.601 24.4611 24.3275 24.2002 24.079 23.964 23.8551 23.7522 23.6552 23.5641 23.4788 23.3993 23.3256 23.2576 23.1951 23.1383 23.087 23.0412 
68.8903 67.8516 66.8302 65.8244 64.8353 63.8628 62.9065 61.9663 61.0419 60.1331 59.2397 58.3615 57.4982 56.6498 55.816 54.9967 54.1917 53.4008 52.6239 51.8606 51.1109 50.3746 49.6514 48.9413 48.244 47.5594 46.1035 43.2814 40.9196 38.3279 35.9901 33.9026 31.7297 29.943 28.6353 27.0714 25.5926 24.392 23.3189 22.3706 21.4868 20.7095 19.9433 19.235 18.5366 17.9318 17.3767 16.8367 16.3552 15.8832 15.4265 14.9811 14.5448 14.0395 13.5383 13.043 12.5531 12.0756 11.6293 11.1915 10.7679 10.3572 9.96388 9.66171 9.3675 9.13097 8.90946 8.90746 8.95078 9.01769 9.18715 9.46977 9.85692 10.434 11.2324 11.9776 13.0837 14.3374 15.973 17.3687 18.9105 20.914 23.0568 24.9976 24.8466 24.7021 24.564 24.4322 24.3066 24.1873 24.0741 23.9669 23.8657 23.7706 23.6813 23.5979 23.5202 23.4484 23.3822 23.3217 23.2669 
70.6778 69.6162 68.5706 67.5423 66.5308 65.536 64.5576 63.5955 62.6493 61.7188 60.8039 59.9043 59.0199 58.1505 57.296 56.4561 55.6306 54.8194 54.0222 53.239 52.4694 51.7134 50.9706 50.2411 49.5246 48.8208 47.346 44.5051 42.1247 39.5144 37.1583 35.0526 32.8617 31.0571 29.7317 28.1502 26.6539 25.4361 24.3458 23.3806 22.4799 21.6859 20.9031 20.1784 19.4638 18.8429 18.2719 17.716 17.2188 16.7313 16.2592 15.7985 15.3471 14.8268 14.3108 13.8008 13.2964 12.8044 12.3439 11.8919 11.4543 11.0297 10.6227 10.3069 9.99919 9.74932 9.5146 9.49951 9.52989 9.58399 9.74076 10.0108 10.3855 10.9503 11.7365 12.4697 13.5639 14.8058 16.4297 17.8139 19.3442 21.3365 23.4681 25.3979 25.236 25.0807 24.9319 24.7895 24.6535 24.5239 24.4004 24.2832 24.1721 24.0671 23.9681 23.8751 23.788 23.7068 23.6315 23.5619 23.498 
72.4392 71.3529 70.2852 69.2347 68.2013 67.1846 66.1845 65.2007 64.2331 63.2814 62.3453 61.4249 60.5198 59.6299 58.755 57.8949 57.0493 56.2182 55.4013 54.5984 53.8093 53.0339 52.2721 51.5235 50.7881 50.0656 48.5722 45.7129 43.3142 40.6858 38.3117 36.1882 33.9796 32.1574 30.8147 29.2159 27.7025 26.4677 25.3607 24.3788 23.4616 22.6512 21.8522 21.1114 20.3809 19.7442 19.1575 18.5861 18.0736 17.5708 17.0837 16.608 16.1418 15.6068 15.0763 14.5518 14.0331 13.527 13.0525 12.5866 12.1353 11.6971 11.2766 10.9474 10.6265 10.3636 10.1159 10.088 10.1057 10.1472 10.2915 10.5493 10.9118 11.4645 12.2388 12.9602 14.0426 15.2729 16.8855 18.2583 19.7774 21.7586 23.8792 25.7982 25.6256 25.4597 25.3004 25.1476 25.0014 24.8616 24.7282 24.6011 24.4802 24.3655 24.257 24.1546 24.0582 23.9678 23.8834 23.8049 23.7321 
74.1577 73.0506 71.9611 70.8891 69.8341 68.7961 67.7748 66.77 65.7815 64.8091 63.8526 62.9119 61.9867 61.0769 60.1821 59.3023 58.4373 57.5867 56.7506 55.9286 55.1206 54.3264 53.5458 52.7787 52.0249 51.2843 49.7728 46.8955 44.479 41.833 39.4414 37.3005 35.0747 33.2355 31.8758 30.2602 28.7302 27.4789 26.3555 25.3574 24.4241 23.5978 22.7831 22.0266 21.2806 20.6285 20.0266 19.4401 18.9126 18.395 17.8931 17.4029 16.9223 16.373 15.8283 15.2898 14.7573 14.2374 13.7492 13.2699 12.8052 12.3537 11.9201 11.5779 11.2442 10.9685 10.7082 10.6678 10.6731 10.7024 10.8346 11.0804 11.431 11.972 12.7346 13.4445 14.5156 15.7346 17.336 18.6978 20.206 22.1764 24.2863 26.1947 26.0117 25.8354 25.6659 25.5031 25.3469 25.1972 25.054 24.9173 24.7869 24.6628 24.545 24.4334 24.3279 24.2286 24.1353 24.048 23.9667 
75.8239 74.6956 73.5851 72.4921 71.4164 70.3578 69.316 68.291 67.2825 66.2903 65.3142 64.3539 63.4093 62.4802 61.5663 60.6675 59.7835 58.9143 58.0595 57.2191 56.3928 55.5804 54.7818 53.9968 53.2253 52.467 50.9381 48.0435 45.6098 42.9467 40.5382 38.3806 36.1382 34.2825 32.9064 31.2747 29.7286 28.4614 27.3222 26.3085 25.3596 24.518 23.688 22.9164 22.1554 21.4884 20.8718 20.2708 19.7288 19.1968 18.6808 18.1766 17.682 17.119 16.5606 16.0085 15.4626 14.9294 14.4281 13.9357 13.458 12.9938 12.5475 12.1928 11.8466 11.5586 11.2862 11.2337 11.2271 11.2445 11.3651 11.5992 11.9384 12.468 13.2194 13.9182 14.9783 16.1864 17.777 19.1281 20.6258 22.5858 24.6854 26.5836 26.3904 26.2042 26.0248 25.8523 25.6864 25.5272 25.3746 25.2285 25.0889 24.9557 24.8289 24.7084 24.5942 24.4861 24.3843 24.2886 24.1989 
77.4229 76.2743 75.1436 74.0307 72.9353 71.8571 70.7961 69.7518 68.7242 67.7131 66.7181 65.7391 64.7759 63.8283 62.8961 61.9791 61.0771 60.1899 59.3174 58.4593 57.6154 56.7857 55.9698 55.1677 54.3792 53.6041 52.0584 49.1473 46.6971 44.0177 41.5931 39.4194 37.161 35.2896 33.8979 32.2506 30.6892 29.4067 28.2524 27.2237 26.26 25.4036 24.559 23.773 22.9977 22.3165 21.6858 21.0708 20.515 19.9694 19.4398 18.9221 18.4141 17.8379 17.2664 16.7014 16.1426 15.5967 15.0828 14.578 14.088 13.6115 13.153 12.7864 12.4283 12.1285 11.8444 11.7804 11.7624 11.7685 11.8778 12.1009 12.4291 12.9478 13.6885 14.3766 15.4262 16.6239 18.2042 19.5451 21.0327 22.9827 25.0724 26.9608 26.758 26.5622 26.3734 26.1915 26.0163 25.848 25.6863 25.5313 25.3828 25.2409 25.1055 24.9765 24.8539 24.7375 24.6275 24.5237 24.426 
78.9411 77.7736 76.6241 75.4925 74.3786 73.282 72.2026 71.1401 70.0944 69.0653 68.0524 67.0557 66.0749 65.1098 64.1602 63.226 62.3069 61.4027 60.5133 59.6384 58.778 57.9317 57.0995 56.2812 55.4766 54.6855 53.124 50.1971 47.7314 45.0366 42.5966 40.4077 38.1343 36.2479 34.8414 33.1795 31.6034 30.3065 29.1379 28.095 27.1172 26.2469 25.3885 24.5888 23.7998 23.1052 22.4612 21.8329 21.2641 20.7054 20.163 19.6326 19.112 18.5232 17.9394 17.3621 16.7911 16.2332 15.7074 15.1907 14.689 14.2009 13.731 13.3529 12.9836 12.6727 12.3775 12.3026 12.2737 12.2691 12.3678 12.5804 12.8982 13.4066 14.1371 14.8151 15.8547 17.0426 18.6131 19.9443 21.4224 23.3629 25.4432 27.3224 27.1104 26.9056 26.7078 26.517 26.3331 26.156 25.9858 25.8223 25.6655 25.5153 25.3717 25.2346 25.104 24.9798 24.862 24.7505 24.6452 
80.3663 79.1811 78.0141 76.865 75.7337 74.6198 73.5232 72.4437 71.3811 70.335 69.3055 68.2921 67.2948 66.3133 65.3475 64.3971 63.4619 62.5418 61.6366 60.7461 59.8701 59.0084 58.1609 57.3274 56.5077 55.7016 54.1253 51.1837 48.7034 45.9941 43.5397 41.3366 39.0491 37.1487 35.7283 34.0526 32.463 31.1525 29.9705 28.9143 27.9234 27.04 26.1686 25.356 24.5544 23.8472 23.1906 22.55 21.9689 21.3981 20.8436 20.3013 19.7689 19.1684 18.573 17.9842 17.4018 16.8326 16.2956 15.7678 15.2552 14.7562 14.2756 13.8869 13.507 13.1856 12.8801 12.7949 12.7559 12.7413 12.8301 13.0328 13.3409 13.8397 14.5606 15.2292 16.2594 17.438 18.9994 20.3216 21.7907 23.7223 25.7939 27.6644 27.4438 27.2305 27.0243 26.8251 26.633 26.4479 26.2696 26.0981 25.9335 25.7756 25.6243 25.4797 25.3416 25.21 25.0849 24.9662 24.8538 
81.6859 80.4843 79.301 78.1358 76.9883 75.8585 74.746 73.6507 72.5724 71.5108 70.4658 69.4371 68.4245 67.4279 66.447 65.4817 64.5317 63.5969 62.6771 61.772 60.8817 60.0057 59.1441 58.2965 57.4629 56.643 55.053 52.0978 49.604 46.8813 44.4137 42.1974 39.8968 37.9835 36.5503 34.8619 33.2596 31.9367 30.7422 29.6738 28.6707 27.7752 26.8919 26.0675 25.2541 24.5352 23.8672 23.2151 22.6227 22.0406 21.475 20.9216 20.3783 19.7671 19.1609 18.5615 17.9686 17.389 16.8416 16.3037 15.7809 15.2719 14.7813 14.3828 13.9931 13.6621 13.3471 13.2524 13.2041 13.1802 13.2598 13.4534 13.7525 14.2424 14.9545 15.6144 16.636 17.8061 19.359 20.6728 22.1336 24.057 26.1205 27.9829 27.7544 27.5332 27.3192 27.1124 26.9127 26.72 26.5343 26.3556 26.1837 26.0186 25.8602 25.7086 25.5636 25.4252 25.2933 25.168 25.0491 
82.8874 81.671 80.4729 79.2929 78.1309 76.9865 75.8596 74.75 73.6574 72.5816 71.5225 70.4798 69.4534 68.443 67.4484 66.4695 65.506 64.5579 63.6255 62.7066 61.8031 60.9142 60.0397 59.1793 58.333 57.5006 55.8981 52.9305 50.4245 47.6896 45.2099 42.9817 40.6693 38.7442 37.2993 35.5999 33.9857 32.6514 31.4457 30.366 29.3519 28.4454 27.5513 26.7161 25.892 25.1626 24.484 23.8216 23.2188 22.6266 22.0509 21.4875 20.9343 20.3131 19.6972 19.0882 18.4857 17.8966 17.3399 16.7926 16.2607 15.7425 15.2429 14.8355 14.437 14.0972 13.7735 13.6702 13.6134 13.581 13.6523 13.8377 14.1286 14.6104 15.3145 15.9665 16.9802 18.1425 19.6877 20.9939 22.4471 24.3631 26.4192 28.2743 28.0386 27.8102 27.5892 27.3754 27.1688 26.9693 26.7768 26.5914 26.4129 26.2413 26.0765 25.9186 25.7673 25.6227 25.4847 25.3533 25.2284 
83.9594 82.7297 81.5185 80.3254 79.1503 77.993 76.8532 75.7308 74.6255 73.5371 72.4654 71.4103 70.3715 69.3488 68.342 67.351 66.3755 65.4154 64.4705 63.5406 62.6255 61.725 60.839 59.9673 59.1097 58.266 56.6524 53.6739 51.1569 48.4112 45.9207 43.6819 41.3589 39.4233 37.968 36.2578 34.6339 33.2895 32.0737 30.9841 29.9601 29.0439 28.14 27.2953 26.4617 25.7228 25.0349 24.3632 23.7513 23.15 22.5653 21.9929 21.4309 20.801 20.1764 19.5588 18.9478 18.3503 17.7852 17.2296 16.6894 16.1632 15.6556 15.2401 14.8338 14.4862 14.1547 14.0438 13.9794 13.9395 14.0033 14.1814 14.465 14.9396 15.6365 16.2813 17.2881 18.4434 19.9817 21.2811 22.7276 24.637 26.6865 28.5351 28.2929 28.0582 27.8309 27.6109 27.3981 27.1926 26.9941 26.8028 26.6184 26.441 26.2705 26.1069 25.95 25.7999 25.6565 25.5197 25.3895 
84.8915 83.6503 82.4276 81.2231 80.0367 78.8681 77.7171 76.5836 75.4672 74.3678 73.2853 72.2193 71.1698 70.1364 69.119 68.1175 67.1316 66.1611 65.2059 64.2658 63.3405 62.43 61.534 60.6524 59.785 58.9316 57.3084 54.3202 51.7938 49.0387 46.5389 44.2908 41.9586 40.0139 38.5496 36.8304 35.1976 33.8444 32.6199 31.5217 30.4892 29.5645 28.6522 27.7991 26.9572 26.2102 25.5141 24.8344 24.2145 23.6053 23.0128 22.4327 21.8629 21.2255 20.5933 19.9682 19.3499 18.745 18.1727 17.6099 17.0626 16.5293 16.0147 15.5923 15.1791 14.8247 14.4865 14.3689 14.2978 14.2514 14.3087 14.4803 14.7576 15.2259 15.9166 16.5553 17.5559 18.7052 20.2376 21.5311 22.9718 24.8754 26.9192 28.7622 28.5144 28.2742 28.0414 27.816 27.5979 27.3871 27.1835 26.987 26.7975 26.6151 26.4397 26.2711 26.1094 25.9545 25.8063 25.6649 25.5301 
85.6743 84.4234 83.191 81.977 80.7811 79.603 78.4426 77.2997 76.1741 75.0655 73.9738 72.8988 71.8402 70.7978 69.7716 68.7612 67.7665 66.7873 65.8235 64.8748 63.941 63.0221 62.1177 61.2278 60.3522 59.4906 57.8593 54.8631 52.3286 49.5656 47.058 44.8021 42.4622 40.5099 39.038 37.3113 35.6711 34.3105 33.0787 31.9732 30.9335 30.0016 29.0823 28.2222 27.3734 26.6195 25.9166 25.2302 24.6036 23.9877 23.3886 22.802 22.2258 21.5819 20.9434 20.312 19.6874 19.0763 18.4979 17.929 17.3757 16.8365 16.3159 15.8877 15.4687 15.1086 14.7647 14.6415 14.5649 14.513 14.5649 14.7311 15.0031 15.4661 16.1516 16.7852 17.7807 18.925 20.4523 21.7409 23.1767 25.0755 27.1145 28.9528 28.7004 28.4555 28.2182 27.9883 27.7657 27.5505 27.3425 27.1417 26.948 26.7614 26.5817 26.4091 26.2433 26.0844 25.9323 25.7869 25.6482 
86.2999 85.0412 83.8012 82.5795 81.3759 80.1903 79.0224 77.872 76.739 75.623 74.524 73.4417 72.3758 71.3263 70.293 69.2755 68.2738 67.2877 66.3169 65.3613 64.4208 63.4951 62.584 61.6875 60.8052 59.9372 58.2993 55.2967 52.7559 49.9866 47.4727 45.2105 42.8645 40.906 39.4281 37.6953 36.0491 34.6826 33.4449 32.3336 31.288 30.3505 29.4254 28.5596 27.7053 26.9458 26.2375 25.5455 24.9135 24.2923 23.6879 23.0961 22.5147 21.8656 21.222 20.5856 19.956 19.34 18.7567 18.183 17.6249 17.0809 16.5557 16.1228 15.6992 15.3345 14.9861 14.8585 14.7775 14.7212 14.7688 14.9307 15.1985 15.6573 16.3387 16.9681 17.9596 19.0999 20.6233 21.9079 23.3399 25.2348 27.27 29.1045 28.8484 28.5999 28.3589 28.1254 27.8993 27.6806 27.4691 27.2649 27.0678 26.8778 26.6949 26.519 26.35 26.1879 26.0326 25.8842 25.7424 
86.7618 85.4974 84.2516 83.0242 81.815 80.6238 79.4503 78.2944 77.1558 76.0343 74.9298 73.8421 72.7709 71.716 70.6773 69.6546 68.6476 67.6563 66.6803 65.7196 64.774 63.8432 62.9271 62.0256 61.1384 60.2654 58.6227 55.6153 53.0697 50.2956 47.777 45.5102 43.1595 41.1965 39.714 37.9768 36.3261 34.9552 33.7132 32.5975 31.5477 30.6059 29.6767 28.8068 27.9483 27.1847 26.4723 25.7764 25.1405 24.5154 23.9071 23.3114 22.7262 22.0734 21.4261 20.7859 20.1527 19.5331 18.9461 18.3689 17.8073 17.2599 16.7312 16.2949 15.8679 15.4999 15.1482 15.0173 14.9331 14.8736 14.918 15.0768 15.3415 15.7972 16.4756 17.102 18.0905 19.2279 20.7484 22.0301 23.4592 25.3513 27.3838 29.2155 28.9567 28.7055 28.4619 28.2257 27.997 27.7757 27.5617 27.355 27.1554 26.963 26.7776 26.5993 26.428 26.2635 26.106 25.9552 25.8112 
87.052 85.7838 84.5343 83.3032 82.0903 80.8954 79.7183 78.5588 77.4166 76.2916 75.1836 74.0924 73.0177 71.9594 70.9173 69.8912 68.8809 67.8863 66.9071 65.9431 64.9942 64.0603 63.1411 62.2364 61.3461 60.47 58.8243 55.8138 53.2652 50.4882 47.9666 45.697 43.3434 41.3775 39.8922 38.1522 36.4987 35.125 33.8803 32.762 31.7095 30.765 29.8332 28.9607 28.0996 27.3335 26.6186 25.9202 25.2818 24.6542 24.0435 23.4454 22.8578 22.2027 21.5531 20.9106 20.2751 19.6532 19.0641 18.4847 17.9208 17.3712 16.8404 16.402 15.9729 15.6028 15.2491 15.1161 15.0298 14.9684 15.0108 15.1677 15.4303 15.8842 16.5606 17.1852 18.1719 19.3074 20.8261 22.106 23.5333 25.4237 27.4544 29.2844 29.0239 28.771 28.5257 28.2879 28.0576 27.8347 27.6191 27.4108 27.2096 27.0157 26.8288 26.649 26.4762 26.3103 26.1512 25.9991 25.8536 
87.164 85.8944 84.6434 83.4108 82.1965 81.0002 79.8216 78.6607 77.5171 76.3908 75.2814 74.1888 73.1127 72.0531 71.0097 69.9823 68.9707 67.9748 66.9943 66.0291 65.0789 64.1437 63.2233 62.3174 61.4259 60.5487 58.9017 55.8901 53.3403 50.5621 48.0394 45.7686 43.4139 41.4469 39.9606 38.2194 36.5649 35.1902 33.9444 32.825 31.7715 30.826 29.8931 29.0196 28.1576 27.3905 26.6746 25.9752 25.3359 24.7074 24.0957 23.4967 22.9082 22.2521 21.6016 20.9583 20.3218 19.6991 19.1091 18.5288 17.9641 17.4136 16.882 16.4428 16.0129 15.642 15.2874 15.1537 15.0666 15.0044 15.046 15.2021 15.4641 15.9172 16.5929 17.2167 18.2026 19.3374 20.8554 22.1347 23.5613 25.4509 27.481 29.3103 29.0491 28.7956 28.5496 28.3112 28.0802 27.8567 27.6405 27.4315 27.2298 27.0352 26.8478 26.6674 26.4939 26.3275 26.1679 26.0151 25.8691 
87.097 85.8282 84.578 83.3463 82.1327 80.9371 79.7594 78.5992 77.4564 76.3308 75.2222 74.1304 73.0551 71.9962 70.9535 69.9269 68.916 67.9208 66.9411 65.9766 65.0272 64.0927 63.1729 62.2677 61.3769 60.5004 58.8542 55.8432 53.2941 50.5166 47.9946 45.7244 43.3704 41.4041 39.9183 38.1779 36.524 35.1499 33.9047 32.7859 31.733 30.7882 29.8559 28.983 28.1215 27.355 26.6397 25.9409 25.3021 24.6741 24.063 23.4646 22.8766 22.2211 21.5711 20.9283 20.2924 19.6702 19.0806 18.5009 17.9367 17.3867 16.8555 16.4168 15.9874 15.6169 15.2628 15.1296 15.0429 14.9812 15.0233 15.1798 15.4422 15.8957 16.5718 17.1961 18.1824 19.3176 20.836 22.1157 23.5427 25.4327 27.4631 29.2929 29.0321 28.7789 28.5333 28.2952 28.0646 27.8414 27.6256 27.417 27.2156 27.0213 26.8342 26.6541 26.481 26.3149 26.1556 26.0031 25.8575 
86.8567 85.5908 84.3435 83.1146 81.9039 80.7112 79.5363 78.379 77.239 76.1161 75.0103 73.9212 72.8486 71.7925 70.7525 69.7285 68.7203 67.7277 66.7505 65.7886 64.8418 63.9099 62.9926 62.09 61.2017 60.3276 58.6838 55.6752 53.1286 50.3534 47.8338 45.566 43.2143 41.2503 39.7669 38.0287 36.377 35.0052 33.7622 32.6457 31.5949 30.6523 29.7222 28.8514 27.992 27.2276 26.5144 25.8177 25.1809 24.555 23.946 23.3495 22.7635 22.11 21.4619 20.821 20.1871 19.5667 18.9791 18.4012 17.8388 17.2907 16.7613 16.3244 15.8967 15.528 15.1757 15.0441 14.9591 14.8991 14.9428 15.101 15.3649 15.8201 16.4978 17.1236 18.1115 19.2482 20.7681 22.0493 23.4778 25.3693 27.4012 29.2323 28.9729 28.7211 28.4769 28.2402 28.011 27.7891 27.5745 27.3672 27.1671 26.9742 26.7883 26.6095 26.4376 26.2726 26.1146 25.9633 25.8188 
86.4468 85.1859 83.9436 82.7196 81.5139 80.326 79.156 78.0035 76.8683 75.7502 74.6491 73.5647 72.4968 71.4453 70.4099 69.3905 68.3868 67.3987 66.426 65.4686 64.5261 63.5985 62.6857 61.7873 60.9032 60.0334 58.3938 55.3894 52.8469 50.0758 47.5603 45.2965 42.9488 40.9887 39.5092 37.7749 36.1271 34.7591 33.5199 32.4071 31.3601 30.4211 29.4947 28.6275 27.7717 27.0109 26.3012 25.608 24.9747 24.3522 23.7466 23.1535 22.5708 21.9206 21.2758 20.6382 20.0075 19.3903 18.8058 18.2311 17.6719 17.1268 16.6005 16.1666 15.742 15.3763 15.0269 14.8983 14.8162 14.759 14.8056 14.9666 15.2333 15.6913 16.3717 17.0002 17.9908 19.1301 20.6526 21.9364 23.3674 25.2614 27.2958 29.1294 28.8725 28.6231 28.3813 28.1469 27.92 27.7004 27.4881 27.2831 27.0852 26.8944 26.7107 26.534 26.3642 26.2013 26.0453 25.8961 25.7536 
85.8715 84.6177 83.3824 82.1654 80.9665 79.7856 78.6224 77.4767 76.3482 75.2369 74.1424 73.0646 72.0033 70.9583 69.9294 68.9164 67.9191 66.9374 65.971 65.0197 64.0835 63.162 62.2552 61.3629 60.4849 59.6209 57.9872 54.9887 52.452 49.6867 47.1768 44.9187 42.5766 40.6221 39.1481 37.4193 35.7769 34.4143 33.1804 32.0729 31.0311 30.0973 29.176 28.314 27.4633 26.7074 26.0027 25.3144 24.686 24.0683 23.4675 22.8791 22.3012 21.6556 21.0154 20.3824 19.7561 19.1435 18.5635 17.9931 17.4382 16.8975 16.3755 15.9458 15.5253 15.1638 14.8185 14.694 14.616 14.5628 14.6134 14.7783 15.049 15.5107 16.195 16.8273 17.8216 18.9647 20.4909 21.7783 23.2129 25.1105 27.1483 28.9855 28.7319 28.4859 28.2475 28.0164 27.7928 27.5764 27.3674 27.1655 26.9707 26.783 26.6024 26.4287 26.2619 26.102 25.9488 25.8025 25.6628 
85.1369 83.8921 82.6657 81.4576 80.2677 79.0955 77.9411 76.804 75.6842 74.5814 73.4955 72.4262 71.3733 70.3366 69.316 68.3112 67.3221 66.3484 65.3901 64.4468 63.5185 62.6049 61.7059 60.8213 59.9509 59.0946 57.4685 54.4774 51.9481 49.1902 46.6876 44.4367 42.1018 40.1544 38.6875 36.9656 35.3302 33.9744 32.7474 31.6467 30.6116 29.6844 28.7697 27.9142 27.0699 26.3205 25.6221 24.9401 24.3179 23.7065 23.1117 22.5294 21.9575 21.3178 20.6836 20.0564 19.4359 18.829 18.2547 17.6899 17.1406 16.6054 16.0888 15.6646 15.2495 14.8933 14.5533 14.4339 14.3611 14.313 14.3686 14.5385 14.8142 15.2809 15.97 16.6071 17.6062 18.754 20.2849 21.5769 23.0162 24.9183 26.9607 28.8022 28.5531 28.3114 28.0773 27.8505 27.631 27.4188 27.2138 27.016 26.8252 26.6415 26.4648 26.2949 26.132 25.9758 25.8264 25.6837 25.5476 
84.2504 83.0165 81.801 80.6037 79.4244 78.2629 77.119 75.9924 74.8831 73.7907 72.715 71.6559 70.6132 69.5866 68.576 67.5811 66.6019 65.638 64.6894 63.7558 62.837 61.9329 61.0433 60.1681 59.307 58.4599 56.8428 53.8608 51.3405 48.5915 46.0977 43.8556 41.5294 39.5906 38.1322 36.4188 34.7917 33.4443 32.2255 31.1329 30.1059 29.1868 28.28 27.4324 26.5959 25.8543 25.1636 24.4891 23.8745 23.2705 22.6831 22.1081 21.5435 20.9111 20.2839 19.6638 19.0503 18.4504 17.8829 17.3249 16.7824 16.2538 15.7439 15.3262 14.9175 14.5677 14.2341 14.121 14.0544 14.0125 14.0742 14.2502 14.5318 15.0044 15.6994 16.3424 17.3472 18.5007 20.0372 21.3348 22.7796 24.6872 26.735 28.582 28.3381 28.1017 27.8728 27.6511 27.4367 27.2296 27.0295 26.8366 26.6507 26.4717 26.2997 26.1345 25.9762 25.8246 25.6796 25.5414 25.4097 
83.221 81.9997 80.7968 79.612 78.4452 77.296 76.1644 75.0501 73.9529 72.8725 71.8089 70.7617 69.7307 68.716 67.7169 66.7336 65.7659 64.8134 63.876 62.9536 62.046 61.153 60.2743 59.41 58.5596 57.7232 56.1168 53.1453 50.6354 47.8968 45.4133 43.1813 40.8652 38.9364 37.488 35.7844 34.1671 32.8293 31.6201 30.537 29.5195 28.6096 27.7121 26.8736 26.0463 25.3136 24.6319 23.9663 23.3604 22.7651 22.1863 21.6199 21.0637 20.4396 19.8208 19.2089 18.6036 18.0116 17.4521 16.9021 16.3674 15.8466 15.3443 14.9342 14.5332 14.1908 13.8646 13.7588 13.6995 13.6647 13.7336 13.9166 14.2052 14.6847 15.3865 16.0362 17.0477 18.2078 19.7509 21.055 22.5062 24.4201 26.4742 28.3274 28.0897 27.8595 27.6365 27.4208 27.2124 27.011 26.8167 26.6295 26.4492 26.2758 26.1093 25.9495 25.7965 25.6502 25.5106 25.3775 25.2509 
82.0588 80.8518 79.6631 78.4925 77.3398 76.2046 75.0869 73.9864 72.9029 71.8362 70.7861 69.7523 68.7348 67.7332 66.7474 65.7772 64.8223 63.8828 62.9582 62.0485 61.1534 60.2729 59.4067 58.5546 57.7164 56.8921 55.2977 52.3381 49.84 47.1131 44.6412 42.4208 40.1161 38.1986 36.7613 35.0689 33.4627 32.1358 30.9374 29.8651 28.8582 27.959 27.0719 26.2438 25.4267 24.7043 24.0326 23.377 22.7811 22.1956 21.6266 21.0698 20.5231 19.9085 19.299 18.6964 18.1003 17.5176 16.9671 16.426 15.9002 15.3881 14.8946 14.4931 14.1006 13.7667 13.4488 13.3513 13.3002 13.2735 13.3504 13.5414 13.8378 14.3251 15.0347 15.692 16.7111 17.8787 19.4292 20.7406 22.199 24.1202 26.1814 28.0416 27.8109 27.5875 27.3714 27.1624 26.9606 26.7659 26.5781 26.3973 26.2234 26.0563 25.896 25.7424 25.5954 25.4551 25.3213 25.1941 25.0733 
80.7749 79.5839 78.411 77.256 76.1188 74.9992 73.8968 72.8116 71.7433 70.6917 69.6566 68.6377 67.6349 66.648 65.6768 64.721 63.7806 62.8552 61.9448 61.0492 60.1681 59.3013 58.4488 57.6103 56.7857 55.9748 54.3937 51.4473 48.9622 46.2488 43.7892 41.5815 39.2894 37.3845 35.9597 34.2796 32.6855 31.3708 30.1844 29.124 28.1289 27.2413 26.3659 25.5492 24.7436 24.0324 23.3719 22.7274 22.1426 21.5678 21.0096 20.4635 19.9274 19.3233 18.7242 18.1319 17.546 16.9733 16.4328 15.9017 15.3856 14.8833 14.3994 14.0075 13.6244 13.2998 12.9912 12.9029 12.8608 12.8432 12.929 13.1288 13.4339 13.9299 14.648 15.3138 16.3412 17.5171 19.0758 20.3953 21.8618 23.7909 25.8599 27.7279 27.5049 27.2891 27.0805 26.8791 26.6846 26.4972 26.3166 26.1429 25.9761 25.8159 25.6625 25.5157 25.3754 25.2417 25.1145 24.9937 24.8793 
79.3796 78.2062 77.0509 75.9134 74.7935 73.6909 72.6054 71.5369 70.4851 69.4499 68.431 67.4284 66.4417 65.4707 64.5153 63.5753 62.6505 61.7407 60.8457 59.9653 59.0993 58.2476 57.41 56.5863 55.7764 54.9801 53.4134 50.4813 48.0105 45.3106 42.8656 40.6717 38.3935 36.5021 35.0908 33.4241 31.8433 30.5418 29.3685 28.321 27.3387 26.4639 25.601 24.7969 24.0036 23.3047 22.6564 22.0239 21.4509 20.8881 20.3416 19.8071 19.2826 18.6899 18.1021 17.521 16.9462 16.3845 15.8549 15.3345 14.8292 14.3375 13.864 13.4824 13.1096 12.7952 12.4967 12.4184 12.3862 12.3783 12.4738 12.6832 12.9978 13.5032 14.2306 14.9056 15.9421 17.127 18.6946 20.023 21.4982 23.4359 25.5135 27.3899 27.1753 26.9678 26.7674 26.574 26.3876 26.2081 26.0354 25.8694 25.7102 25.5576 25.4116 25.2722 25.1393 25.0127 24.8926 24.7788 24.6713 
77.8858 76.7314 75.5949 74.4761 73.3747 72.2906 71.2234 70.1731 69.1394 68.122 67.1208 66.1355 65.166 64.2122 63.2738 62.3507 61.4426 60.5494 59.6709 58.8068 57.9571 57.1216 56.3 55.4922 54.698 53.9173 52.3661 49.4494 46.9938 44.309 41.879 39.7 37.4364 35.5598 34.1629 32.5106 30.9441 29.6567 28.4974 27.4638 26.4953 25.6341 24.7848 23.994 23.214 22.5283 21.893 21.2735 20.7134 20.1632 19.6293 19.1073 18.5951 18.0146 17.439 16.8698 16.3069 15.757 15.2391 14.7303 14.2364 13.756 13.2938 12.9234 12.5616 12.2581 11.9704 11.9028 11.8812 11.8838 11.9897 12.2093 12.5342 13.0496 13.7869 14.4718 15.5182 16.7127 18.2899 19.6277 21.1122 23.0592 25.146 27.0315 26.8258 26.6272 26.4356 26.2509 26.0731 25.902 25.7377 25.58 25.429 25.2845 25.1465 25.015 24.8898 24.771 24.6585 24.5523 24.4522 
76.3074 75.173 74.0564 72.9573 71.8756 70.811 69.7633 68.7322 67.7175 66.7191 65.7367 64.7702 63.8192 62.8836 61.9633 61.058 60.1677 59.2921 58.4311 57.5844 56.7519 55.9334 55.1288 54.3378 53.5603 52.7961 51.2613 48.3609 45.9215 43.2527 40.8386 38.6754 36.4274 34.5662 33.1847 31.5476 29.9962 28.7238 27.5793 26.5604 25.6065 24.7598 23.9248 23.1483 22.3823 21.7105 21.0891 20.4833 19.9366 19.4 18.8794 18.3706 17.8715 17.304 16.7412 16.1848 15.6345 15.0971 14.5915 14.095 13.6132 13.1449 12.6945 12.3359 11.9858 11.6939 11.4176 11.3613 11.3509 11.3647 11.4815 11.7121 12.0477 12.5738 13.3217 14.017 15.0737 16.2785 17.8658 19.2137 20.7081 22.6649 24.7614 26.6565 26.4603 26.2711 26.0888 25.9132 25.7445 25.5824 25.427 25.2781 25.1357 24.9998 24.8703 24.7471 24.6302 24.5196 24.4151 24.3168 24.2245 
74.6585 73.545 72.4492 71.3708 70.3096 69.2654 68.2379 67.2269 66.2323 65.2537 64.291 63.344 62.4124 61.4961 60.5949 59.7086 58.8369 57.9798 57.137 56.3085 55.4941 54.6935 53.9066 53.1332 52.3732 51.6264 50.1088 47.2255 44.803 42.151 39.7535 37.6068 35.3752 33.5302 32.1649 30.5437 29.0082 27.7514 26.6225 25.619 24.6804 23.8488 23.0288 22.2672 21.516 20.8588 20.2519 19.6604 19.128 18.6055 18.0989 17.6039 17.1185 16.5646 16.0153 15.4722 14.9352 14.4108 13.9183 13.4346 12.9655 12.5098 12.0719 11.7256 11.3878 11.108 10.8437 10.7993 10.8007 10.8261 10.9545 11.1964 11.5434 12.0806 12.8396 13.5459 14.6134 15.8289 17.4268 18.7852 20.2901 22.2572 24.3638 26.2689 26.0827 25.9033 25.7307 25.5648 25.4056 25.2529 25.1068 24.9671 24.8338 24.7068 24.5861 24.4717 24.3634 24.2613 24.1652 24.0752 23.9912 
72.9531 71.8612 70.7869 69.7299 68.69 67.6668 66.6603 65.6702 64.6962 63.7382 62.7959 61.8691 60.9577 60.0613 59.1799 58.3132 57.4611 56.6232 55.7996 54.9899 54.1943 53.4122 52.6438 51.8887 51.1468 50.418 48.9183 46.0527 43.6478 41.0132 38.633 36.5035 34.2889 32.4608 31.1122 29.5076 27.9885 26.748 25.6353 24.6478 23.725 22.9092 22.1048 21.3586 20.6228 19.9808 19.3889 18.8124 18.2947 17.7869 17.2948 16.8142 16.343 15.8032 15.2679 14.7387 14.2154 13.7046 13.2255 12.7551 12.2993 11.8567 11.4318 11.0983 10.7732 10.506 10.2541 10.2221 10.2357 10.2732 10.4135 10.6673 11.026 11.5749 12.3453 13.063 14.1418 15.3684 16.9774 18.3466 19.8623 21.84 23.9572 25.8728 25.6969 25.5277 25.3652 25.2093 25.0599 24.917 24.7805 24.6503 24.5264 24.4087 24.2972 24.1918 24.0925 23.9992 23.9119 23.8305 23.755 
71.2048 70.1351 69.0829 68.0479 67.0297 66.0283 65.0433 64.0745 63.1218 62.1849 61.2636 60.3576 59.4668 58.5909 57.7299 56.8834 56.0512 55.2333 54.4293 53.6392 52.8628 52.0999 51.3505 50.6143 49.8911 49.1808 47.6995 44.8522 42.4654 39.8488 37.4864 35.3745 33.1774 31.3667 30.0353 28.4478 26.9456 25.7219 24.6258 23.6548 22.7484 21.9488 21.1605 20.4302 19.7102 19.0838 18.5074 17.9463 17.4439 16.9511 16.4739 16.0081 15.5517 15.0264 14.5055 13.9906 13.4814 12.9846 12.5194 12.0628 11.6206 11.1914 10.7798 10.4596 10.1475 9.89329 9.65427 9.63494 9.66112 9.71107 9.86374 10.1298 10.5005 11.0613 11.8436 12.573 13.6633 14.9015 16.5217 17.9022 19.429 21.4177 23.5457 25.4721 25.3068 25.1481 24.996 24.8503 24.7111 24.5782 24.4515 24.3311 24.2169 24.1087 24.0066 23.9106 23.8204 23.7362 23.6579 23.5853 23.5185 
69.4268 68.3798 67.3501 66.3374 65.3415 64.3622 63.3991 62.4522 61.5211 60.6057 59.7057 58.8209 57.9512 57.0963 56.2559 55.43 54.6183 53.8206 53.0368 52.2667 51.51 50.7667 50.0367 49.3197 48.6157 47.9244 46.4619 43.6332 41.2649 38.6667 36.3225 34.2287 32.0495 30.2565 28.9427 27.3727 25.8878 24.6813 23.6022 22.6481 21.7584 20.9753 20.2034 19.4895 18.7856 18.1752 17.6147 17.0692 16.5824 16.105 15.6431 15.1925 14.751 14.2407 13.7344 13.2341 12.7393 12.2569 11.8059 11.3633 10.935 10.5196 10.1217 9.81493 9.51623 9.27525 9.04934 9.04299 9.08203 9.1447 9.30996 9.58844 9.97151 10.5446 11.3389 12.0803 13.1825 14.4323 16.0641 17.4561 18.9942 20.9941 23.1333 25.0705 24.9161 24.7682 24.6266 24.4914 24.3625 24.2398 24.1233 24.0128 23.9084 23.81 23.7175 23.6309 23.5502 23.4752 23.406 23.3424 23.2845 
67.6318 66.6078 65.6008 64.6108 63.6374 62.6804 61.7396 60.8147 59.9056 59.012 58.1336 57.2703 56.4219 55.5881 54.7688 53.9637 53.1727 52.3956 51.6322 50.8822 50.1456 49.4222 48.7119 48.0145 47.3299 46.6579 45.2145 42.4048 40.0552 37.4757 35.15 33.0745 30.9135 29.1386 27.8426 26.2904 24.823 23.6339 22.5721 21.6352 20.7624 19.9962 19.241 18.5436 17.856 17.2619 16.7175 16.188 15.7169 15.2552 14.8089 14.3736 13.9474 13.4521 12.9608 12.4753 11.9952 11.5273 11.0907 10.6623 10.2481 9.84671 9.46266 9.16964 8.88451 8.65697 8.44437 8.4512 8.50328 8.57886 8.7569 9.04803 9.44362 10.029 10.8357 11.5892 12.7034 13.9651 15.6087 17.0122 18.5618 20.5731 22.7235 24.6719 24.5285 24.3914 24.2606 24.136 24.0175 23.9051 23.7988 23.6984 23.604 23.5154 23.4327 23.3557 23.2844 23.2188 23.1588 23.1044 23.0555 
65.8318 64.8308 63.8468 62.8795 61.9288 60.9943 60.0759 59.1732 58.2862 57.4145 56.5579 55.7162 54.8893 54.0768 53.2786 52.4946 51.7244 50.968 50.2251 49.4955 48.7791 48.0757 47.3854 46.7077 46.0427 45.3901 43.966 41.1754 38.8449 36.2841 33.9771 31.9201 29.7775 28.0207 26.7429 25.2085 23.7589 22.5874 21.543 20.6233 19.7677 19.0185 18.2801 17.5994 16.9284 16.3506 15.8224 15.309 14.8539 14.408 13.9773 13.5576 13.1467 12.6667 12.1905 11.7199 11.2546 10.8014 10.3792 9.96527 9.56532 9.17799 8.80791 8.52872 8.25728 8.0433 7.84412 7.86424 7.92947 8.01806 8.209 8.51288 8.92108 9.51901 10.338 11.1037 12.23 13.5037 15.1591 16.5744 18.1355 20.1583 22.32 24.2797 24.1473 24.0211 23.9011 23.7871 23.6792 23.5772 23.4811 23.3909 23.3065 23.2278 23.1549 23.0875 23.0258 22.9696 22.9189 22.8737 22.8338 
64.0378 63.0599 62.0988 61.1544 60.2263 59.3144 58.4184 57.538 56.673 55.8232 54.9885 54.1684 53.363 52.5719 51.7949 51.0318 50.2826 49.5468 48.8245 48.1153 47.4192 46.736 46.0656 45.4078 44.7624 44.1293 42.7246 39.9532 37.6417 35.0998 32.8115 30.7731 28.6489 26.9104 25.6507 24.1342 22.7025 21.5486 20.5217 19.6194 18.781 18.0488 17.3273 16.6633 16.0089 15.4476 14.9357 14.4384 13.9993 13.5693 13.1543 12.7501 12.3546 11.8899 11.4288 10.9732 10.5228 10.0842 9.67665 9.27712 8.89145 8.51827 8.16219 7.89686 7.63915 7.43876 7.25304 7.28647 7.36489 7.46653 7.67038 7.98705 8.4079 9.01834 9.84974 10.6277 11.7661 13.0518 14.7191 16.1461 17.7188 19.7531 21.9261 23.8969 23.7756 23.6603 23.5511 23.4478 23.3504 23.2588 23.173 23.0929 23.0185 22.9498 22.8866 22.8289 22.7767 22.7299 22.6885 22.6524 22.6216 
62.2601 61.3052 60.367 59.4453 58.5399 57.6504 56.7767 55.9184 55.0755 54.2476 53.4345 52.6361 51.852 51.0822 50.3263 49.5842 48.8557 48.1406 47.4388 46.7499 46.0741 45.411 44.7605 44.1225 43.4968 42.8832 41.4978 38.7456 36.4531 33.9301 31.6605 29.6406 27.5348 25.8146 24.5729 23.0743 21.6603 20.5241 19.5147 18.6296 17.8084 17.0932 16.3886 15.7413 15.1034 14.5586 14.0629 13.5818 13.1586 12.7444 12.3451 11.9564 11.5764 11.1268 10.6808 10.2402 9.80456 9.3807 8.98764 8.60249 8.23108 7.87199 7.52987 7.27838 7.03436 6.84752 6.67521 6.72192 6.81348 6.92814 7.14486 7.47426 7.90772 8.53063 9.37436 10.1645 11.315 12.6126 14.2917 15.7304 17.3147 19.3604 21.5447 23.5267 23.4163 23.3119 23.2133 23.1206 23.0337 22.9524 22.8769 22.8069 22.7425 22.6835 22.6301 22.582 22.5392 22.5018 22.4696 22.4426 22.4208 
60.5081 59.576 58.6605 57.7614 56.8783 56.0111 55.1595 54.3233 53.5022 52.696 51.9044 51.1274 50.3646 49.6158 48.8808 48.1595 47.4517 46.7571 46.0755 45.407 44.7512 44.1081 43.4775 42.8592 42.253 41.6587 40.2925 37.5593 35.2858 32.7815 30.5304 28.529 26.4415 24.7393 23.5156 22.0349 20.6386 19.5198 18.5277 17.6599 16.8557 16.1574 15.4695 14.8388 14.2174 13.6888 13.2093 12.7442 12.3369 11.9384 11.5546 11.1813 10.8165 10.3821 9.95115 9.52534 9.10439 8.69509 8.31644 7.94557 7.58828 7.2432 6.91494 6.67716 6.44672 6.27332 6.11432 6.1742 6.27879 6.40635 6.63584 6.97787 7.42383 8.05911 8.91507 9.71732 10.8798 12.1892 13.8801 15.3303 16.9261 18.983 21.1785 23.1714 23.0719 22.9782 22.8903 22.808 22.7314 22.6604 22.595 22.535 22.4804 22.4312 22.3873 22.3487 22.3153 22.2871 22.264 22.246 22.2331 
58.7901 57.8806 56.9875 56.1107 55.2497 54.4045 53.5748 52.7602 51.9607 51.1759 50.4057 49.6497 48.9079 48.1799 47.4657 46.7649 46.0774 45.4031 44.7417 44.0933 43.4575 42.8341 42.2231 41.6243 41.0374 40.4623 39.115 36.4007 34.1458 31.66 29.4274 27.4442 25.3747 23.6905 22.4845 21.0214 19.6425 18.541 17.5661 16.7153 15.9279 15.2463 14.575 13.9607 13.3555 12.8431 12.3795 11.9301 11.5385 11.1555 10.7871 10.4291 10.0794 9.65993 9.24375 8.83261 8.42618 8.03125 7.66684 7.31007 6.96674 6.63547 6.32089 6.09665 5.87962 5.7195 5.57363 5.64652 5.76397 5.90426 6.14634 6.50084 6.95913 7.6066 8.47463 9.28882 10.4631 11.7842 13.4866 14.9482 16.5552 18.6232 20.8296 22.8333 22.7445 22.6614 22.5839 22.512 22.4456 22.3847 22.3292 22.279 22.2341 22.1945 22.1601 22.1308 22.1066 22.0875 22.0733 22.0642 22.0599 
57.1137 56.2264 55.3553 54.5004 53.6612 52.8377 52.0294 51.2363 50.4579 49.6942 48.9449 48.2097 47.4885 46.7811 46.0872 45.4066 44.7392 44.0849 43.4436 42.8149 42.1987 41.5948 41.0032 40.4235 39.8556 39.2993 37.9708 35.275 33.0385 30.571 28.3564 26.3912 24.3395 22.6729 21.4844 20.0386 18.6769 17.5925 16.6344 15.8003 15.0296 14.3644 13.7093 13.1112 12.522 12.0254 11.5775 11.1437 10.7675 10.3998 10.0465 9.70349 9.36862 8.96384 8.56221 8.16548 7.77333 7.39254 7.04213 6.69921 6.3696 6.05192 5.75079 5.53987 5.33601 5.18892 5.05596 5.14162 5.27171 5.42451 5.67896 6.04574 6.5161 7.17555 8.05543 8.88133 10.0672 11.3997 13.1134 14.5861 16.2041 18.283 20.5001 22.5144 22.4361 22.3634 22.2961 22.2343 22.1779 22.1269 22.0811 22.0405 22.0051 21.9749 21.9497 21.9296 21.9144 21.9041 21.8988 21.8982 21.9025 
55.4854 54.6198 53.7704 52.9369 52.1191 51.3167 50.5296 49.7573 48.9998 48.2567 47.5279 46.8131 46.1122 45.4248 44.7509 44.0902 43.4428 42.8082 42.1864 41.5771 40.9802 40.3954 39.8227 39.2618 38.7126 38.1748 36.8647 34.1871 31.9686 29.519 27.3222 25.3745 23.3402 21.6909 20.5196 19.0908 17.7459 16.6782 15.7367 14.919 14.1645 13.5154 12.8763 12.2939 11.7205 11.2394 10.8069 10.3883 10.0272 9.67445 9.33599 9.00764 8.6873 8.29691 7.90954 7.52693 7.14875 6.7818 6.44509 6.11574 5.79956 5.49518 5.20721 5.00931 4.81834 4.68402 4.56368 4.66183 4.80429 4.96931 5.23586 5.61457 6.0968 6.76797 7.65942 8.49676 9.69389 11.0376 12.7622 14.2458 15.8745 17.9639 20.1916 22.2163 22.1482 22.0855 22.0283 21.9764 21.9297 21.8882 21.852 21.8208 21.7947 21.7735 21.7574 21.7461 21.7397 21.7381 21.7412 21.7491 21.7616 
53.9108 53.0664 52.2381 51.4256 50.6287 49.847 49.0805 48.3287 47.5914 46.8686 46.1598 45.4649 44.7837 44.1161 43.4619 42.8209 42.1928 41.5775 40.9748 40.3845 39.8064 39.2403 38.6861 38.1436 37.6126 37.0929 35.8007 33.1408 30.94 28.5079 26.3284 24.3979 22.3806 20.7482 19.5936 18.1814 16.853 15.8015 14.8762 14.0745 13.3359 12.7025 12.079 11.5121 10.9539 10.4879 10.0705 9.66681 9.32044 8.98225 8.65824 8.3442 8.03804 7.66169 7.28822 6.91937 6.55483 6.20137 5.87802 5.5619 5.25881 4.96738 4.69223 4.50703 4.32862 4.20673 4.09869 4.20901 4.36351 4.54044 4.81877 5.20913 5.70289 6.38544 7.28812 8.13651 9.34456 10.699 12.4343 13.9285 15.5676 17.6674 19.9052 21.94 21.8819 21.829 21.7815 21.7391 21.7019 21.6698 21.6428 21.6207 21.6035 21.5913 21.5839 21.5812 21.5833 21.5901 21.6015 21.6175 21.6381 
52.3946 51.5709 50.7632 49.9712 49.1945 48.433 47.6865 46.9546 46.2372 45.5339 44.8447 44.1693 43.5076 42.8594 42.2244 41.6024 40.9933 40.3968 39.8127 39.2408 38.6811 38.1332 37.597 37.0724 36.5591 36.057 34.7822 32.1397 29.956 27.5409 25.3782 23.4644 21.4638 19.8478 18.7095 17.3134 16.001 14.9654 14.0558 13.2696 12.5464 11.9284 11.32 10.7681 10.2248 9.77355 9.37068 8.98146 8.6494 8.32539 8.01543 7.71529 7.4229 7.06019 6.70022 6.34474 5.99343 5.65308 5.3427 5.03942 4.74904 4.47019 4.20749 4.03461 3.86839 3.75856 3.66246 3.78458 3.95075 4.13924 4.42899 4.83065 5.33553 6.02904 6.94255 7.80165 9.02029 10.3852 12.1308 13.6352 15.2845 17.3943 19.6419 21.6864 21.6379 21.5946 21.5565 21.5234 21.4953 21.4723 21.4541 21.4408 21.4324 21.4287 21.4297 21.4354 21.4457 21.4605 21.4799 21.5038 21.5321 
50.9409 50.1372 49.3494 48.5772 47.8203 47.0784 46.3513 45.6387 44.9405 44.2566 43.5865 42.9303 42.2875 41.6581 41.0417 40.4382 39.8474 39.2691 38.7031 38.1492 37.6072 37.077 36.5583 36.051 35.5549 35.0699 33.812 31.1863 29.0192 26.6205 24.4743 22.5767 20.5921 18.992 17.8695 16.4891 15.1921 14.1719 13.2775 12.5065 11.7982 11.1949 10.6013 10.0639 9.53494 9.09798 8.70924 8.33401 8.01581 7.70552 7.40916 7.12248 6.84342 6.4939 6.14704 5.80446 5.46596 5.13828 4.84045 4.54959 4.2715 4.00481 3.75415 3.59317 3.43874 3.34056 3.25599 3.38952 3.56698 3.76661 4.06736 4.47984 4.99542 5.6995 6.62346 7.4929 8.72176 10.0968 11.8524 13.3667 15.0256 17.145 19.4022 21.4561 21.4169 21.3828 21.3536 21.3295 21.3103 21.2959 21.2863 21.2815 21.2814 21.2859 21.2951 21.3088 21.3269 21.3496 21.3766 21.408 21.4438 
49.5525 48.7683 47.9998 47.2468 46.5089 45.786 45.0778 44.3842 43.7049 43.0397 42.3882 41.7504 41.126 40.5147 39.9164 39.3308 38.7577 38.197 37.6485 37.1119 36.5871 36.0739 35.5721 35.0816 34.6022 34.1336 32.8921 30.2825 28.1315 25.7488 23.6183 21.7364 19.7673 18.1826 17.0753 15.71 14.428 13.4226 12.5429 11.7864 11.0926 10.5037 9.92412 9.40076 8.88573 8.46253 8.08742 7.72568 7.42085 7.12381 6.84055 6.56685 6.30064 5.96385 5.62954 5.29947 4.97331 4.65784 4.3721 4.0932 3.82696 3.57199 3.33292 3.18341 3.04032 2.95337 2.8799 3.0244 3.21267 3.42295 3.73422 4.1571 4.68296 5.39722 6.33124 7.21062 8.44929 9.83404 11.5992 13.123 14.7913 16.92 19.1863 21.2492 21.2189 21.1936 21.1731 21.1575 21.1468 21.1407 21.1394 21.1427 21.1506 21.163 21.1799 21.2013 21.227 21.2571 21.2915 21.3301 21.3729 
48.2319 47.4665 46.7166 45.9822 45.2629 44.5586 43.8689 43.1936 42.5325 41.8853 41.2518 40.6318 40.025 39.4312 38.8503 38.2819 37.726 37.1822 36.6505 36.1306 35.6224 35.1256 34.6401 34.1657 33.7023 33.2496 32.0239 29.4299 27.2944 24.927 22.8117 20.9448 18.9907 17.4208 16.3281 14.9773 13.7098 12.7186 11.8531 11.1106 10.4306 9.85541 9.2895 8.77962 8.27794 7.86797 7.50596 7.1572 6.86521 6.58089 6.31022 6.049 5.79513 5.47056 5.14835 4.83025 4.51594 4.2122 3.93807 3.67066 3.41577 3.17204 2.94409 2.80558 2.67338 2.59718 2.53431 2.68925 2.88783 3.10831 3.42967 3.86252 4.39824 5.12224 6.06589 6.9548 8.20288 9.59692 11.3713 12.9041 14.5814 16.7189 18.994 21.0656 21.0438 21.0268 21.0147 21.0073 21.0046 21.0065 21.0131 21.0241 21.0396 21.0596 21.0839 21.1126 21.1456 21.1827 21.2241 21.2696 21.3192 
46.9809 46.2337 45.5021 44.7858 44.0845 43.3981 42.7261 42.0684 41.4248 40.795 40.1787 39.5757 38.9859 38.4089 37.8447 37.2929 36.7534 36.2259 35.7104 35.2065 34.7141 34.2331 33.7633 33.3044 32.8563 32.4189 31.2082 28.6292 26.5085 24.1558 22.0551 20.2027 18.2628 16.7071 15.6285 14.2917 13.0379 12.0604 11.2084 10.4794 9.81269 9.25063 8.69776 8.2008 7.71191 7.31461 6.96515 6.62881 6.34912 6.07697 5.81836 5.56907 5.32702 5.01414 4.70351 4.39686 4.09389 3.80137 3.53833 3.2819 3.03788 2.8049 2.58758 2.45957 2.33772 2.27171 2.21891 2.38381 2.59225 2.82247 3.15346 3.59584 4.14098 4.87428 5.82713 6.72512 7.98219 9.38509 11.1682 12.7097 14.3956 16.5415 18.8249 20.9047 20.891 20.8821 20.8779 20.8783 20.8833 20.8928 20.9068 20.9252 20.948 20.9751 21.0065 21.0421 21.0819 21.1258 21.1738 21.2259 21.2819 
45.8013 45.0717 44.3576 43.6586 42.9746 42.3053 41.6503 41.0095 40.3826 39.7694 39.1696 38.583 38.0093 37.4487 36.9002 36.3643 35.8405 35.3286 34.8285 34.34 33.8628 33.3969 32.9419 32.4979 32.0645 31.6416 30.4453 27.8806 25.7741 23.4355 21.3487 19.5101 17.5839 16.0418 14.9766 13.6531 12.4125 11.4481 10.609 9.89273 9.23875 8.68927 8.14884 7.66421 7.18753 6.80232 6.46482 6.14033 5.87238 5.61185 5.36473 5.12682 4.89604 4.59431 4.2947 3.99897 3.7068 3.42497 3.17251 2.92654 2.69287 2.4701 2.26285 2.14476 2.03271 1.9764 1.9332 2.10758 2.3254 2.56489 2.90505 3.35649 3.91058 4.65274 5.61433 6.52096 7.78657 9.19791 10.9894 12.5391 14.233 16.387 18.6783 20.7659 20.76 20.7586 20.7619 20.7697 20.782 20.7987 20.8198 20.8452 20.8749 20.9088 20.9468 20.989 21.0353 21.0856 21.1399 21.1981 21.2603 
44.6937 43.9809 43.2835 42.6011 41.9336 41.2805 40.6418 40.0171 39.4062 38.8088 38.2247 37.6537 37.0956 36.5501 36.017 35.4962 34.9873 34.4903 34.005 33.531 33.0684 32.6168 32.1761 31.7461 31.3267 30.9177 29.7352 27.1841 25.0911 22.7659 20.6923 18.8669 16.9537 15.4245 14.3721 13.0612 11.8331 10.8811 10.0544 9.3503 8.70839 8.17086 7.64227 7.16936 6.70429 6.33056 6.00444 5.69122 5.43441 5.18492 4.94873 4.72163 4.50154 4.2104 3.92127 3.63591 3.35399 3.08231 2.83988 2.60381 2.37989 2.16674 1.969 1.86032 1.75757 1.71047 1.67636 1.85974 2.08645 2.33474 2.68359 3.14361 3.7062 4.45674 5.42662 6.34143 7.61512 9.03445 10.8338 12.3913 14.0929 16.2545 18.5533 20.6483 20.6496 20.6554 20.6658 20.6806 20.6997 20.7232 20.751 20.783 20.8192 20.8595 20.9038 20.9522 21.0046 21.061 21.1212 21.1853 21.2531 
43.6581 42.9613 42.2798 41.6132 40.9613 40.3238 39.7005 39.091 38.4953 37.913 37.3438 36.7877 36.2442 35.7133 35.1947 34.6882 34.1936 33.7107 33.2393 32.7793 32.3303 31.8924 31.4652 31.0486 30.6425 30.2467 29.0772 26.539 24.4588 22.1463 20.0853 18.2723 16.3715 14.8545 13.8142 12.5153 11.2991 10.3589 9.54378 8.85127 8.2208 7.69459 7.17721 6.7154 6.26132 5.89847 5.58312 5.28056 5.03431 4.79526 4.5694 4.35253 4.14257 3.86148 3.58222 3.30666 3.03444 2.77232 2.5393 2.31252 2.09779 1.89373 1.70498 1.6052 1.51125 1.47284 1.44733 1.63921 1.87432 2.13092 2.48797 2.95611 3.5267 4.28516 5.26286 6.1854 7.46671 8.89357 10.7004 12.2652 13.9741 16.1428 18.4486 20.5506 20.5587 20.5714 20.5884 20.6097 20.6354 20.6653 20.6993 20.7375 20.7798 20.8261 20.8764 20.9306 20.9888 21.0507 21.1165 21.186 21.2592 
42.694 42.0124 41.3459 40.6942 40.0571 39.4343 38.8256 38.2307 37.6493 37.0812 36.5262 35.9841 35.4546 34.9374 34.4325 33.9396 33.4584 32.9889 32.5307 32.0838 31.6479 31.2228 30.8084 30.4045 30.0109 29.6275 28.4703 25.9444 23.8763 21.5757 19.5266 17.7253 15.8362 14.3307 13.3019 12.0143 10.8094 9.88026 9.07614 8.39452 7.77484 7.25931 6.75251 6.30117 5.85745 5.50487 5.19968 4.90717 4.67086 4.44165 4.22554 4.01831 3.81789 3.54619 3.2763 3.00992 2.74675 2.49357 2.2694 2.05137 1.8453 1.64981 1.46953 1.37811 1.29244 1.26222 1.2448 1.44468 1.6877 1.95211 2.31688 2.79264 3.37077 4.13667 5.12172 6.05151 7.33999 8.77392 10.5877 12.1594 13.8751 16.0505 18.363 20.4714 20.486 20.505 20.5283 20.5558 20.5875 20.6234 20.6633 20.7073 20.7553 20.8073 20.8631 20.9228 20.9863 21.0535 21.1245 21.1991 21.2773 
41.8005 41.1332 40.4808 39.8433 39.2202 38.6113 38.0163 37.435 36.8672 36.3125 35.7709 35.2419 34.7255 34.2214 33.7293 33.2492 32.7807 32.3237 31.878 31.4434 31.0197 30.6068 30.2044 29.8124 29.4306 29.0589 27.9133 25.3989 23.3421 21.0528 19.0149 17.2247 15.3465 13.8519 12.8338 11.5569 10.3625 9.44383 8.65005 7.97867 7.36912 6.86363 6.36676 5.92525 5.49127 5.14832 4.85266 4.56959 4.34262 4.12265 3.91568 3.7175 3.52599 3.26309 3.00186 2.74406 2.48937 2.24458 2.02871 1.8189 1.62094 1.43348 1.26114 1.17758 1.09967 1.07712 1.06728 1.27466 1.52508 1.79681 2.16881 2.65171 3.2369 4.00977 5.00169 5.93828 7.23346 8.674 10.4943 12.0725 13.7945 15.9762 18.2948 20.4094 20.43 20.4549 20.484 20.5173 20.5546 20.5961 20.6415 20.6909 20.7443 20.8014 20.8624 20.9272 20.9957 21.0678 21.1436 21.2229 21.3057 
40.9763 40.3224 39.6834 39.0591 38.4491 37.8532 37.2711 36.7027 36.1475 35.6055 35.0763 34.5598 34.0556 33.5637 33.0837 32.6156 32.159 31.7137 31.2797 30.8567 30.4444 30.0429 29.6517 29.2709 28.9002 28.5394 27.4047 24.901 22.8549 20.5762 18.5487 16.7689 14.9009 13.4165 12.4084 11.1415 9.95692 9.04802 8.26392 7.6021 7.00203 6.50592 6.01834 5.58602 5.16114 4.82719 4.54044 4.26618 4.04794 3.83659 3.63812 3.44831 3.26507 3.01035 2.75722 2.50743 2.26066 2.02371 1.81559 1.61344 1.42307 1.24311 1.07818 1.00195 0.931279 0.915886 0.913126 1.12749 1.38482 1.66337 2.04211 2.53167 3.12343 3.90279 4.90112 5.84403 7.14546 8.59216 10.4185 12.0027 13.7306 15.9182 18.2425 20.3628 20.389 20.4194 20.4539 20.4925 20.5351 20.5817 20.6323 20.6867 20.745 20.8071 20.8728 20.9423 21.0154 21.092 21.1722 21.2559 21.343 
40.22 39.5786 38.9521 38.3401 37.7423 37.1586 36.5886 36.0321 35.4888 34.9585 34.441 33.936 33.4433 32.9628 32.4941 32.0371 31.5916 31.1573 30.7341 30.3219 29.9204 29.5293 29.1487 28.7783 28.4179 28.0673 26.9427 24.449 22.4129 20.1439 18.1262 16.356 14.4976 13.0226 12.0239 10.7662 9.59087 8.69106 7.91595 7.26304 6.67179 6.1844 5.70546 5.28169 4.86526 4.53968 4.26122 3.99513 3.78493 3.58152 3.39091 3.20886 3.03332 2.7862 2.5406 2.29825 2.05885 1.82918 1.62827 1.43325 1.24992 1.07692 0.918871 0.849442 0.785501 0.776753 0.78056 1.00142 1.26515 1.55003 1.93503 2.43076 3.02861 3.81399 4.81826 5.76703 7.07424 8.52665 10.3587 11.9484 13.6818 15.8747 18.2044 20.3299 20.3612 20.3967 20.4362 20.4798 20.5273 20.5787 20.634 20.693 20.7559 20.8224 20.8926 20.9663 21.0437 21.1245 21.2087 21.2964 21.3874 
39.5298 38.9001 38.2851 37.6845 37.0982 36.5257 35.9669 35.4214 34.8892 34.3698 33.8631 33.3688 32.8868 32.4168 31.9585 31.5119 31.0766 30.6526 30.2395 29.8372 29.4456 29.0644 28.6935 28.3327 27.9818 27.6407 26.5254 24.041 22.0141 19.7542 17.7455 15.9842 14.1347 12.6684 11.6784 10.4293 9.26245 8.37105 7.60426 6.95959 6.37649 5.89717 5.42621 5.01035 4.60172 4.28383 4.01295 3.75435 3.55157 3.35551 3.17215 2.99729 2.82886 2.58878 2.35013 2.11467 1.88208 1.65914 1.46489 1.27644 1.09962 0.933051 0.781363 0.718218 0.660485 0.657874 0.667742 0.894585 1.16424 1.45496 1.84572 2.34715 2.95062 3.74155 4.75129 5.70547 7.01801 8.47567 10.3129 11.9077 13.6462 15.844 18.1786 20.3089 20.345 20.3852 20.4293 20.4774 20.5294 20.5852 20.6448 20.7081 20.7751 20.8457 20.9199 20.9976 21.0788 21.1635 21.2515 21.3428 21.4374 
38.9039 38.2849 37.6806 37.0906 36.5147 35.9526 35.4041 34.8689 34.3468 33.8374 33.3407 32.8563 32.3841 31.9238 31.4752 31.0381 30.6123 30.1976 29.7938 29.4007 29.0182 28.646 28.2841 27.9321 27.59 27.2576 26.151 23.6751 21.6566 19.4051 17.4047 15.6516 13.8102 12.352 11.37 10.1287 8.96967 8.08599 7.32685 6.68976 6.11415 5.64223 5.17857 4.7699 4.36838 4.05752 3.7936 3.54189 3.34593 3.15661 2.97993 2.81167 2.64977 2.41615 2.1839 1.95476 1.72842 1.51166 1.32352 1.14112 0.970272 0.809608 0.663754 0.606375 0.55434 0.557357 0.572785 0.80512 1.0802 1.37627 1.77232 2.27897 2.88759 3.6836 4.69836 5.65749 6.9749 8.43739 10.2793 11.8788 13.6219 15.8243 18.1634 20.2981 20.3385 20.383 20.4313 20.4835 20.5396 20.5994 20.663 20.7301 20.801 20.8753 20.9532 21.0345 21.1192 21.2073 21.2987 21.3934 21.4912 
38.3403 37.7312 37.1366 36.5562 35.9899 35.4374 34.8983 34.3725 33.8596 33.3595 32.8719 32.3965 31.9332 31.4818 31.042 30.6136 30.1964 29.7903 29.395 29.0103 28.6361 28.2722 27.9184 27.5746 27.2405 26.916 25.8173 23.3492 21.3384 19.0946 17.1017 15.3561 13.5221 12.0713 11.0965 9.86246 8.71053 7.8339 7.08172 6.45149 5.88265 5.41742 4.96037 4.55825 4.16322 3.85878 3.60121 3.35578 3.16604 2.98288 2.81229 2.65006 2.49411 2.26639 2.03997 1.81659 1.59595 1.38483 1.20226 1.02536 0.859959 0.704674 0.564137 0.512011 0.465165 0.473308 0.4938 0.731135 1.01115 1.3121 1.71296 2.22436 2.83767 3.6383 4.65762 5.62125 6.9431 8.40996 10.2562 11.8599 13.6072 15.8138 18.1569 20.2956 20.34 20.3883 20.4405 20.4965 20.5562 20.6197 20.6868 20.7575 20.8317 20.9094 20.9906 21.0752 21.1631 21.2543 21.3488 21.4464 21.5472 
37.8371 37.2369 36.6511 36.0796 35.522 34.978 34.4475 33.9301 33.4257 32.9339 32.4545 31.9874 31.5322 31.0888 30.657 30.2365 29.8271 29.4288 29.0411 28.6641 28.2974 27.941 27.5946 27.2581 26.9313 26.614 25.5223 23.0613 21.0575 18.8206 16.8346 15.0958 13.2685 11.8242 10.856 9.62848 8.48295 7.61262 6.86668 6.24262 5.67989 5.22071 4.76965 4.37346 3.98429 3.68566 3.43383 3.1941 3.00999 2.83238 2.6673 2.51052 2.35996 2.13757 1.91642 1.69825 1.48276 1.27673 1.0992 0.927279 0.766793 0.616369 0.480634 0.433252 0.391093 0.403865 0.428927 0.670777 0.955245 1.26059 1.6658 2.18148 2.79902 3.60382 4.62726 5.59494 6.9208 8.3916 10.2417 11.8493 13.6003 15.8106 18.1574 20.2997 20.3477 20.3995 20.4551 20.5144 20.5775 20.6442 20.7145 20.7883 20.8657 20.9465 21.0306 21.1181 21.2089 21.3029 21.4 21.5004 21.6038 
37.3923 36.8001 36.2223 35.6586 35.1088 34.5726 34.0497 33.54 33.043 32.5587 32.0868 31.6269 31.179 30.7429 30.3182 29.9047 29.5024 29.111 28.7302 28.36 28.0001 27.6503 27.3106 26.9806 26.6603 26.3495 25.2642 22.8095 20.8119 18.5812 16.6013 14.8685 13.0472 11.6088 10.6465 9.42465 8.28481 7.42013 6.67976 6.06123 5.50397 5.05021 4.60452 4.21363 3.82972 3.53629 3.2896 3.05496 2.87588 2.70326 2.5431 2.3912 2.24546 2.02783 1.8114 1.59789 1.38701 1.18554 1.01251 0.845038 0.688949 0.54287 0.411428 0.368287 0.330317 0.347225 0.376373 0.622255 0.910705 1.21998 1.62906 2.14857 2.76989 3.57841 4.60552 5.57682 6.90625 8.38057 10.2342 11.8452 13.5996 15.8131 18.1632 20.3087 20.3598 20.4147 20.4734 20.5358 20.6018 20.6714 20.7445 20.8213 20.9013 20.9847 21.0715 21.1616 21.2549 21.3513 21.451 21.5536 21.6594 
37.0041 36.419 35.8481 35.2914 34.7485 34.2192 33.7031 33.2 32.7098 32.2321 31.7666 31.3133 30.8719 30.442 30.0236 29.6165 29.2203 28.835 28.4604 28.0962 27.7422 27.3984 27.0645 26.7403 26.4257 26.1206 25.0409 22.5918 20.5997 18.3744 16.3998 14.6723 12.8562 11.4231 10.4658 9.24909 8.11429 7.25459 6.51916 5.90551 5.35309 4.90412 4.46316 4.07697 3.6977 3.40886 3.16672 2.93657 2.76194 2.59372 2.43792 2.29032 2.14884 1.93543 1.72315 1.51376 1.30695 1.1095 0.940443 0.776904 0.624697 0.482454 0.3548 0.315402 0.281127 0.301686 0.334437 0.583876 0.875838 1.18858 1.60108 2.12396 2.74861 3.56041 4.59076 5.56525 6.89782 8.37524 10.2319 11.8459 13.6033 15.8198 18.1727 20.321 20.3749 20.4326 20.4939 20.5589 20.6275 20.6997 20.7753 20.8544 20.9369 21.0227 21.1118 21.2042 21.2997 21.3983 21.5 21.6048 21.7126 
36.6707 36.0917 35.527 34.9763 34.4394 33.916 33.4058 32.9086 32.4241 31.9522 31.4924 31.0447 30.6089 30.1846 29.7717 29.3699 28.9792 28.5992 28.2298 27.8709 27.5221 27.1834 26.8545 26.5354 26.2257 25.9254 24.8506 22.4062 20.4189 18.1982 16.2283 14.5054 12.6939 11.2652 10.3124 9.10011 7.96968 7.11432 6.38318 5.77378 5.22556 4.78075 4.34391 3.9618 3.58656 3.30171 3.06352 2.83728 2.66652 2.50213 2.3501 2.20624 2.06847 1.85871 1.65005 1.44424 1.24096 1.047 0.881396 0.721268 0.572432 0.433518 0.309155 0.273004 0.241939 0.265665 0.301544 0.554071 0.849079 1.16483 1.5803 2.10611 2.73364 3.54829 4.58144 5.5587 6.894 8.3741 10.2334 11.85 13.61 15.829 18.1844 20.3352 20.3915 20.4515 20.5152 20.5825 20.6533 20.7277 20.8055 20.8867 20.9712 21.0591 21.1502 21.2445 21.3419 21.4424 21.546 21.6525 21.762 
36.3905 35.8167 35.2572 34.7117 34.1798 33.6615 33.1563 32.6641 32.1845 31.7174 31.2625 30.8196 30.3885 29.9689 29.5606 29.1635 28.7773 28.4018 28.0369 27.6823 27.3378 27.0034 26.6788 26.3638 26.0584 25.7622 24.6915 22.2512 20.2678 18.0512 16.0852 14.3662 12.5585 11.1337 10.1847 8.97617 7.84946 6.99778 6.27029 5.6645 5.11986 4.67859 4.24525 3.8666 3.49479 3.21334 2.97851 2.75559 2.58811 2.42697 2.27816 2.13748 2.00285 1.7962 1.59061 1.38784 1.18756 0.996572 0.833901 0.676672 0.5307 0.394616 0.273046 0.239656 0.211316 0.237733 0.276268 0.531418 0.829014 1.14732 1.5653 2.0936 2.72358 3.54065 4.57618 5.55579 6.8934 8.37579 10.2373 11.8561 13.6183 15.8394 18.197 20.3498 20.4082 20.4702 20.5358 20.6051 20.6778 20.754 20.8337 20.9167 21.003 21.0926 21.1853 21.2813 21.3803 21.4824 21.5875 21.6956 21.8066 
36.1621 35.5926 35.0373 34.496 33.9684 33.4542 32.9531 32.465 31.9894 31.5263 31.0753 30.6363 30.209 29.7932 29.3887 28.9953 28.6128 28.241 27.8797 27.5287 27.1878 26.857 26.5358 26.2244 25.9223 25.6296 24.5622 22.1252 20.1452 17.9319 15.9691 14.2534 12.4489 11.0272 10.0813 8.87591 7.75227 6.90362 6.17914 5.57633 5.03464 4.59628 4.16583 3.79004 3.42106 3.1424 2.91034 2.69016 2.52539 2.36693 2.22078 2.08272 1.95068 1.74659 1.54354 1.34327 1.14547 0.956928 0.796675 0.641836 0.498225 0.364473 0.245208 0.214093 0.187999 0.216634 0.257359 0.514669 0.814398 1.13481 1.55487 2.08521 2.71721 3.53627 4.57377 5.55531 6.89483 8.37909 10.2425 11.8631 13.627 15.85 18.2092 20.3638 20.4238 20.4875 20.5548 20.6256 20.6999 20.7777 20.8588 20.9433 21.031 21.122 21.2162 21.3135 21.4139 21.5173 21.6236 21.7329 21.8451 
35.9841 35.4179 34.866 34.3279 33.8035 33.2925 32.7946 32.3096 31.8371 31.3771 30.9292 30.4932 30.0689 29.6561 29.2546 28.8641 28.4845 28.1156 27.7571 27.409 27.0709 26.7428 26.4245 26.1157 25.8164 25.5264 24.4617 22.0273 20.0499 17.8391 15.8789 14.1657 12.3638 10.9446 10.0012 8.79818 7.67696 6.83071 6.1086 5.50813 4.96876 4.5327 4.10453 3.73099 3.36424 3.08779 2.85791 2.63989 2.47726 2.32091 2.17684 2.04085 1.91085 1.70878 1.50773 1.30944 1.11359 0.926978 0.768632 0.615677 0.473928 0.342014 0.224565 0.195244 0.170921 0.201305 0.243756 0.502771 0.804181 1.12625 1.54795 2.0799 2.7135 3.53413 4.57317 5.55624 6.89726 8.38301 10.2479 11.8699 13.6353 15.8596 18.2202 20.3762 20.4375 20.5025 20.571 20.6431 20.7186 20.7976 20.8799 20.9656 21.0545 21.1466 21.2418 21.3402 21.4416 21.546 21.6534 21.7637 21.8768 
35.8548 35.2911 34.7415 34.2058 33.6837 33.1751 32.6795 32.1967 31.7266 31.2688 30.8231 30.3894 29.9673 29.5566 29.1573 28.769 28.3915 28.0246 27.6683 27.3222 26.9862 26.6601 26.3438 26.037 25.7397 25.4516 24.3888 21.9564 19.9809 17.772 15.8137 14.1024 12.3022 10.8849 9.94328 8.74207 7.62262 6.77812 6.05774 5.459 4.92133 4.48695 4.06044 3.68855 3.32343 3.0486 2.82031 2.60387 2.44281 2.288 2.14547 2.01099 1.88249 1.6819 1.48231 1.28546 1.09105 0.90585 0.748902 0.597328 0.456942 0.326377 0.210259 0.182253 0.159229 0.190895 0.234612 0.494876 0.79752 1.12081 1.54371 2.07685 2.7116 3.53339 4.57357 5.55776 6.89988 8.38671 10.2526 11.8758 13.6421 15.8675 18.2291 20.386 20.4483 20.5143 20.5838 20.6568 20.7332 20.8131 20.8963 20.9828 21.0725 21.1654 21.2615 21.3606 21.4628 21.568 21.6761 21.7871 21.9009 
35.7735 35.2112 34.6632 34.129 33.6084 33.1012 32.607 32.1257 31.657 31.2006 30.7564 30.324 29.9033 29.4941 29.0961 28.7091 28.3329 27.9674 27.6124 27.2676 26.9329 26.6081 26.2931 25.9876 25.6915 25.4046 24.3431 21.9119 19.9376 17.7299 15.7728 14.0626 12.2636 10.8475 9.90699 8.70691 7.58858 6.74519 6.02591 5.42825 4.89166 4.45835 4.0329 3.66206 3.29797 3.02416 2.7969 2.58146 2.42138 2.26756 2.126 1.99248 1.86494 1.66529 1.46663 1.27071 1.0772 0.892902 0.736844 0.586149 0.446633 0.316926 0.201657 0.174489 0.152293 0.184777 0.229302 0.490363 0.793794 1.11786 1.54152 2.07542 2.71092 3.53345 4.57435 5.55925 6.90208 8.38961 10.2562 11.88 13.6471 15.8731 18.2353 20.3929 20.4558 20.5224 20.5925 20.6661 20.7431 20.8235 20.9073 20.9943 21.0846 21.178 21.2746 21.3743 21.477 21.5826 21.6912 21.8026 21.9169 
35.7397 35.1781 34.6306 34.097 33.577 33.0704 32.5769 32.0962 31.628 31.1723 30.7286 30.2968 29.8767 29.468 29.0705 28.6841 28.3085 27.9436 27.5891 27.2449 26.9107 26.5864 26.2719 25.9669 25.6714 25.3851 24.324 21.8933 19.9195 17.7124 15.7558 14.0461 12.2476 10.8319 9.89189 8.69228 7.57442 6.7315 6.01269 5.41549 4.87936 4.4465 4.0215 3.6511 3.28745 3.01408 2.78724 2.57224 2.41259 2.25919 2.11804 1.98493 1.85779 1.65855 1.46029 1.26476 1.07164 0.887734 0.732059 0.581743 0.442601 0.313266 0.198363 0.171558 0.14972 0.182558 0.227433 0.488841 0.792614 1.11701 1.54101 2.07524 2.71107 3.53391 4.57514 5.56035 6.90349 8.39132 10.2582 11.8823 13.6497 15.8759 18.2385 20.3963 20.4595 20.5264 20.5967 20.6706 20.7479 20.8285 20.9126 20.9998 21.0904 21.184 21.2809 21.3807 21.4836 21.5895 21.6983 21.8099 21.9244 
35.7533 35.1914 34.6436 34.1098 33.5896 33.0827 32.5889 32.1079 31.6395 31.1835 30.7396 30.3075 29.8872 29.4783 29.0806 28.6939 28.3181 27.953 27.5982 27.2538 26.9194 26.5949 26.2802 25.975 25.6792 25.3927 24.3315 21.9006 19.9266 17.7192 15.7624 14.0525 12.2539 10.838 9.89782 8.69804 7.58 6.73691 6.01793 5.42056 4.88426 4.45125 4.02608 3.65552 3.29172 3.0182 2.79121 2.57605 2.41626 2.26271 2.12143 1.98818 1.8609 1.66153 1.46313 1.26747 1.07423 0.890193 0.734394 0.583956 0.444695 0.315242 0.200224 0.173305 0.151356 0.184086 0.228854 0.490156 0.793826 1.11812 1.54203 2.07615 2.71189 3.53464 4.57577 5.5609 6.90395 8.39169 10.2585 11.8825 13.6498 15.876 18.2385 20.3962 20.4594 20.5261 20.5964 20.6702 20.7474 20.828 20.912 20.9992 21.0897 21.1833 21.28 21.3799 21.4827 21.5885 21.6973 21.8089 21.9233 
35.8144 35.2513 34.7024 34.1675 33.6461 33.1381 32.6432 32.1611 31.6916 31.2345 30.7895 30.3564 29.935 29.525 29.1263 28.7386 28.3618 27.9956 27.6399 27.2945 26.9591 26.6337 26.318 26.0119 25.7152 25.4277 24.3656 21.9338 19.9589 17.7506 15.7929 14.0822 12.2826 10.8659 9.92491 8.72429 7.60543 6.76153 6.04174 5.44358 4.90649 4.47269 4.04676 3.67544 3.31089 3.03662 2.8089 2.59302 2.4325 2.27825 2.13626 2.00233 1.87437 1.67432 1.47526 1.27894 1.08505 0.900375 0.743944 0.592884 0.453008 0.322948 0.207332 0.179824 0.157293 0.189449 0.233652 0.494397 0.797518 1.12128 1.54464 2.07825 2.71347 3.53571 4.57634 5.56097 6.90354 8.39081 10.2572 11.8807 13.6475 15.8733 18.2353 20.3926 20.4554 20.5217 20.5916 20.665 20.7418 20.822 20.9056 20.9925 21.0826 21.1758 21.2723 21.3717 21.4743 21.5798 21.6882 21.7995 21.9136 
35.9235 35.3584 34.8074 34.2704 33.747 33.237 32.7401 32.2561 31.7847 31.3257 30.8788 30.4438 30.0205 29.6087 29.2081 28.8186 28.44 28.0721 27.7146 27.3674 27.0303 26.7031 26.3857 26.0779 25.7796 25.4905 24.4267 21.9933 20.0168 17.8069 15.8477 14.1354 12.3343 10.916 9.97353 8.77143 7.6511 6.80573 6.0845 5.48491 4.94641 4.51122 4.08391 3.71122 3.34532 3.06972 2.84068 2.62349 2.46169 2.30616 2.16291 2.02773 1.89854 1.69728 1.49702 1.29952 1.10446 0.918627 0.761055 0.608868 0.46788 0.336724 0.220025 0.191448 0.167863 0.19898 0.242157 0.501891 0.804015 1.12679 1.54919 2.08184 2.71612 3.53743 4.57715 5.56089 6.90257 8.38897 10.2545 11.8772 13.6431 15.8681 18.2294 20.3859 20.4478 20.5134 20.5825 20.6552 20.7313 20.8108 20.8937 20.9799 21.0694 21.162 21.2578 21.3566 21.4585 21.5635 21.6713 21.782 21.8956 
36.0815 35.5133 34.9595 34.4195 33.8932 33.3803 32.8806 32.3938 31.9195 31.4577 31.0081 30.5704 30.1444 29.7299 29.3267 28.9346 28.5534 28.1829 27.8229 27.4732 27.1336 26.804 26.4841 26.1739 25.8731 25.5816 24.5155 22.0797 20.1009 17.8888 15.9273 14.2128 12.4095 10.989 10.0443 8.84009 7.71763 6.87016 6.14685 5.5452 5.00466 4.56745 4.13814 3.76349 3.39563 3.1181 2.88716 2.66808 2.50442 2.34705 2.20198 2.065 1.93403 1.73101 1.52902 1.3298 1.13304 0.945536 0.786311 0.632492 0.489893 0.357146 0.238877 0.20875 0.183637 0.213245 0.254934 0.5132 0.813877 1.13523 1.55622 2.08748 2.72039 3.54036 4.57876 5.56118 6.90158 8.38671 10.251 11.8725 13.6372 15.861 18.2211 20.3765 20.4373 20.5017 20.5698 20.6414 20.7165 20.795 20.8768 20.962 21.0505 21.1422 21.237 21.335 21.436 21.5401 21.6471 21.757 21.8698 
36.2899 35.7179 35.1601 34.6163 34.0862 33.5695 33.066 32.5755 32.0976 31.6321 31.1789 30.7376 30.308 29.89 29.4834 29.0878 28.7032 28.3293 27.9659 27.6129 27.27 26.9371 26.6141 26.3007 25.9967 25.7021 24.6329 22.1941 20.2123 17.9972 16.0327 14.3152 12.5091 11.0857 10.1382 8.93115 7.80591 6.95569 6.22965 5.62531 5.0821 4.64226 4.21034 3.8331 3.4627 3.18264 2.94919 2.72765 2.56154 2.40176 2.25431 2.11497 1.98167 1.77634 1.57207 1.3706 1.17163 0.981926 0.820533 0.664573 0.519859 0.385024 0.264694 0.232534 0.205413 0.23304 0.272774 0.529113 0.827888 1.14736 1.5665 2.09595 2.72706 3.54526 4.58191 5.56262 6.90132 8.38479 10.2474 11.8673 13.6304 15.8526 18.2112 20.3651 20.4244 20.4874 20.554 20.6242 20.6979 20.7751 20.8556 20.9395 21.0267 21.1171 21.2108 21.3075 21.4074 21.5103 21.6162 21.725 21.8367 
36.5501 35.9732 35.4106 34.8621 34.3272 33.8059 33.2977 32.8026 32.3201 31.8501 31.3924 30.9467 30.5128 30.0904 29.6794 29.2796 28.8907 28.5126 28.1451 27.7879 27.441 27.1041 26.777 26.4597 26.1518 25.8534 24.7803 22.3377 20.3521 18.1333 16.1651 14.444 12.6342 11.2073 10.2563 9.04576 7.91707 7.06344 6.33403 5.72635 5.17985 4.73674 4.3016 3.92116 3.5476 3.26441 3.02788 2.80328 2.63415 2.47138 2.32097 2.17871 2.04252 1.83434 1.62725 1.42299 1.22126 1.02884 0.864759 0.706144 0.558809 0.421385 0.2985 0.263816 0.234205 0.259374 0.296683 0.550629 0.847043 1.16419 1.58104 2.10821 2.7371 3.5531 4.58758 5.56615 6.90276 8.38415 10.2447 11.8626 13.6238 15.844 18.2007 20.3527 20.4102 20.4714 20.5362 20.6046 20.6766 20.7521 20.831 20.9132 20.9988 21.0877 21.1798 21.2751 21.3735 21.4749 21.5794 21.6868 21.7972 
36.8634 36.2807 35.7124 35.1581 34.6177 34.0908 33.5771 33.0764 32.5885 32.1132 31.6501 31.1991 30.7599 30.3324 29.9162 29.5113 29.1174 28.7343 28.3618 27.9998 27.648 27.3062 26.9744 26.6523 26.3398 26.0367 24.9591 22.512 20.5219 18.2986 16.3261 14.6006 12.7865 11.3554 10.4001 9.18537 8.05255 7.19483 6.46138 5.8497 5.29925 4.85223 4.41322 4.02897 3.65163 3.36472 3.1245 2.89625 2.72351 2.55717 2.40323 2.25748 2.11785 1.90626 1.6958 1.48822 1.28319 1.08752 0.920231 0.758444 0.607976 0.467458 0.341517 0.303816 0.271227 0.293456 0.327865 0.578948 0.872538 1.1869 1.601 2.12547 2.75168 3.56504 4.59693 5.57295 6.90703 8.38594 10.2441 11.8595 13.6184 15.8363 18.1906 20.3404 20.3956 20.4547 20.5174 20.5837 20.6536 20.727 20.8039 20.8842 20.9679 21.0549 21.1452 21.2386 21.3353 21.435 21.5378 21.6436 21.7524 
37.2314 36.642 36.067 35.5062 34.9592 34.4258 33.9057 33.3987 32.9044 32.4228 31.9535 31.4964 31.0511 30.6176 30.1954 29.7846 29.3848 28.9959 28.6177 28.2499 27.8925 27.5452 27.2078 26.8802 26.5623 26.2538 25.1709 22.7184 20.7232 18.4947 16.517 14.7865 12.9674 11.5313 10.5711 9.35154 8.21391 7.35144 6.61328 5.99696 5.44189 4.99031 4.5468 4.15809 3.77635 3.48508 3.24055 3.00805 2.83111 2.66062 2.50257 2.35276 2.20912 1.99356 1.77918 1.56772 1.35887 1.15941 0.988376 0.822893 0.668775 0.524652 0.39515 0.353934 0.317873 0.336676 0.367702 0.615447 0.905744 1.21685 1.62775 2.14906 2.77215 3.58244 4.6113 5.58433 6.91547 8.39149 10.2468 11.8594 13.6155 15.8307 18.1823 20.3294 20.3821 20.4386 20.4988 20.5626 20.6301 20.7012 20.7758 20.8538 20.9352 21.02 21.1081 21.1995 21.294 21.3917 21.4925 21.5964 21.7033 
37.6559 37.0588 36.4763 35.9079 35.3535 34.8127 34.2853 33.771 33.2696 32.7808 32.3045 31.8404 31.3882 30.9477 30.5188 30.1012 29.6947 29.2992 28.9144 28.5401 28.1762 27.8226 27.4789 27.1451 26.8209 26.5063 25.4173 22.9589 20.9576 18.7233 16.7398 15.0035 13.1786 11.7369 10.7711 9.54596 8.40285 7.53495 6.79142 6.16977 5.60945 5.15267 4.70401 4.31021 3.92343 3.62719 3.37773 3.14036 2.95861 2.78336 2.62061 2.46617 2.31793 2.09785 1.87899 1.6631 1.44987 1.24608 1.07078 0.901072 0.742781 0.594536 0.460964 0.415727 0.375696 0.39058 0.417736 0.661662 0.94819 1.25558 1.66281 2.18049 2.80002 3.60679 4.63218 5.60179 6.92956 8.40225 10.2543 11.8637 13.6166 15.8286 18.1772 20.3213 20.371 20.4245 20.4819 20.5429 20.6076 20.6759 20.7478 20.8232 20.9021 20.9843 21.0699 21.1589 21.251 21.3464 21.4449 21.5466 21.6512 
38.1386 37.533 36.942 36.3652 35.8024 35.2534 34.7177 34.1953 33.6859 33.1891 32.7049 32.2328 31.7729 31.3247 30.8881 30.463 30.049 29.646 29.2538 28.8723 28.5012 28.1403 27.7896 27.4487 27.1176 26.7961 25.7003 23.2351 21.2271 18.9862 16.9961 15.2533 13.422 11.9739 11.0018 9.77047 8.62119 7.74719 6.99761 6.36998 5.80375 5.34112 4.88667 4.48714 4.09469 3.79284 3.53784 3.29499 3.10782 2.92721 2.75917 2.59948 2.44607 2.22087 1.99696 1.77608 1.55793 1.34927 1.16915 0.994691 0.831701 0.678812 0.540652 0.490885 0.44638 0.456845 0.479639 0.719258 1.00154 1.30473 1.70782 2.22142 2.83692 3.63972 4.66118 5.62693 6.95089 8.41983 10.2682 11.8739 13.6232 15.8318 18.1769 20.3175 20.3639 20.4141 20.4681 20.526 20.5875 20.6528 20.7216 20.794 20.8699 20.9493 21.0321 21.1183 21.2077 21.3005 21.3964 21.4955 21.5977 
38.6817 38.0666 37.4662 36.8801 36.308 35.7498 35.2051 34.6736 34.1552 33.6496 33.1566 32.6758 32.2072 31.7505 31.3055 30.8719 30.4496 30.0383 29.638 29.2484 28.8692 28.5004 28.1418 27.7931 27.4543 27.1251 26.0217 23.549 21.5337 19.2853 17.288 15.538 13.6996 12.2444 11.2653 10.027 8.87086 7.99007 7.23378 6.59951 6.02669 5.55756 5.09667 4.69077 4.29202 3.98393 3.72277 3.47382 3.28062 3.09404 2.9201 2.75458 2.59541 2.36451 2.13497 1.90853 1.68488 1.4708 1.28532 1.10557 0.937343 0.779284 0.636015 0.581201 0.531712 0.537253 0.555186 0.790006 1.06754 1.36606 1.76453 2.27358 2.88458 3.68295 4.70005 5.66148 6.98119 8.44594 10.2901 11.8918 13.6371 15.8417 18.1829 20.3198 20.3623 20.4088 20.4592 20.5135 20.5715 20.6333 20.6987 20.7678 20.8404 20.9166 20.9962 21.0793 21.1657 21.2554 21.3484 21.4447 21.5441 
39.287 38.6615 38.0507 37.4544 36.8722 36.3039 35.7492 35.2079 34.6797 34.1644 33.6616 33.1713 32.6932 32.2271 31.7728 31.33 30.8985 30.4782 30.0689 29.6703 29.2824 28.9049 28.5376 28.1803 27.833 27.4954 26.3837 23.9027 21.8792 19.6228 17.6174 15.8595 14.0132 12.5502 11.5635 10.3175 9.15386 8.2656 7.50191 6.86032 6.28027 5.80396 5.33599 4.92307 4.51738 4.20242 3.93447 3.6788 3.47895 3.2858 3.10536 2.93341 2.76788 2.5307 2.29495 2.06237 1.83265 1.61258 1.42118 1.23558 1.06159 0.897827 0.748923 0.688542 0.633551 0.63366 0.646227 0.875747 1.14805 1.44141 1.83478 2.33879 2.94483 3.7383 4.75056 5.70723 7.02224 8.48236 10.322 11.9192 13.66 15.8602 18.1972 20.3298 20.3681 20.4105 20.4569 20.5072 20.5613 20.6192 20.6809 20.7462 20.8152 20.8878 20.9639 21.0435 21.1265 21.213 21.3027 21.3957 21.492 
39.9564 39.3197 38.6977 38.0902 37.497 36.9177 36.3522 35.8001 35.2612 34.7352 34.222 33.7213 33.2329 32.7566 32.2921 31.8392 31.3978 30.9676 30.5485 30.1403 29.7427 29.3556 28.9789 28.6123 28.2558 27.909 26.7882 24.2982 22.2658 20.0005 17.9864 16.2198 14.365 12.8935 11.8983 10.6441 9.47218 8.57576 7.80401 7.15443 6.56646 6.08233 5.60661 5.18603 4.77276 4.4503 4.17492 3.91191 3.70479 3.50446 3.31691 3.13794 2.96546 2.72141 2.47886 2.23956 2.00321 1.77657 1.57869 1.38668 1.20636 1.03636 0.881285 0.81481 0.753798 0.747959 0.75465 0.978368 1.24494 1.53264 1.92042 2.41892 3.01952 3.80761 4.81458 5.76602 7.07587 8.5309 10.3655 11.9578 13.6937 15.8892 18.2214 20.3493 20.3831 20.421 20.4629 20.5088 20.5586 20.6123 20.6698 20.731 20.796 20.8646 20.9369 21.0126 21.0919 21.1747 21.2608 21.3504 21.4432 
40.692 40.043 39.4089 38.7894 38.1842 37.5931 37.0159 36.4521 35.9017 35.3644 34.8397 34.3278 33.8282 33.3408 32.8653 32.4016 31.9494 31.5085 31.0788 30.6601 30.2521 29.8548 29.4678 29.0911 28.7245 28.3679 27.2372 24.7375 22.6954 20.4206 18.397 16.621 14.7569 13.2762 12.2719 11.0087 9.82782 8.92256 8.14205 7.48381 6.88727 6.39465 5.91053 5.48163 5.06013 4.72953 4.4461 4.17512 3.96012 3.75198 3.55673 3.37012 3.1901 2.93858 2.68865 2.44206 2.19848 1.96472 1.75978 1.56081 1.3736 1.19679 1.03501 0.961912 0.894356 0.882049 0.882351 1.09976 1.3601 1.64163 2.02334 2.51584 3.11051 3.89275 4.89394 5.83969 7.14392 8.59341 10.4225 12.0094 13.7401 15.9303 18.2573 20.3801 20.4089 20.4419 20.4789 20.52 20.5652 20.6142 20.6672 20.7239 20.7845 20.8488 20.9168 20.9884 21.0636 21.1423 21.2245 21.3102 21.3992 
41.4953 40.8333 40.1861 39.5537 38.9358 38.332 37.7421 37.1658 36.603 36.0533 35.5166 34.9925 34.4809 33.9816 33.4944 33.0189 32.5551 32.1028 31.6617 31.2317 30.8125 30.4041 30.0062 29.6186 29.2412 28.8738 27.7326 25.2224 23.1699 20.8848 18.851 17.0649 15.1908 13.7002 12.6861 11.4132 10.2227 9.3079 8.51796 7.85038 7.2446 6.74283 6.24965 5.81179 5.38142 5.04204 4.74992 4.47034 4.24684 4.03029 3.82671 3.63187 3.44369 3.18412 2.92623 2.67176 2.42039 2.17892 1.96637 1.75987 1.56522 1.38106 1.21201 1.13173 1.05709 1.0378 1.03119 1.24177 1.49537 1.77025 2.14538 2.63139 3.21964 3.99556 4.9905 5.93008 7.22823 8.67171 10.4949 12.076 13.8009 15.9854 18.3068 20.4241 20.4475 20.4751 20.5069 20.5428 20.5828 20.6268 20.6748 20.7267 20.7825 20.8421 20.9054 20.9725 21.0432 21.1176 21.1955 21.2769 21.3618 
42.3681 41.692 41.031 40.3848 39.7535 39.1359 38.5324 37.9428 37.3668 36.8039 36.2541 35.7172 35.1928 34.6807 34.1809 33.693 33.2168 32.7522 32.2989 31.8568 31.4257 31.0054 30.5957 30.1965 29.8075 29.4287 28.2761 25.7547 23.6911 21.395 19.3503 17.5534 15.6685 14.1673 13.1427 11.8594 10.6586 9.73358 8.93354 8.25595 7.64026 7.12868 6.62579 6.17833 5.73844 5.38965 5.08821 4.79941 4.56677 4.3412 4.12868 3.92511 3.72808 3.45986 3.19341 2.93048 2.67075 2.421 2.20027 1.98568 1.78303 1.59097 1.4141 1.3261 1.24384 1.21701 1.20297 1.40622 1.65257 1.92028 2.28834 2.76735 3.34871 4.11781 5.10603 6.03897 7.33056 8.76757 10.5844 12.1591 13.8778 16.0562 18.3716 20.483 20.5005 20.5223 20.5484 20.5787 20.6131 20.6517 20.6944 20.741 20.7916 20.8461 20.9044 20.9666 21.0325 21.1021 21.1753 21.2522 21.3326 
43.3115 42.6205 41.9448 41.284 40.6378 40.006 39.3883 38.7845 38.1944 37.6176 37.0539 36.5032 35.9652 35.4396 34.9264 34.4251 33.9358 33.4581 32.9918 32.5369 32.093 31.6601 31.2379 30.8263 30.4251 30.0341 28.8694 26.336 24.2606 21.9527 19.8964 18.0879 16.1917 14.6792 13.6434 12.3489 11.1371 10.2012 9.39042 8.70216 8.0759 7.55386 7.04061 6.58289 6.13285 5.77401 5.46262 5.16398 4.9216 4.68638 4.46432 4.2512 4.04495 3.76748 3.49189 3.21992 2.95124 2.69296 2.46318 2.23993 2.02874 1.82822 1.643 1.54673 1.4563 1.42141 1.39939 1.59477 1.83336 2.09341 2.45389 2.92543 3.49939 4.26119 5.2422 6.16802 7.45259 8.88267 10.6927 12.2606 13.9727 16.1445 18.4534 20.5584 20.5696 20.5852 20.6051 20.6294 20.6579 20.6907 20.7275 20.7685 20.8135 20.8625 20.9155 20.9723 21.033 21.0974 21.1656 21.2375 21.3131 
44.3265 43.6199 42.9286 42.2522 41.5907 40.9437 40.3109 39.692 39.087 38.4954 37.9171 37.3518 36.7993 36.2594 35.732 35.2167 34.7133 34.2218 33.7418 33.2733 32.8159 32.3696 31.9342 31.5094 31.0951 30.6912 29.5137 26.9677 24.8796 22.5593 20.4906 18.67 16.7616 15.2371 14.1894 12.8832 11.6597 10.7123 9.89004 9.19045 8.55297 8.01982 7.49556 7.02695 6.56612 6.1966 5.87465 5.56554 5.31281 5.06734 4.83514 4.61198 4.39579 4.1085 3.82319 3.5416 3.26341 2.99541 2.75662 2.52418 2.30388 2.09435 1.90023 1.79517 1.69604 1.65254 1.62204 1.80902 2.03932 2.29119 2.6436 3.10716 3.67324 4.42726 5.40058 6.31881 7.59588 9.01856 10.8212 12.382 14.0869 16.2517 18.5537 20.6519 20.6563 20.6653 20.6787 20.6965 20.7187 20.7451 20.7759 20.8107 20.8498 20.8929 20.9401 20.9912 21.0463 21.1052 21.168 21.2346 21.3049 
45.4138 44.6907 43.9829 43.2903 42.6125 41.9494 41.3007 40.666 40.0452 39.4381 38.8443 38.2637 37.696 37.141 36.5986 36.0684 35.5504 35.0442 34.5498 34.0668 33.5952 33.1348 32.6853 32.2467 31.8187 31.4011 30.2102 27.6507 25.5494 23.2159 21.1342 19.3006 17.3795 15.8423 14.782 13.4633 12.2276 11.2679 10.4336 9.72198 9.07264 8.52774 7.99185 7.51171 7.03948 6.65866 6.32552 6.00534 5.74165 5.48534 5.2424 5.00862 4.78191 4.48422 4.18861 3.89683 3.60856 3.33059 3.08194 2.83974 2.60979 2.39072 2.18716 2.07277 1.96442 1.9118 1.87228 2.05035 2.27185 2.51501 2.85883 3.31392 3.87164 4.6174 5.58255 6.49272 7.76182 9.17664 10.9716 12.5247 14.222 16.3793 18.6739 20.7648 20.7621 20.764 20.7704 20.7814 20.7968 20.8166 20.8407 20.8691 20.9018 20.9386 20.9796 21.0246 21.0737 21.1268 21.1838 21.2447 21.3094 
46.5735 45.833 45.108 44.3983 43.7036 43.0236 42.3581 41.7068 41.0696 40.446 39.836 39.2393 38.6556 38.0848 37.5266 36.9808 36.4473 35.9258 35.4161 34.9181 34.4316 33.9563 33.4921 33.0389 32.5964 32.1645 30.9593 28.3858 26.2705 23.9232 21.8278 19.9806 18.046 16.4954 15.422 14.0902 12.8414 11.8689 11.0218 10.2976 9.63579 9.07851 8.53037 8.03809 7.55384 7.16112 6.8162 6.48435 6.20911 5.94136 5.6871 5.44212 5.20433 4.89566 4.58919 4.28666 3.98775 3.69926 3.4402 3.1877 2.94757 2.71843 2.50491 2.38066 2.26256 2.20031 2.15127 2.31992 2.53211 2.76608 3.10081 3.54691 4.09577 4.83279 5.78931 6.69094 7.95163 9.35812 11.1448 12.6898 14.3791 16.5286 18.8154 20.8985 20.8882 20.8826 20.8817 20.8853 20.8935 20.9062 20.9234 20.9449 20.9708 21.001 21.0354 21.0739 21.1166 21.1634 21.2143 21.2691 21.3279 
47.8053 47.0466 46.3036 45.576 44.8635 44.1659 43.4829 42.8143 42.1598 41.5191 40.8921 40.2785 39.6781 39.0907 38.5161 37.954 37.4043 36.8667 36.3411 35.8273 35.325 34.8342 34.3546 33.8861 33.4285 32.9816 31.7615 29.1732 27.0433 24.6814 22.5717 20.7102 18.7615 17.197 16.1096 14.7641 13.5019 12.5158 11.6553 10.9179 10.2429 9.67269 9.11168 8.60667 8.1098 7.70459 7.3473 7.0032 6.71584 6.43608 6.16993 5.91318 5.66374 5.34354 5.02566 4.71184 4.40176 4.10221 3.83221 3.56888 3.31803 3.0783 2.8543 2.71969 2.59134 2.51895 2.45988 2.61863 2.82101 3.0453 3.37045 3.8071 4.34661 5.07439 6.02181 6.91445 8.16625 9.56397 11.342 12.8784 14.5593 16.7004 18.979 21.054 21.0357 21.0221 21.0134 21.0093 21.01 21.0152 21.0249 21.0392 21.0579 21.081 21.1084 21.1401 21.1761 21.2163 21.2606 21.309 21.3614 
49.108 48.3305 47.5687 46.8225 46.0916 45.3756 44.6744 43.9876 43.3151 42.6567 42.012 41.3808 40.763 40.1583 39.5665 38.9873 38.4207 37.8664 37.3242 36.7938 36.2753 35.7682 35.2726 34.7881 34.3147 33.8521 32.6165 30.0128 27.8676 25.4906 23.3658 21.4895 19.526 17.9469 16.8451 15.4852 14.2086 13.2085 12.3341 11.5829 10.8942 10.3104 9.73595 9.21762 8.70756 8.28929 7.91906 7.56216 7.2621 6.96979 6.69121 6.42214 6.16051 5.82825 5.49842 5.17278 4.851 4.53987 4.25841 3.98374 3.72168 3.47085 3.23587 3.09039 2.9513 2.86829 2.79871 2.94706 3.13918 3.3533 3.66841 4.09513 4.62483 5.34292 6.28075 7.16395 8.40642 9.79493 11.5639 13.0913 14.7633 16.8956 19.1655 21.232 21.2053 21.1834 21.1664 21.1543 21.1469 21.1442 21.1462 21.1528 21.1639 21.1796 21.1997 21.2242 21.253 21.2862 21.3236 21.3652 21.4109 
50.4797 49.6829 48.9019 48.1364 47.3862 46.6512 45.9311 45.2255 44.5344 43.8574 43.1943 42.5449 41.909 41.2863 40.6766 40.0798 39.4957 38.9239 38.3644 37.817 37.2814 36.7575 36.2451 35.744 35.2542 34.7753 33.5235 30.9038 28.7427 26.35 24.2095 22.3178 20.339 18.7446 17.6277 16.2529 14.9615 13.9468 13.0579 12.2922 11.5893 10.9913 10.4029 9.87069 9.3469 8.91502 8.53131 8.16106 7.84779 7.54238 7.25084 6.96894 6.6946 6.34976 6.00748 5.66951 5.33553 5.01232 4.71891 4.43241 4.15865 3.89623 3.64979 3.49298 3.34267 3.24856 3.16801 3.30551 3.48689 3.6904 3.99502 4.41136 4.93081 5.63876 6.56657 7.43987 8.67257 10.0514 11.8108 13.3289 14.9916 17.1147 19.3756 21.4331 21.3975 21.367 21.3414 21.3207 21.305 21.294 21.2878 21.2864 21.2896 21.2974 21.3098 21.3267 21.3481 21.3739 21.404 21.4385 21.4772 
51.918 51.1012 50.3004 49.5152 48.7453 47.9907 47.251 46.526 45.8155 45.1194 44.4373 43.769 43.1143 42.473 41.8449 41.2298 40.6274 40.0376 39.4602 38.895 38.3419 37.8005 37.2708 36.7526 36.2456 35.7499 34.4813 31.845 29.6675 27.2584 25.1018 23.194 21.1992 19.5891 18.4566 17.0663 15.7596 14.7297 13.8256 13.0451 12.3274 11.7147 11.1117 10.5652 10.0271 9.58111 9.18341 8.7993 8.47231 8.15331 7.84831 7.55308 7.26555 6.90764 6.55243 6.20165 5.85499 5.51923 5.2134 4.91461 4.62867 4.35421 4.09585 3.92726 3.76528 3.65964 3.56767 3.69388 3.86409 4.05656 4.35026 4.7558 5.26456 5.96196 6.87934 7.74232 8.96482 10.3336 12.0831 13.5913 15.2444 17.3579 19.6093 21.6576 21.6127 21.573 21.5385 21.509 21.4844 21.4649 21.4502 21.4403 21.4352 21.4349 21.4392 21.4482 21.4617 21.4798 21.5023 21.5293 21.5607 
53.4199 52.5825 51.7612 50.9557 50.1657 49.3909 48.6312 47.8862 47.1559 46.44 45.7382 45.0505 44.3764 43.716 43.0688 42.4348 41.8137 41.2053 40.6094 40.0259 39.4546 38.8952 38.3476 37.8116 37.2871 36.7739 35.4881 32.8346 30.64 28.2141 26.0408 24.1164 22.1052 20.4789 19.3302 17.9239 16.6013 15.5557 14.6361 13.84 13.107 12.4793 11.8613 11.2998 10.747 10.2864 9.87423 9.4758 9.13461 8.80155 8.48263 8.17361 7.87243 7.50099 7.13239 6.76836 6.40858 6.05983 5.74113 5.42962 5.13108 4.84415 4.57345 4.39264 4.21859 4.10098 3.99719 4.1117 4.27033 4.45135 4.73372 5.12807 5.62576 6.3122 7.21876 8.07104 9.28296 10.6413 12.3805 13.8785 15.5215 17.6251 19.8667 21.9052 21.8508 21.8017 21.7578 21.719 21.6854 21.6568 21.6333 21.6147 21.601 21.5921 21.588 21.5887 21.5941 21.6041 21.6188 21.6379 21.6616 
