# Please cite arXiv:2008.xxxxx
# The chisq test statistic between a given point in parameter space and the data including pulls from Daya Bay and KamLAND and marginalization over the other four oscillation parameters for a fixed MO
# The first two rows define the grid:
#   delta
#   s23sq
# The remaining rows are the chisq test statistic where the first row is at delta=0 and at increasing values of s23sq. The remaining rows are increasing values of delta.
0 0.0628319 0.125664 0.188496 0.251327 0.314159 0.376991 0.439823 0.502655 0.565487 0.628319 0.69115 0.753982 0.816814 0.879646 0.942478 1.00531 1.06814 1.13097 1.19381 1.25664 1.31947 1.3823 1.44513 1.50796 1.5708 1.63363 1.69646 1.75929 1.82212 1.88496 1.94779 2.01062 2.07345 2.13628 2.19911 2.26195 2.32478 2.38761 2.45044 2.51327 2.57611 2.63894 2.70177 2.7646 2.82743 2.89027 2.9531 3.01593 3.07876 3.14159 3.20442 3.26726 3.33009 3.39292 3.45575 3.51858 3.58142 3.64425 3.70708 3.76991 3.83274 3.89557 3.95841 4.02124 4.08407 4.1469 4.20973 4.27257 4.3354 4.39823 4.46106 4.52389 4.58673 4.64956 4.71239 4.77522 4.83805 4.90088 4.96372 5.02655 5.08938 5.15221 5.21504 5.27788 5.34071 5.40354 5.46637 5.5292 5.59203 5.65487 5.7177 5.78053 5.84336 5.90619 5.96903 6.03186 6.09469 6.15752 6.22035 6.28319 
0.3 0.304 0.308 0.312 0.316 0.32 0.324 0.328 0.332 0.336 0.34 0.344 0.348 0.352 0.356 0.36 0.364 0.368 0.372 0.376 0.38 0.384 0.388 0.392 0.396 0.4 0.404 0.408 0.412 0.416 0.42 0.424 0.428 0.432 0.436 0.44 0.444 0.448 0.452 0.456 0.46 0.464 0.468 0.472 0.476 0.48 0.484 0.488 0.492 0.496 0.5 0.504 0.508 0.512 0.516 0.52 0.524 0.528 0.532 0.536 0.54 0.544 0.548 0.552 0.556 0.56 0.564 0.568 0.572 0.576 0.58 0.584 0.588 0.592 0.596 0.6 0.604 0.608 0.612 0.616 0.62 0.624 0.628 0.632 0.636 0.64 0.644 0.648 0.652 0.656 0.66 0.664 0.668 0.672 0.676 0.68 0.684 0.688 0.692 0.696 0.7 
140.311 134.007 128.022 122.343 116.959 111.858 107.03 102.464 98.1478 94.0726 90.2274 86.6025 83.1879 79.9742 76.952 74.1122 71.4461 68.9449 66.6005 64.4046 62.3494 60.4269 58.6299 56.951 55.3832 53.9196 52.5537 51.2791 49.6307 46.4191 43.8296 41.345 38.9736 37.0468 35.4035 33.6608 32.1534 30.8 29.5648 28.3935 27.4523 26.5558 25.7709 25.0142 24.3144 23.7069 23.1129 22.5447 21.9995 21.4632 20.9016 20.3331 19.7707 19.2454 18.735 18.2299 17.6997 17.1426 16.5921 16.1151 15.6541 15.2092 14.7891 14.3826 14.0712 13.8267 13.6372 13.6595 13.708 13.8979 14.1298 14.6448 15.2572 16.0952 17.1144 18.32 19.4855 21.3719 23.3289 25.1568 28.0041 30.9151 31.9979 32.6974 33.5017 34.4178 35.4525 36.6135 37.9081 39.3443 40.93 42.6733 44.5829 46.6672 48.9353 51.3962 54.0593 56.9341 60.0305 63.3585 66.9283 
142.672 136.345 130.337 124.635 119.228 114.105 109.254 104.665 100.326 96.2287 92.3612 88.7139 85.2771 82.0412 78.9969 76.1352 73.4471 70.924 68.5577 66.34 64.2631 62.3191 60.5006 58.8004 57.2113 55.7266 54.3397 53.0442 51.3751 48.1428 45.5328 43.0277 40.6361 38.6892 37.0258 35.2632 33.736 32.363 31.1083 29.9176 28.9571 28.0414 27.2376 26.462 25.7435 25.1173 24.5049 23.9183 23.3549 22.8004 22.2209 21.6345 21.0543 20.5114 19.9835 19.4611 18.9137 18.3395 17.7721 17.2783 16.8006 16.3392 15.9027 15.4798 15.1523 14.8916 14.6861 14.6925 14.7252 14.8995 15.1159 15.6154 16.2124 17.0352 18.0392 19.2298 20.3804 22.2519 24.1942 26.0075 28.8402 31.7367 32.8052 33.4904 34.2806 35.1826 36.2034 37.3504 38.6312 40.0536 41.6255 43.3553 45.2513 47.3223 49.577 52.0246 54.6745 57.5363 60.6197 63.9347 67.4916 
145.103 138.753 132.721 126.996 121.566 116.42 111.546 106.934 102.573 98.4519 94.5615 90.8914 87.4319 84.1734 81.1066 78.2224 75.5119 72.9666 70.5781 68.3382 66.2391 64.2731 62.4328 60.7107 59.1 57.5938 56.1854 54.8686 53.1783 49.925 47.294 44.7682 42.3558 40.3883 38.7045 36.9216 35.3742 33.9811 32.7065 31.496 30.5158 29.5806 28.7573 27.9624 27.2247 26.5795 25.9482 25.3428 24.7607 24.1877 23.5898 22.9851 22.3868 21.8259 21.28 20.7399 20.1749 19.5833 18.9986 18.4876 17.9927 17.5144 17.061 16.6213 16.2772 16 15.7781 15.7682 15.7848 15.943 16.1434 16.6271 17.2083 18.0155 19.004 20.1791 21.3144 23.1707 25.0978 26.8961 29.7139 32.5956 33.6494 34.32 35.0956 35.9831 36.9895 38.1223 39.3888 40.7971 42.355 44.0708 45.953 48.0101 50.2511 52.6852 55.3215 58.1698 61.2398 64.5416 68.0853 
147.596 141.222 135.167 129.418 123.965 118.795 113.897 109.262 104.877 100.733 96.8195 93.1263 89.6437 86.3622 83.2724 80.3654 77.6322 75.0643 72.6532 70.3908 68.2692 66.2809 64.4183 62.6742 61.0415 59.5133 58.0832 56.7447 55.0329 51.7582 49.1059 46.5589 44.1255 42.1371 40.4325 38.6289 37.061 35.6475 34.3525 33.1219 32.1217 31.1666 30.3235 29.509 28.7518 28.0872 27.4366 26.8122 26.2111 25.6192 25.0025 24.3793 23.7625 23.1832 22.6191 22.0608 21.4778 20.8684 20.266 19.7375 19.2252 18.7295 18.2589 17.8022 17.4411 17.1471 16.9084 16.8819 16.8819 17.0238 17.2079 17.6754 18.2406 19.0317 20.0044 21.1638 22.2834 24.1242 26.0359 27.8188 30.6213 33.4879 34.5266 35.1822 35.943 36.8157 37.8075 38.9256 40.1777 41.5715 43.1151 44.8166 46.6846 48.7276 50.9547 53.3748 55.9973 58.8318 61.8882 65.1763 68.7065 
150.139 143.742 137.662 131.89 126.412 121.218 116.297 111.638 107.23 103.062 99.125 95.4083 91.9024 88.5976 85.4846 82.5545 79.7983 77.2074 74.7734 72.4883 70.3441 68.3332 66.4481 64.6816 63.0266 61.4763 60.0241 58.6638 56.9302 53.6338 50.9599 48.3915 45.9368 43.9272 42.2016 40.3771 38.7884 37.3542 36.0387 34.7877 33.7672 32.7939 31.9289 31.0944 30.3175 29.6332 28.9631 28.3193 27.6989 27.0879 26.4523 25.8101 25.1746 24.5767 23.9941 23.4175 22.8162 22.1887 21.5684 21.022 20.4921 19.9788 19.4907 19.0166 18.6383 18.3272 18.0715 18.0281 18.0113 18.1365 18.3041 18.7551 19.304 20.0789 21.0355 22.1788 23.2826 25.1075 27.0035 28.7708 31.5579 34.4091 35.4324 36.0729 36.8185 37.6762 38.6531 39.7564 40.9937 42.3728 43.9018 45.5889 47.4424 49.4711 51.6839 54.0898 56.6983 59.5188 62.5613 65.8356 69.352 
152.72 146.298 140.195 134.398 128.897 123.679 118.734 114.051 109.619 105.427 101.466 97.7262 94.1966 90.8683 87.732 84.7786 81.9991 79.3851 76.9282 74.62 72.453 70.4194 68.5117 66.7226 65.0452 63.4726 61.9983 60.6159 58.8603 55.5421 52.8466 50.2566 47.7804 45.7495 44.0027 42.1571 40.5474 39.0924 37.7563 36.4846 35.4437 34.4481 33.5649 32.7103 31.9135 31.2095 30.5197 29.8563 29.2165 28.5862 27.9314 27.2702 26.6158 25.9991 25.3979 24.8027 24.183 23.5372 22.8988 22.3344 21.7865 21.2554 20.7497 20.2581 19.8623 19.5339 19.2611 19.2006 19.1669 19.2752 19.426 19.8604 20.3928 21.1513 22.0916 23.2187 24.3064 26.1153 27.9954 29.747 32.5184 35.354 36.3619 36.9869 37.7173 38.5598 39.5216 40.6099 41.8323 43.1965 44.7108 46.3831 48.2221 50.2363 52.4347 54.8263 57.4205 60.2269 63.2553 66.5156 70.0181 
155.325 148.879 142.752 136.931 131.405 126.163 121.194 116.487 112.031 107.816 103.831 100.067 96.514 93.1622 90.0024 87.0255 84.2228 81.5856 79.1055 76.7744 74.5844 72.528 70.5977 68.7861 67.0862 65.4913 63.9948 62.5902 60.8127 57.4726 54.7553 52.1437 49.6461 47.5937 45.8256 43.9589 42.3282 40.8524 39.4954 38.2032 37.1418 36.1258 35.2223 34.3477 33.5308 32.8069 32.0974 31.4144 30.7551 30.1055 29.4314 28.7511 28.0777 27.4422 26.8222 26.2084 25.5703 24.9061 24.2494 23.6669 23.1011 22.5521 22.0286 21.5194 21.1061 20.7603 20.4701 20.3925 20.3417 20.4331 20.5671 20.9848 21.5005 22.2426 23.1665 24.2773 25.3488 27.1417 29.0058 30.7415 33.4971 36.317 37.3093 37.9189 38.6339 39.4612 40.4077 41.4809 42.6883 44.0376 45.537 47.1946 49.0189 51.0186 53.2025 55.5797 58.1596 60.9517 63.9659 67.2121 70.7006 
157.939 151.469 145.317 139.472 133.923 128.657 123.664 118.933 114.453 110.214 106.205 102.418 98.8409 95.4655 92.2823 89.2821 86.4561 83.7957 81.2925 78.9385 76.7258 74.6467 72.6937 70.8596 69.1374 67.5203 66.0016 64.575 62.7756 59.4137 56.6747 54.0415 51.5224 49.4488 47.6595 45.7717 44.1201 42.6234 41.2458 39.9329 38.8511 37.8148 36.8911 35.9964 35.1596 34.4159 33.6866 32.9841 32.3054 31.6364 30.9432 30.2438 29.5514 28.8971 28.2584 27.6261 26.9695 26.287 25.612 25.0114 24.4276 23.8608 23.3195 22.7926 22.3618 21.9986 21.6912 21.5964 21.5285 21.603 21.7201 22.1211 22.6203 23.3458 24.2533 25.3478 26.4031 28.1799 30.0281 31.7479 34.4877 37.292 38.2687 38.8628 39.5624 40.3744 41.3058 42.3639 43.5562 44.8906 46.3752 48.0181 49.8277 51.8128 53.9821 56.3449 58.9105 61.6884 64.6884 67.9205 71.3951 
160.546 154.052 147.876 142.007 136.434 131.144 126.127 121.372 116.869 112.606 108.574 104.763 101.163 97.7639 94.5574 91.534 88.6849 86.0015 83.4754 81.0987 78.8634 76.7618 74.7865 72.9302 71.1858 69.5466 68.006 66.5576 64.7364 61.3529 58.5924 55.9379 53.3976 51.3028 49.4925 47.5838 45.9114 44.3941 42.9959 41.6627 40.5606 39.5041 38.5604 37.6458 36.7892 36.0259 35.2771 34.5551 33.8571 33.169 32.4567 31.7385 31.0273 30.3543 29.6971 29.0463 28.3714 27.6707 26.9776 26.359 25.7572 25.1727 24.6138 24.0694 23.6212 23.2406 22.916 22.8042 22.7194 22.777 22.8774 23.2618 23.7444 24.4535 25.3447 26.4231 27.4623 29.2231 31.0554 32.7594 35.4836 38.2722 39.2335 39.8122 40.4965 41.2933 42.2096 43.2526 44.4301 45.7497 47.2195 48.8477 50.6428 52.6134 54.7683 57.1168 59.6681 62.4319 65.4178 68.6359 72.0965 
163.128 156.611 150.411 144.519 138.922 133.608 128.568 123.79 119.263 114.977 110.922 107.087 103.464 100.042 96.8124 93.7661 90.8942 88.1881 85.6396 83.2406 80.9831 78.8594 76.862 74.9838 73.2176 71.5566 69.9944 68.5245 66.682 63.2772 60.4956 57.82 55.2588 53.1432 51.3122 49.3829 47.6901 46.1524 44.734 43.3807 42.2586 41.1823 40.2188 39.2846 38.4085 37.6258 36.8578 36.1167 35.3997 34.6927 33.9617 33.2248 32.4951 31.8037 31.1282 30.4592 29.7663 29.0475 28.3366 27.7001 27.0808 26.4787 25.9023 25.3406 24.8752 24.4776 24.1361 24.0074 23.9058 23.9468 24.0307 24.3987 24.865 25.5579 26.433 27.4954 28.5187 30.2638 32.0803 33.7688 36.4775 39.2507 40.1967 40.7602 41.4295 42.2112 43.1126 44.1408 45.3035 46.6085 48.0638 49.6775 51.4582 53.4145 55.5553 57.8896 60.4269 63.1766 66.1487 69.353 72.7998 
165.668 159.127 152.905 146.989 141.369 136.033 130.969 126.168 121.618 117.309 113.231 109.374 105.728 102.283 99.0312 95.9625 93.0683 90.3402 87.7698 85.349 83.0698 80.9244 78.9055 77.0059 75.2183 73.5362 71.9528 70.4619 68.5984 65.1728 62.3705 59.6744 57.0926 54.9567 53.1055 51.1561 49.4433 47.8857 46.4475 45.0746 43.9329 42.8372 41.8544 40.901 40.0059 39.2042 38.4174 37.6576 36.922 36.1965 35.4471 34.692 33.9441 33.2347 32.5413 31.8546 31.1438 30.4074 29.6789 29.0251 28.3884 27.7691 27.1757 26.597 26.1148 25.7004 25.3423 25.197 25.0791 25.1038 25.1715 25.5233 25.9737 26.6507 27.5101 28.5568 29.5645 31.2941 33.0953 34.7685 37.4619 40.2202 41.1511 41.6998 42.3542 43.1212 44.008 45.0217 46.17 47.4606 48.9016 50.5012 52.2678 54.2101 56.3369 58.6574 61.1809 63.917 66.8754 70.0662 73.4995 
168.147 161.583 155.338 149.4 143.757 138.398 133.313 128.489 123.917 119.585 115.485 111.606 107.938 104.471 101.197 98.107 95.1915 92.442 89.8503 87.4083 85.108 82.9417 80.9019 78.9814 77.1732 75.4704 73.8665 72.3552 70.4715 67.0257 64.2033 61.4872 58.8856 56.7299 54.859 52.8901 51.1578 49.581 48.1236 46.7315 45.571 44.4564 43.4549 42.4828 41.5692 40.7491 39.944 39.166 38.4124 37.6689 36.9017 36.1288 35.3634 34.6365 33.9257 33.2216 32.4936 31.74 30.9944 30.3236 29.6701 29.0341 28.424 27.8289 27.3302 26.8996 26.5252 26.3639 26.23 26.2389 26.2908 26.6271 27.0618 27.7234 28.5674 29.5989 30.5915 32.306 34.0923 35.7506 38.4293 41.1729 42.0893 42.6234 43.2634 44.0162 44.8887 45.8883 47.0225 48.2992 49.7264 51.3123 53.0652 54.9938 57.1071 59.4142 61.9243 64.647 67.5922 70.7698 74.1901 
170.544 163.959 157.692 151.732 146.068 140.687 135.58 130.734 126.141 121.788 117.666 113.766 110.076 106.589 103.294 100.183 97.2471 94.4771 91.865 89.4026 87.082 84.8955 82.8356 80.8951 79.0669 77.3444 75.7207 74.1898 72.2865 68.8213 65.9796 63.2442 60.6235 58.4488 56.559 54.5714 52.8204 51.2249 49.7491 48.3387 47.1598 46.0271 45.0075 44.0176 43.0861 42.2483 41.4256 40.6301 39.8591 39.0984 38.314 37.5241 36.7417 35.9979 35.2702 34.5494 33.8046 33.0345 32.2724 31.5853 30.9155 30.2634 29.6373 29.0263 28.5118 28.0655 27.6755 27.4987 27.3494 27.343 27.3797 27.7009 28.1207 28.7674 29.5966 30.6134 31.5914 33.2914 35.0632 36.7072 39.3717 42.1011 43.0035 43.5236 44.1498 44.8887 45.7475 46.7335 47.8543 49.1176 50.5314 52.104 53.8438 55.7593 57.8596 60.1536 62.6508 65.3608 68.2932 71.4581 74.8657 
172.841 166.235 159.948 153.967 148.282 142.881 137.752 132.886 128.272 123.899 119.757 115.836 112.127 108.62 105.305 102.175 99.2188 96.4293 93.7977 91.3159 88.9759 86.7702 84.6911 82.7315 80.8844 79.1429 77.5005 75.9508 74.0289 70.5452 67.6851 64.9314 62.2924 60.0996 58.1918 56.1862 54.4174 52.8042 51.3108 49.8828 48.6866 47.5365 46.4998 45.4927 44.5443 43.6896 42.8501 42.038 41.2504 40.4732 39.6724 38.8662 38.0676 37.3076 36.5638 35.8268 35.0662 34.2802 33.5024 32.7997 32.1144 31.4468 30.8055 30.1792 29.6497 29.1883 28.7835 28.5919 28.4279 28.4069 28.4291 28.7359 29.1414 29.7739 30.5889 31.5917 32.5557 34.2419 36 37.6303 40.2812 42.9971 43.886 44.3929 45.0058 45.7315 46.5773 47.5503 48.6582 49.9088 51.3099 52.8698 54.597 56.5 58.5879 60.8695 63.3544 66.0521 68.9724 72.1252 75.5208 
175.018 168.393 162.085 156.085 150.38 144.959 139.812 134.927 130.293 125.901 121.74 117.801 114.073 110.547 107.214 104.065 101.09 98.2822 95.6322 93.1338 90.774 88.55 86.4529 84.4753 82.6103 80.851 79.1908 77.6235 75.6841 72.1829 69.3054 66.5344 63.8783 61.6684 59.7436 57.7211 55.9355 54.3056 52.7956 51.3511 50.1384 48.9721 47.9191 46.8959 45.9315 45.0609 44.2056 43.3777 42.5745 41.7817 40.9655 40.1437 39.3296 38.5542 37.7951 37.043 36.2673 35.4664 34.6738 33.9563 33.2564 32.5743 31.9185 31.2778 30.734 30.2585 29.8396 29.6341 29.4562 29.4214 29.43 29.7231 30.1151 30.7342 31.5359 32.5254 33.4763 35.1494 36.8945 38.5119 41.15 43.8531 44.7294 45.2236 45.824 46.5374 47.3708 48.3317 49.4274 50.6659 52.0551 53.6031 55.3184 57.2096 59.2857 61.5557 64.029 66.7151 69.6239 72.7653 76.1495 
177.056 170.412 164.087 158.068 152.345 146.907 141.742 136.839 132.188 127.778 123.6 119.643 115.897 112.354 109.003 105.837 102.845 100.02 97.3529 94.8357 92.4606 90.2198 88.1058 86.1115 84.2298 82.4538 80.7772 79.1935 77.2377 73.7202 70.8266 68.0395 65.3674 63.1416 61.2009 59.1627 57.3615 55.7161 54.1905 52.7307 51.5028 50.3212 49.2532 48.215 47.2356 46.3502 45.4802 44.6376 43.8197 43.0123 42.1814 41.3451 40.5166 39.7268 38.9535 38.1873 37.3976 36.5827 35.7762 35.045 34.3314 33.6357 32.9664 32.3124 31.7553 31.2667 30.8346 30.6161 30.4253 30.3776 30.3734 30.6539 31.0332 31.6398 32.4291 33.4063 34.3449 36.0058 37.7388 39.3442 41.9703 44.6616 45.526 46.0086 46.5973 47.2991 48.1211 49.0706 50.1552 51.3824 52.7604 54.2973 56.0015 57.8818 59.9469 62.2061 64.6686 67.3439 70.242 73.3727 76.7463 
178.937 172.277 165.935 159.9 154.161 148.707 143.525 138.606 133.939 129.513 125.318 121.345 117.584 114.024 110.658 107.476 104.468 101.627 98.9444 96.4116 94.0209 91.7646 89.6352 87.6255 85.7285 83.9374 82.2456 80.6468 78.676 75.1436 72.2351 69.4333 66.7465 64.5061 62.551 60.4983 58.6827 57.0231 55.4834 54.0095 52.7675 51.572 50.4901 49.4382 48.4451 47.546 46.6622 45.8059 44.9744 44.1534 43.3091 42.4595 41.6177 40.8148 40.0284 39.2492 38.4466 37.6189 36.7997 36.0558 35.3297 34.6216 33.9399 33.2736 32.7043 32.2035 31.7595 31.5289 31.3263 31.2668 31.2509 31.5197 31.8876 32.4826 33.2605 34.2264 35.1537 36.8034 38.5253 40.1196 42.7348 45.4152 46.2688 46.7406 47.3187 48.01 48.8216 49.7607 50.8348 52.0518 53.4195 54.9462 56.6403 58.5105 60.5656 62.8148 65.2673 67.9328 70.8211 73.942 77.3059 
180.646 173.971 167.615 161.565 155.812 150.342 145.146 140.212 135.53 131.09 126.881 122.893 119.117 115.544 112.163 108.966 105.944 103.089 100.392 97.8455 95.4407 93.1704 91.0271 89.0036 87.0928 85.288 83.5826 81.9702 79.9859 76.4401 73.5183 70.7032 68.0032 65.7496 63.7814 61.7158 59.8873 58.2147 56.6623 55.1757 53.9211 52.713 51.6185 50.5539 49.5482 48.6365 47.7403 46.8716 46.0278 45.1946 44.3382 43.4765 42.6228 41.808 41.0098 40.2189 39.4046 38.5654 37.7348 36.9795 36.2421 35.5227 34.8299 34.1525 33.5722 33.0605 32.6056 32.3643 32.1509 32.0808 32.0544 32.3127 32.6701 33.2549 34.0225 34.9781 35.8953 37.5349 39.2468 40.8312 43.4364 46.107 46.9509 47.4131 47.9817 48.6636 49.4657 50.3954 51.4603 52.6679 54.0264 55.544 57.229 59.0901 61.1361 63.3763 65.8199 68.4765 71.3559 74.468 77.8231 
182.167 175.479 169.11 163.047 157.281 151.798 146.589 141.643 136.948 132.495 128.273 124.272 120.484 116.897 113.504 110.295 107.26 104.393 101.683 99.1239 96.7068 94.4243 92.2687 90.233 88.3101 86.4932 84.7758 83.1515 81.1553 77.5977 74.6641 71.8373 69.1257 66.8605 64.8808 62.8037 60.9639 59.2799 57.7161 56.2181 54.9521 53.7326 52.6268 51.551 50.5341 49.6114 48.7042 47.8246 46.9699 46.126 45.2589 44.3866 43.5223 42.6971 41.8885 41.0873 40.2628 39.4134 38.5726 37.8073 37.0599 36.3307 35.6281 34.9409 34.351 33.8296 33.3652 33.1144 32.8916 32.8121 32.7763 33.0254 33.3737 33.9493 34.7079 35.6545 36.5628 38.1935 39.8965 41.4722 44.0688 46.7308 47.5663 48.0201 48.5803 49.2538 50.0476 50.9691 52.0257 53.2252 54.5756 56.0851 57.762 59.6151 61.6532 63.8855 66.3212 68.97 71.8415 74.9459 78.2933 
183.485 176.786 170.406 164.332 158.555 153.061 147.841 142.883 138.178 133.713 129.481 125.469 121.67 118.073 114.668 111.448 108.403 105.525 102.805 100.235 97.8073 95.5142 93.3482 91.3021 89.3688 87.5416 85.8139 84.1794 82.1731 78.6054 75.6617 72.8249 70.1033 67.8281 65.8383 63.7512 61.9012 60.2073 58.6335 57.1256 55.8498 54.6206 53.5051 52.4197 51.3933 50.4611 49.5445 48.6556 47.7917 46.9386 46.0623 45.1809 44.3077 43.4735 42.656 41.846 41.0127 40.1546 39.3053 38.5314 37.7755 37.0378 36.3268 35.6313 35.033 34.5035 34.0309 33.772 33.5411 33.4536 33.4099 33.6511 33.9915 34.5594 35.3102 36.2491 37.1498 38.773 40.4686 42.0368 44.6261 47.2809 48.1091 48.5557 49.1088 49.7752 50.562 51.4764 52.526 53.7185 55.062 56.5645 58.2346 60.0809 62.1122 64.3377 66.7666 69.4087 72.2735 75.3712 78.712 
184.588 177.88 171.49 165.408 159.621 154.118 148.889 143.923 139.208 134.735 130.493 126.473 122.664 119.058 115.645 112.416 109.362 106.475 103.746 101.168 98.7314 96.4297 94.2551 92.2004 90.2587 88.423 86.6868 85.0438 83.0289 79.4526 76.5004 73.6551 70.9249 68.6413 66.6432 64.5477 62.6895 60.9873 59.4054 57.8894 56.6055 55.3683 54.2449 53.1517 52.1174 51.1775 50.2531 49.3566 48.4851 47.6244 46.7406 45.8518 44.9712 44.1297 43.305 42.4877 41.6472 40.782 39.9256 39.1447 38.3818 37.6372 36.9193 36.217 35.612 35.0757 34.5964 34.3308 34.0934 33.9993 33.9491 34.1839 34.5179 35.0793 35.8238 36.7565 37.651 39.2681 40.9577 42.52 45.1033 47.7521 48.5744 49.0152 49.5624 50.2229 51.0039 51.9126 52.9564 54.1432 55.481 56.9779 58.6423 60.483 62.5087 64.7286 67.152 69.7886 72.6479 75.7402 79.0755 
185.465 178.749 172.353 166.263 160.469 154.96 149.724 144.75 140.028 135.548 131.299 127.272 123.457 119.844 116.424 113.188 110.128 107.234 104.498 101.913 99.4696 97.161 94.9796 92.918 90.9694 89.1268 87.3838 85.7339 83.7124 80.1294 77.1705 74.3186 71.5819 69.2917 67.2871 65.1852 63.3206 61.6122 60.0239 58.5017 57.2116 55.9683 54.8388 53.7395 52.6992 51.7533 50.823 49.9206 49.0432 48.1768 47.2872 46.3927 45.5064 44.6592 43.8289 43.0061 42.1602 41.2895 40.4276 39.6413 38.873 38.1231 37.3999 36.6924 36.0821 35.5407 35.0562 34.7856 34.5431 34.444 34.3888 34.6186 34.9477 35.5044 36.2442 37.1722 38.062 39.6745 41.3594 42.9171 45.4959 48.1401 48.9579 49.3941 49.9368 50.5929 51.3694 52.2736 53.3131 54.4955 55.8289 57.3214 58.9815 60.8178 62.8392 65.0548 67.474 70.1062 72.9613 76.0493 79.3805 
186.106 179.386 172.984 166.89 161.091 155.577 150.336 145.357 140.63 136.145 131.892 127.859 124.039 120.421 116.996 113.755 110.69 107.791 105.05 102.46 100.012 97.6983 95.512 93.4456 91.4921 89.6448 87.897 86.2425 84.2162 80.6286 77.6652 74.8086 72.0674 69.7728 67.7637 65.6574 63.7884 62.0755 60.4829 58.9564 57.6621 56.4145 55.2808 54.1773 53.1329 52.1828 51.2485 50.342 49.4606 48.5902 47.6967 46.7983 45.908 45.057 44.2228 43.3962 42.5465 41.672 40.8064 40.0164 39.2445 38.4909 37.7641 37.0529 36.4391 35.8941 35.4061 35.132 34.886 34.7836 34.7251 34.9517 35.2775 35.831 36.5676 37.4924 38.379 39.9883 41.6701 43.2246 45.8002 48.4413 49.256 49.6891 50.2287 50.8817 51.6551 52.5563 53.5927 54.7721 56.1024 57.5919 59.249 61.0823 63.1007 65.3133 67.7295 70.3588 73.211 76.296 79.6242 
186.503 179.78 173.376 167.278 161.477 155.959 150.715 145.734 141.004 136.516 132.26 128.225 124.401 120.78 117.353 114.109 111.041 108.139 105.396 102.802 100.352 98.0355 95.8466 93.7775 91.8214 89.9715 88.2212 86.5641 84.5353 80.9452 77.9792 75.1202 72.3765 70.0795 68.068 65.9593 64.0879 62.3727 60.7778 59.2489 57.9523 56.7025 55.5665 54.4608 53.4142 52.4619 51.5254 50.6167 49.7332 48.8606 47.965 47.0645 46.1722 45.3191 44.4829 43.6542 42.8024 41.926 41.0584 40.2664 39.4925 38.737 38.0083 37.2953 36.6796 36.1328 35.6431 35.3673 35.1197 35.0155 34.9553 35.1802 35.5044 36.0561 36.791 37.7141 38.5991 40.2067 41.8868 43.4396 46.0136 48.653 49.4661 49.8975 50.4355 51.0868 51.8586 52.7581 53.7928 54.9706 56.2993 57.7871 59.4425 61.2742 63.291 65.502 67.9165 70.5442 73.3947 76.4781 79.8046 
186.648 179.924 173.519 167.421 161.619 156.101 150.856 145.874 141.144 136.656 132.398 128.363 124.539 120.918 117.49 114.245 111.176 108.274 105.531 102.937 100.486 98.1692 95.9798 93.9104 91.9539 90.1036 88.3529 86.6954 84.6662 81.0758 78.1095 75.2501 72.5061 70.2087 68.1969 66.0879 64.2162 62.5007 60.9055 59.3764 58.0795 56.8294 55.6931 54.5871 53.5403 52.5878 51.651 50.7421 49.8583 48.9855 48.0896 47.1889 46.2963 45.443 44.6066 43.7777 42.9258 42.0492 41.1814 40.3893 39.6154 38.8598 38.131 37.418 36.8022 36.2554 35.7656 35.4897 35.2419 35.1377 35.0774 35.3021 35.6262 36.1778 36.9126 37.8355 38.7204 40.3278 42.0078 43.5605 46.1342 48.7735 49.5863 50.0176 50.5554 51.2065 51.9781 52.8774 53.9119 55.0894 56.4178 57.9054 59.5606 61.392 63.4085 65.6192 68.0335 70.6608 73.511 76.5941 79.9202 
186.538 179.816 173.413 167.317 161.516 156 150.757 145.777 141.049 136.562 132.307 128.273 124.451 120.831 117.405 114.163 111.096 108.196 105.454 102.862 100.413 98.0978 95.9103 93.8427 91.888 90.0396 88.2907 86.6351 84.6077 81.0191 78.0546 75.1971 72.4548 70.1593 68.1493 66.042 64.1721 62.4584 60.8649 59.3376 58.0424 56.794 55.6595 54.5552 53.5101 52.5593 51.6242 50.717 49.8349 48.9638 48.0697 47.1707 46.2799 45.4283 44.5936 43.7665 42.9163 42.0414 41.1754 40.3849 39.6127 38.8587 38.1316 37.4201 36.806 36.2607 35.7725 35.4981 35.2519 35.1492 35.0904 35.3166 35.6421 36.1952 36.9314 37.8558 38.742 40.3509 42.0322 43.5862 46.1613 48.8019 49.616 50.0486 50.5876 51.24 52.0128 52.9133 53.949 55.1277 56.4573 57.9461 59.6024 61.4349 63.4525 65.6643 68.0796 70.708 73.5592 76.6432 79.9703 
186.174 179.456 173.057 166.965 161.169 155.657 150.418 145.442 140.718 136.236 131.985 127.955 124.138 120.522 117.1 113.862 110.799 107.903 105.165 102.578 100.133 97.822 95.6386 93.5751 91.6245 89.7801 88.0353 86.3837 84.3604 80.7757 77.8152 74.9616 72.2233 69.9317 67.9256 65.8222 63.9562 62.2464 60.6568 59.1333 57.842 56.5974 55.4667 54.3662 53.3248 52.3778 51.4465 50.543 49.6647 48.7972 47.9068 47.0114 46.1242 45.2761 44.445 43.6214 42.7746 41.9032 41.0406 40.2536 39.4846 38.734 38.0102 37.302 36.6912 36.1491 35.6641 35.3929 35.1498 35.0503 34.9945 35.2238 35.5524 36.1085 36.8476 37.775 38.6641 40.2759 41.9601 43.517 46.0949 48.7383 49.5552 49.9905 50.5322 51.1873 51.9628 52.8659 53.9043 55.0856 56.4178 57.9091 59.5679 61.4029 63.423 65.6372 68.0549 70.6856 73.5392 76.6255 79.9549 
185.559 178.848 172.455 166.37 160.581 155.075 149.843 144.874 140.157 135.681 131.436 127.414 123.603 119.994 116.578 113.347 110.29 107.401 104.669 102.088 99.6495 97.3453 95.1683 93.1112 91.1669 89.3288 87.5903 85.945 83.9279 80.3494 77.3951 74.5477 71.8155 69.53 67.5299 65.4326 63.5725 61.8686 60.285 58.7673 57.4818 56.2431 55.1181 54.0233 52.9876 52.0463 51.1205 50.2226 49.3498 48.4878 47.6028 46.7128 45.8309 44.9882 44.1624 43.344 42.5025 41.6362 40.7787 39.9968 39.2329 38.4873 37.7685 37.0652 36.4592 35.922 35.4418 35.1754 34.9371 34.8422 34.7911 35.025 35.3582 35.9188 36.6625 37.5943 38.4879 40.1041 41.7926 43.3538 45.9361 48.5837 49.4049 49.8443 50.3903 51.0495 51.829 52.7362 53.7786 54.9639 56.3 57.7952 59.4579 61.2968 63.3206 65.5386 67.96 70.5944 73.4516 76.5416 79.8746 
184.704 178.002 171.618 165.542 159.761 154.265 149.042 144.082 139.373 134.906 130.671 126.656 122.854 119.254 115.847 112.625 109.577 106.696 103.974 101.401 98.9708 96.6752 94.5066 92.458 90.5222 88.6925 86.9623 85.3253 83.3164 79.7462 76.8 73.9607 71.2367 68.9591 66.9671 64.8777 63.0255 61.3295 59.7536 58.2437 56.9659 55.7348 54.6174 53.5302 52.502 51.568 50.6497 49.7591 48.8936 48.0389 47.161 46.2782 45.4034 44.5677 43.7489 42.9374 42.1028 41.2433 40.3926 39.6174 38.8602 38.1212 37.409 36.7122 36.1128 35.582 35.1082 34.8481 34.616 34.5274 34.4825 34.7226 35.0618 35.6285 36.3782 37.316 38.2155 39.8375 41.5319 43.0989 45.6868 48.3402 49.167 49.612 50.1635 50.8282 51.6133 52.5259 53.5736 54.7642 56.1056 57.606 59.2739 61.1179 63.1469 65.3699 67.7963 70.4357 73.2979 76.3928 79.7307 
183.619 176.928 170.555 164.49 158.72 153.235 148.023 143.074 138.376 133.92 129.695 125.692 121.901 118.312 114.916 111.704 108.667 105.797 103.085 100.523 98.1034 95.8184 93.6603 91.6221 89.6967 87.8774 86.1575 84.5307 82.532 78.972 76.0359 73.2066 70.4925 68.2249 66.2427 64.1631 62.3207 60.6343 59.068 57.5676 56.2994 55.0777 53.9697 52.8917 51.8728 50.948 50.0388 49.1573 48.3008 47.455 46.586 45.712 44.8459 44.019 43.2087 42.4058 41.5797 40.7287 39.8863 39.1195 38.3705 37.6397 36.9356 36.247 35.6555 35.1327 34.6668 34.4145 34.1903 34.1093 34.0721 34.3198 34.6666 35.2408 35.9979 36.9431 37.8499 39.4793 41.1808 42.755 45.3501 48.0105 48.8443 49.2963 49.8546 50.5262 51.318 52.2373 53.2917 54.4889 55.8369 57.3439 59.0182 60.8687 62.904 65.1334 67.5661 70.2118 73.0802 76.1812 79.5253 
182.313 175.635 169.276 163.224 157.467 151.995 146.796 141.86 137.175 132.732 128.521 124.53 120.752 117.176 113.792 110.593 107.569 104.711 102.012 99.4628 97.0557 94.7831 92.6375 90.6116 88.6985 86.8914 85.1836 83.5689 81.5823 78.0342 75.1101 72.2926 69.5903 67.3344 65.3638 63.2958 61.4648 59.7899 58.235 56.7459 55.4888 54.2782 53.1813 52.1144 51.1063 50.1924 49.294 48.4232 47.5773 46.742 45.8835 45.0199 44.1642 43.3475 42.5475 41.7547 40.9386 40.0976 39.2651 38.5081 37.7689 37.0478 36.3533 35.6743 35.0923 34.5789 34.1223 33.8793 33.6643 33.5925 33.5644 33.8211 34.1768 34.7599 35.5258 36.4797 37.3952 39.0331 40.7433 42.3259 44.9294 47.5982 48.4402 48.9005 49.467 50.1467 50.9465 51.8739 52.9362 54.1413 55.4971 57.0119 58.6939 60.552 62.595 64.8319 67.2722 69.9253 72.8011 75.9095 79.2608 
180.796 174.133 167.789 161.752 156.011 150.554 145.37 140.449 135.779 131.351 127.155 123.179 119.416 115.855 112.486 109.302 106.292 103.449 100.764 98.2295 95.8368 93.5785 91.4472 89.4355 87.5365 85.7434 84.0496 82.4488 80.4761 76.9417 74.0312 71.2273 68.5385 66.296 64.3387 62.2839 60.4662 58.8043 57.2624 55.7863 54.542 53.3442 52.26 51.2056 50.2101 49.3086 48.4225 47.5639 46.7302 45.9071 45.0606 44.2088 43.365 42.56 41.7717 40.9905 40.1859 39.3563 38.5352 37.7894 37.0614 36.3514 35.668 34.9998 34.4287 33.9261 33.4802 33.2478 33.0434 32.9821 32.9643 33.2313 33.5973 34.1905 34.9666 35.9305 36.856 38.5038 40.2237 41.8161 44.4293 47.1076 47.9592 48.4289 49.0049 49.6939 50.503 51.4395 52.511 53.7252 55.09 56.6137 58.3047 60.1716 62.2233 64.469 66.9179 69.5796 72.4639 75.5808 78.9405 
179.082 172.436 166.109 160.089 154.365 148.925 143.758 138.853 134.201 129.79 125.61 121.651 117.904 114.36 111.008 107.84 104.847 102.02 99.3518 96.8333 94.4568 92.2145 90.0992 88.1035 86.2203 84.443 82.7649 81.1797 79.2224 75.7035 72.8083 70.0196 67.3459 65.1185 63.1762 61.1363 59.3333 57.6861 56.1588 54.6971 53.4673 52.2838 51.2137 50.1735 49.192 48.3044 47.4321 46.5873 45.7672 44.9576 44.1245 43.2862 42.4556 41.6638 40.8885 40.1202 39.3285 38.5117 37.7033 36.9702 36.2547 35.5571 34.886 34.2301 33.6711 33.1806 32.7467 32.5263 32.3336 32.284 32.278 32.5565 32.934 33.5386 34.326 35.3012 36.2378 37.8967 39.6276 41.2309 43.8549 46.5441 47.4064 47.8867 48.4732 49.1726 49.9922 50.9391 52.0208 53.2452 54.6201 56.1538 57.8548 59.7316 61.7932 64.0486 66.5072 69.1786 72.0725 75.1989 78.568 
177.186 170.559 164.251 158.249 152.544 147.122 141.974 137.089 132.455 128.062 123.901 119.961 116.232 112.706 109.372 106.222 103.247 100.439 97.7882 95.2875 92.9288 90.7042 88.6065 86.6283 84.7625 83.0025 81.3417 79.7736 77.8334 74.3314 71.453 68.6811 66.0241 63.8132 61.8873 59.8637 58.077 56.4459 54.9346 53.4889 52.2748 51.107 50.0526 49.0278 48.0617 47.1894 46.3323 45.5026 44.6974 43.9027 43.0844 42.2607 41.4447 40.6674 39.9064 39.1525 38.3749 37.5721 36.7777 36.0584 35.3567 34.6728 34.0152 33.3728 32.8272 32.3499 31.9292 31.7219 31.5422 31.5055 31.5122 31.8035 32.1936 32.8107 33.6105 34.5981 35.547 37.218 38.9611 40.5764 43.2123 45.9133 46.7873 47.2794 47.8774 48.5884 49.4194 50.3776 51.4707 52.7062 54.0923 55.6371 57.349 59.2367 61.3091 63.5753 66.0446 68.7266 71.631 74.7679 78.1474 
175.126 168.52 162.232 156.251 150.565 145.164 140.036 135.171 130.557 126.184 122.043 118.123 114.414 110.908 107.594 104.464 101.508 98.7192 96.0881 93.6067 91.2672 89.0618 86.983 85.0237 83.1769 81.4356 79.7933 78.2438 76.322 72.8383 69.9781 67.2243 64.5853 62.3922 60.4842 58.4782 56.709 55.0954 53.6014 52.1729 50.9759 49.8251 48.7875 47.7795 46.8301 45.9743 45.1336 44.3202 43.5312 42.7526 41.9503 41.1424 40.3421 39.5804 38.835 38.0964 37.3342 36.5466 35.7673 35.0629 34.3761 33.7069 33.064 32.4361 31.905 31.4421 31.0356 30.8424 30.6767 30.654 30.6746 30.9796 31.3833 32.014 32.8273 33.8282 34.7903 36.4746 38.2307 39.859 42.5078 45.2216 46.1084 46.613 47.2237 47.9471 48.7904 49.761 50.8662 52.1139 53.512 55.0687 56.7926 58.6921 60.7762 63.054 65.5349 68.2283 71.1442 74.2924 77.6832 
172.922 166.337 160.071 154.111 148.448 143.068 137.962 133.118 128.525 124.174 120.054 116.155 112.468 108.982 105.689 102.58 99.6457 96.8774 94.267 91.8062 89.4871 87.3021 85.2437 83.3046 81.4777 79.7564 78.1341 76.6043 74.7021 71.2379 68.3972 65.6627 63.0428 60.8688 58.9797 56.9926 55.2421 53.647 52.1715 50.7613 49.5826 48.4498 47.4302 46.4401 45.5084 44.6702 43.8471 43.051 42.2793 41.5178 40.7325 39.9415 39.158 38.413 37.6841 36.962 36.216 35.4447 34.6814 33.993 33.322 32.6687 32.0414 31.429 30.9133 30.4656 30.0744 29.8962 29.7456 29.7377 29.773 30.0927 30.511 31.1561 31.9837 32.9989 33.9752 35.6735 37.4436 39.0857 41.7483 44.4758 45.3761 45.8942 46.5182 47.255 48.1115 49.0952 50.2134 51.474 52.885 54.4545 56.191 58.1031 60.1997 62.49 64.9832 67.6889 70.6169 73.7773 77.1801 
170.592 164.03 157.786 151.85 146.209 140.852 135.769 130.947 126.377 122.049 117.951 114.075 110.41 106.946 103.676 100.589 97.676 94.9296 92.341 89.9019 87.6044 85.4409 83.4038 81.4859 79.6803 77.98 76.3785 74.8696 72.9881 69.5445 66.7242 64.01 61.4103 59.2564 57.3872 55.4199 53.6891 52.1137 50.6576 49.2667 48.1072 46.9936 45.9929 45.0216 44.1085 43.289 42.4842 41.7065 40.9529 40.2095 39.4421 38.669 37.9031 37.1757 36.4642 35.7594 35.0307 34.2764 33.53 32.8585 32.2042 31.5674 30.9566 30.3606 29.8611 29.4296 29.0543 28.8921 28.7572 28.765 28.8159 29.151 29.5846 30.245 31.0878 32.1179 33.1091 34.8222 36.607 38.2638 40.9409 43.6827 44.5974 45.1297 45.7678 46.5186 47.3891 48.3865 49.5185 50.7928 52.2173 53.8003 55.5502 57.4756 59.5854 61.8887 64.395 67.1136 70.0545 73.2276 76.6431 
168.158 161.619 155.399 149.486 143.869 138.536 133.476 128.678 124.132 119.826 115.752 111.899 108.257 104.817 101.57 98.5055 95.616 92.8924 90.3264 87.91 85.635 83.4939 81.4791 79.5834 77.7998 76.1215 74.5418 73.0545 71.1946 67.7724 64.9734 62.2805 59.7018 57.5689 55.7205 53.7739 52.0636 50.5086 49.0728 47.7021 46.5626 45.4688 44.4879 43.5362 42.6427 41.8424 41.0569 40.2982 39.5637 38.8391 38.0904 37.3358 36.5884 35.8793 35.186 34.4992 33.7884 33.0519 32.3233 31.6693 31.0324 30.4129 29.8193 29.2403 28.7578 28.3431 27.9845 27.8388 27.7204 27.7446 27.8117 28.1629 28.6126 29.2888 30.1474 31.1932 32.2 33.9285 35.7286 37.4007 40.0929 42.8498 43.7794 44.3265 44.9794 45.7448 46.6298 47.6417 48.788 50.0765 51.5152 53.1122 54.876 56.8153 58.9389 61.256 63.7758 66.508 69.4622 72.6487 76.0775 
165.638 159.124 152.928 147.04 141.447 136.138 131.102 126.328 121.806 117.525 113.475 109.646 106.029 102.612 99.3887 96.3483 93.4824 90.7825 88.24 85.8468 83.5951 81.4771 79.4854 77.6126 75.8518 74.1961 72.639 71.1741 69.3365 65.9365 63.1595 60.4884 57.9316 55.8202 53.9934 52.0681 50.3791 48.8451 47.4303 46.0804 44.9615 43.8883 42.9278 41.9964 41.123 40.3428 39.5771 38.8382 38.1232 37.418 36.6887 35.9533 35.225 34.5347 33.8602 33.1921 32.4998 31.7817 31.0714 30.4355 29.8166 29.215 28.6391 28.0778 27.6127 27.2154 26.8741 26.7456 26.6442 26.6852 26.7691 27.137 27.6032 28.2959 29.1707 30.2328 31.2556 33.0001 34.8161 36.5039 39.2118 41.9842 42.9292 43.4917 44.1598 44.9403 45.8403 46.8672 48.0283 49.3316 50.7849 52.3964 54.1747 56.1283 58.2662 60.5974 63.1313 65.8774 68.8456 72.0458 75.4883 
163.052 156.563 150.392 144.529 138.961 133.677 128.666 123.917 119.42 115.164 111.138 107.334 103.741 100.349 97.1498 94.1338 91.2922 88.6164 86.0979 83.7288 81.5009 79.4066 77.4384 75.5891 73.8516 72.2192 70.6852 69.2432 67.4284 64.0511 61.2967 58.6481 56.1135 54.0244 52.2195 50.3161 48.6489 47.1365 45.7431 44.4146 43.3169 42.2648 41.3252 40.4145 39.5617 38.802 38.0567 37.338 36.6431 35.9579 35.2483 34.5326 33.8238 33.1529 32.4977 31.8487 31.1754 30.4761 29.7845 29.1672 28.5668 27.9835 27.4258 26.8826 26.4354 26.0559 25.7323 25.6213 25.5374 25.5957 25.6968 26.0818 26.5649 27.2744 28.166 29.2446 30.284 32.0449 33.8771 35.5811 38.305 41.0933 42.0542 42.6324 43.3161 44.1121 45.0276 46.0697 47.246 48.5644 50.0327 51.6592 53.4522 55.4206 57.573 59.9188 62.4671 65.2276 68.21 71.4244 74.881 
160.418 153.955 147.81 141.972 136.429 131.171 126.185 121.462 116.99 112.759 108.759 104.979 101.411 98.0444 94.8699 91.8786 89.0617 86.4104 83.9165 81.5716 79.368 77.2978 75.3536 73.5282 71.8144 70.2056 68.6951 67.2765 65.4849 62.1307 59.3992 56.7734 54.2615 52.1949 50.4124 48.5313 46.8862 45.3958 44.0243 42.7174 41.6413 40.6106 39.6922 38.8027 37.9709 37.232 36.5074 35.8093 35.1348 34.4698 33.7804 33.0847 32.3958 31.7446 31.109 30.4794 29.8254 29.1453 28.4727 27.8743 27.2927 26.728 26.1889 25.664 25.2351 24.8737 24.5681 24.475 24.4087 24.4847 24.6033 25.0056 25.506 26.2327 27.1412 28.2368 29.2929 31.0704 32.9193 34.6396 37.3799 40.1844 41.1614 41.7556 42.4552 43.267 44.1981 45.2558 46.4476 47.7813 49.2649 50.9065 52.7147 54.698 56.8653 59.2259 61.7889 64.564 67.5609 70.7897 74.2606 
157.756 151.318 145.199 139.387 133.87 128.637 123.678 118.98 114.533 110.328 106.353 102.599 99.0561 95.7145 92.5651 89.5988 86.8068 84.1803 81.7111 79.3908 77.2117 75.1658 73.2459 71.4446 69.7548 68.1698 66.683 65.288 63.5199 60.189 57.4807 54.878 52.389 50.3451 48.5853 46.7267 45.1038 43.6357 42.2862 41.0012 39.9469 38.9378 38.0409 37.1728 36.3622 35.6443 34.9406 34.2632 33.6094 32.9649 32.2958 31.6203 30.9514 30.3202 29.7043 29.0944 28.4599 27.7992 27.1458 26.5665 26.0039 25.458 24.9375 24.4312 24.0208 23.6777 23.3902 23.3152 23.2668 23.3606 23.4969 23.9167 24.4345 25.1785 26.1043 27.2169 28.2899 30.0843 31.9498 33.6868 36.4435 39.2645 40.2577 40.8681 41.5837 42.4115 43.3584 44.4319 45.6393 46.9886 48.4876 50.1445 51.9679 53.9663 56.1487 58.5242 61.1021 63.8919 66.9035 70.1469 73.6322 
155.082 148.67 142.577 136.791 131.3 126.093 121.159 116.487 112.067 107.887 103.938 100.209 96.6914 93.3752 90.251 87.3098 84.5427 81.9412 79.4967 77.2012 75.0466 73.0252 71.1296 69.3525 67.6868 66.1257 64.6627 63.2914 61.5469 58.2394 55.5544 52.9747 50.5087 48.4877 46.7506 44.9145 43.3141 41.8682 40.5409 39.2779 38.2455 37.258 36.3828 35.536 34.7467 34.05 33.3673 32.7107 32.0776 31.4536 30.805 30.1497 29.501 28.8897 28.2937 27.7035 27.0886 26.4473 25.8132 25.2531 24.7095 24.1825 23.6808 23.1931 22.8011 22.4764 22.2072 22.1503 22.1199 22.2315 22.3855 22.823 23.3583 24.1196 25.0626 26.1924 27.2824 29.0937 30.976 32.7296 35.5029 38.3403 39.3499 39.9765 40.7082 41.552 42.5148 43.6041 44.8272 46.192 47.7065 49.3789 51.2176 53.2312 55.4287 57.8191 60.4119 63.2166 66.2429 69.5009 73.0008 
152.413 146.028 139.961 134.2 128.736 123.555 118.646 114 109.605 105.451 101.527 97.8243 94.332 91.0411 87.9421 85.026 82.2839 79.7073 77.2876 75.0166 72.8866 70.8896 69.0183 67.2653 65.6236 64.0865 62.6472 61.2996 59.5785 56.2943 53.6326 51.076 48.6329 46.6347 44.9203 43.1067 41.5287 40.105 38.7998 37.5587 36.5481 35.5823 34.7286 33.9032 33.1351 32.4594 31.7977 31.1619 30.5494 29.946 29.3177 28.6827 28.054 27.4627 26.8865 26.316 25.7206 25.0987 24.4838 23.9428 23.4182 22.9101 22.4271 21.958 21.5845 21.2781 21.027 20.9882 20.9757 21.1052 21.2769 21.7319 22.2847 23.0633 24.0235 25.1703 26.2774 28.1055 30.0045 31.7748 34.5646 37.4184 38.4442 39.087 39.8348 40.6945 41.6732 42.7782 44.0171 45.3974 46.9274 48.6151 50.469 52.4978 54.7104 57.1158 59.7234 62.5429 65.5839 68.8564 72.3708 
149.766 143.406 137.365 131.63 126.191 121.036 116.154 111.533 107.164 103.035 99.1367 95.459 91.992 88.7261 85.6522 82.7611 80.0438 77.4919 75.0968 72.8503 70.7446 68.7718 66.9246 65.1956 63.5778 62.0643 60.6487 59.3245 57.6267 54.3657 51.727 49.1933 46.773 44.7975 43.1055 41.3143 39.7585 38.3568 37.0735 35.8543 34.8652 33.921 33.0885 32.2843 31.5373 30.8826 30.2416 29.6264 29.0344 28.4514 27.8433 27.2283 26.6196 26.0481 25.4915 24.9405 24.3645 23.7618 23.166 22.644 22.1382 21.6488 21.1843 20.7337 20.3785 20.0902 19.8573 19.8363 19.8417 19.9888 20.178 20.6505 21.2205 22.0164 22.9936 24.1574 25.2813 27.1261 29.0417 30.8285 33.6347 36.5047 37.5467 38.2055 38.9693 39.8449 40.8393 41.9599 43.2143 44.6101 46.1553 47.8583 49.7273 51.7712 53.9987 56.4189 59.0413 61.8754 64.931 68.218 71.7468 
147.153 140.819 134.804 129.095 123.681 118.552 113.695 109.1 104.756 100.652 96.779 93.1263 89.6843 86.4433 83.3942 80.5277 77.835 75.3074 72.9366 70.7143 68.6326 66.6838 64.8603 63.155 61.5607 60.0707 58.6783 57.3773 55.7025 52.4644 49.8485 47.3374 44.9396 42.9863 41.3165 39.5474 38.0135 36.6337 35.372 34.1742 33.2065 32.2835 31.4721 30.6888 29.9626 29.3285 28.708 28.1132 27.5414 26.9785 26.3903 25.7951 25.206 24.6541 24.1169 23.5851 23.0282 22.4445 21.8676 21.3643 20.877 20.4061 19.9599 19.5275 19.1903 18.92 18.7048 18.7015 18.7245 18.889 19.0956 19.5852 20.1723 20.9851 21.9792 23.1597 24.3002 26.1615 28.0935 29.8965 32.7188 35.6049 36.6629 37.3375 38.117 39.0082 40.0181 41.1542 42.4238 43.8349 45.3952 47.1132 48.9972 51.0558 53.2981 55.733 58.3699 61.2185 64.2884 67.5897 71.1327 
144.59 138.281 132.291 126.607 121.219 116.114 111.282 106.712 102.393 98.3145 94.4662 90.8382 87.4208 84.2043 81.1795 78.3373 75.6687 73.1651 70.8181 68.6196 66.5615 64.6362 62.8362 61.1541 59.583 58.116 56.7465 55.4682 53.816 50.6004 48.0068 45.518 43.1422 41.2109 39.5629 37.8155 36.3031 34.9446 33.7042 32.5275 31.5808 30.6786 29.8879 29.1252 28.4193 27.8055 27.2052 26.6304 26.0784 25.5352 24.9666 24.3909 23.8211 23.2883 22.7701 22.2572 21.7191 21.154 20.5956 20.1107 19.6416 19.1888 18.7606 18.346 18.0266 17.7739 17.5762 17.5902 17.6304 17.812 18.0355 18.5421 19.1459 19.9754 20.9859 22.1828 23.3396 25.2171 27.1652 28.9841 31.8223 34.7241 35.7977 36.4879 37.2828 38.1893 39.2145 40.3656 41.6503 43.0763 44.6515 46.3842 48.2828 50.356 52.6127 55.062 57.7132 60.5759 63.66 66.9753 70.5322 
142.087 135.803 129.837 124.179 118.815 113.735 108.928 104.382 100.088 96.0334 92.2094 88.6056 85.2122 82.0197 79.0187 76.2001 73.5551 71.075 68.7514 66.5761 64.5412 62.6389 60.8617 59.2024 57.6539 56.2094 54.8623 53.6062 51.9762 48.7826 46.2109 43.7437 41.3896 39.4797 37.8531 36.1268 34.6355 33.2979 32.0783 30.9222 29.996 29.1141 28.3437 27.601 26.9151 26.3211 25.7404 25.1852 24.6527 24.1286 23.5792 23.0225 22.4715 21.9574 21.4579 20.9635 20.4436 19.8968 19.3564 18.8894 18.4382 18.003 17.5924 17.1952 16.8931 16.6576 16.477 16.5079 16.5649 16.7633 17.0034 17.5264 18.1466 18.9922 20.019 21.2318 22.4045 24.2978 26.2616 28.0961 30.9497 33.8669 34.9558 35.6611 36.4711 37.3925 38.4326 39.5985 40.8978 42.3384 43.9281 45.6751 47.588 49.6755 51.9462 54.4095 57.0747 59.9513 63.0491 66.3781 69.9486 
139.655 133.396 127.455 121.82 116.481 111.425 106.642 102.12 97.8491 93.8187 90.0183 86.438 83.0681 79.8988 76.921 74.1255 71.5034 69.0462 66.7453 64.5927 62.5802 60.7004 58.9455 57.3083 55.7819 54.3593 53.034 51.7996 50.1911 47.019 44.4685 42.0225 39.6894 37.8004 36.1945 34.4888 33.018 31.7008 30.5013 29.3654 28.4591 27.5971 26.8463 26.1232 25.4567 24.882 24.3204 23.7841 23.2705 22.7652 22.2344 21.6961 21.1635 20.6676 20.1861 19.7097 19.2077 18.6785 18.1557 17.7061 17.2722 16.8543 16.4607 16.0804 15.7951 15.5763 15.4123 15.4597 15.5331 15.7476 16.0038 16.5428 17.1789 18.0404 19.0827 20.3112 21.4993 23.4079 25.3869 27.2366 30.1053 33.0374 34.1411 34.8611 35.6857 36.6217 37.6762 38.8565 40.1701 41.6247 43.2285 44.9896 46.9164 49.0175 51.302 53.779 56.4576 59.3477 62.4588 65.8011 69.3848 
137.305 131.069 125.152 119.541 114.225 109.192 104.432 99.934 95.6862 91.6788 87.9013 84.3438 80.9965 77.8498 74.8945 72.1214 69.5216 67.0865 64.8077 62.677 60.6865 58.8283 57.095 55.4794 53.9743 52.573 51.2688 50.0554 48.4678 45.3164 42.7865 40.3611 38.0483 36.1796 34.5938 32.9081 31.4571 30.1596 28.9797 27.8632 26.9763 26.1334 25.4017 24.6975 24.0498 23.4937 22.9507 22.4328 21.9374 21.4503 20.9375 20.4171 19.9022 19.424 18.96 18.5009 18.0162 17.5041 16.9983 16.5656 16.1485 15.7471 15.3701 15.0062 14.7372 14.5345 14.3865 14.4499 14.539 14.7693 15.0411 15.5955 16.247 17.1237 18.1812 19.4247 20.6278 22.5513 24.545 26.4093 29.2925 32.2391 33.3571 34.0914 34.9302 35.8802 36.9487 38.1428 39.4702 40.9385 42.5559 44.3304 46.2706 48.3851 50.6829 53.1729 55.8647 58.7677 61.8918 65.2469 68.8433 
135.044 128.831 122.936 117.348 112.055 107.045 102.308 97.8316 93.6062 89.6208 85.8655 82.33 79.0046 75.8798 72.9462 70.1947 67.6164 65.2028 62.9453 60.8358 58.8663 57.0291 55.3167 53.7218 52.2374 50.8566 49.5728 48.3797 46.8122 43.6808 41.1709 38.7652 36.4721 34.6229 33.0565 31.39 29.9582 28.6797 27.5187 26.421 25.5527 24.7283 24.015 23.329 22.6994 22.1613 21.6362 21.1361 20.6583 20.1886 19.6932 19.19 18.6923 18.231 17.7839 17.3415 16.8734 16.3778 15.8884 15.4719 15.0709 14.6856 14.3245 13.9764 13.723 13.5359 13.4033 13.4821 13.5864 13.8318 14.1186 14.688 15.3543 16.2457 17.3179 18.5758 19.7933 21.7311 23.739 25.6174 28.5146 31.4751 32.6069 33.3549 34.2072 35.1708 36.2526 37.4601 38.8007 40.2822 41.9126 43.7002 45.6533 47.7806 50.0911 52.5938 55.2981 58.2136 61.35 64.7175 68.3261 
132.879 126.688 120.815 115.249 109.978 104.989 100.274 95.819 91.615 87.651 83.9169 80.4026 77.0983 73.9945 71.0818 68.3511 65.7936 63.4005 61.1635 59.0744 57.1253 55.3083 53.6159 52.041 50.5764 49.2153 47.9511 46.7775 45.2294 42.1172 39.6264 37.2397 34.9655 33.135 31.5872 29.9393 28.5259 27.2657 26.1228 25.0431 24.1926 23.386 22.6903 22.0219 21.4097 20.8889 20.3809 19.8978 19.4369 18.984 18.5052 18.0185 17.5372 17.0922 16.6613 16.235 15.7828 15.303 14.8293 14.4285 14.0429 13.673 13.3271 12.9942 12.7559 12.5837 12.466 12.5594 12.6784 12.9383 13.2395 13.8232 14.5037 15.4092 16.4953 17.7671 18.9984 20.9498 22.9714 24.8632 27.7738 30.7476 31.8926 32.6537 33.5191 34.4956 35.5903 36.8105 38.1638 39.6579 41.3008 43.1007 45.0662 47.2058 49.5284 52.0432 54.7595 57.687 60.8353 64.2145 67.8349 
130.815 124.645 118.794 113.248 107.998 103.03 98.3352 93.9013 89.7178 85.7743 82.0606 78.5666 75.2825 72.1988 69.3061 66.5954 64.0577 61.6844 59.467 57.3975 55.4677 53.67 51.9969 50.4411 48.9954 47.6532 46.4078 45.2528 43.7233 40.6295 38.157 35.7885 33.5323 31.7198 30.1898 28.5596 27.1637 25.921 24.7955 23.7329 22.8996 22.11 21.4311 20.7795 20.1839 19.6796 19.1879 18.7211 18.2763 17.8395 17.3766 16.9057 16.4401 16.0106 15.5951 15.1842 14.7472 14.2826 13.8239 13.4379 13.0672 12.712 12.3807 12.0622 11.8383 11.6804 11.5768 11.6843 11.8172 12.091 12.4059 13.0032 13.6972 14.6161 15.7156 17.0007 18.245 20.2095 22.244 24.1487 27.0721 30.0585 31.2161 31.9897 32.8675 33.8563 34.9632 36.1956 37.5609 39.067 40.7218 42.5336 44.5108 46.662 48.9963 51.5226 54.2503 57.1891 60.3487 63.7392 67.3707 
128.857 122.707 116.875 111.35 106.119 101.172 96.4965 92.0823 87.9184 83.9945 80.3002 76.8256 73.5609 70.4964 67.6228 64.9311 62.4123 60.0578 57.8592 55.8083 53.8971 52.1178 50.463 48.9253 47.4978 46.1736 44.9461 43.8088 42.2969 39.2207 36.7656 34.4144 32.1754 30.38 28.867 27.2536 25.8745 24.6484 23.5394 22.4932 21.6762 20.9027 20.2399 19.6042 19.0244 18.5358 18.0597 17.6083 17.1789 16.7573 16.3096 15.8538 15.403 14.9885 14.5877 14.1913 13.7689 13.3187 12.8743 12.5025 12.1458 11.8045 11.4871 11.1824 10.9721 10.8277 10.7376 10.8584 11.0045 11.2914 11.6194 12.2296 12.9364 13.8681 14.9802 16.2779 17.5347 19.5116 21.5583 23.4752 26.4107 29.4091 30.5786 31.3641 32.2536 33.2541 34.3726 35.6165 36.9933 38.5107 40.1768 41.9998 43.9881 46.1504 48.4956 51.0328 53.7714 56.721 59.8913 63.2923 66.9344 
127.007 120.876 115.064 109.557 104.346 99.4171 94.7605 90.365 86.2198 82.3145 78.6387 75.1825 71.9361 68.8899 66.0345 63.3608 60.86 58.5234 56.3426 54.3094 52.4157 50.6539 49.0165 47.4962 46.0858 44.7786 43.5681 42.4477 40.9525 37.893 35.4544 33.1196 30.8969 29.1177 27.6208 26.0234 24.6601 23.4498 22.3564 21.3258 20.5242 19.766 19.1184 18.4977 17.9329 17.4592 16.9979 16.5613 16.1465 15.7393 15.306 14.8644 14.4279 14.0273 13.6405 13.258 12.8492 12.4126 11.9817 11.6233 11.28 10.9519 10.6475 10.3558 10.1584 10.0268 9.94935 10.0828 10.2414 10.5407 10.881 11.5034 12.2224 13.1661 14.2901 15.5996 16.8682 18.8567 20.915 22.8434 25.7903 28.8001 29.9809 30.7775 31.6781 32.6896 33.8191 35.0738 36.4614 37.9895 39.6662 41.4998 43.4986 45.6713 48.0268 50.5743 53.3232 56.2829 59.4632 62.8743 66.5264 
125.268 119.155 113.361 107.872 102.679 97.7679 93.1291 88.7513 84.6238 80.7361 77.0778 73.6391 70.41 67.3811 64.5429 61.8863 59.4025 57.0828 54.9188 52.9023 51.0252 49.28 47.659 46.155 44.7608 43.4698 42.2752 41.1708 39.6914 36.6476 34.2246 31.9053 29.698 27.9341 26.4524 24.8701 23.5217 22.3262 21.2476 20.2317 19.4447 18.701 18.0678 17.4614 16.9108 16.4511 16.0038 15.581 15.18 14.7865 14.3666 13.9385 13.5153 13.128 12.7543 12.3848 11.9889 11.5651 11.1469 10.8012 10.4703 10.1546 9.86258 9.58308 9.39779 9.27825 9.2127 9.35795 9.52835 9.83928 10.1911 10.825 11.5554 12.5104 13.6456 14.9662 16.2459 18.2454 20.3146 22.2538 25.2114 28.2318 29.4231 30.2302 31.1413 32.1631 33.3028 34.5677 35.9654 37.5036 39.1903 41.0337 43.0424 45.2249 47.5901 50.1473 52.9057 55.8749 59.0647 62.4852 66.1466 
123.64 117.545 111.767 106.296 101.119 96.2253 91.6033 87.2423 83.1314 79.2603 75.6185 72.1962 68.9835 65.9708 63.1487 60.5083 58.0405 55.7367 53.5885 51.5877 49.7263 47.9966 46.3911 44.9024 43.5235 42.2477 41.0682 39.9787 38.5142 35.4851 33.0768 30.772 28.5792 26.8297 25.3622 23.7941 22.4599 21.2785 20.2138 19.2117 18.4384 17.7083 17.0886 16.4956 15.9583 15.5119 15.0777 14.6678 14.2797 13.899 13.4918 13.0763 12.6656 12.2906 11.9292 11.5719 11.1881 10.7763 10.37 10.036 9.71689 9.41281 9.13229 8.86422 8.69027 8.58197 8.52758 8.6839 8.86528 9.1871 9.54975 10.1944 10.9354 11.9009 13.0466 14.3777 15.6676 17.6774 19.7567 21.706 24.6736 27.704 28.9052 29.7221 30.6428 31.6743 32.8236 34.098 35.5051 37.0527 38.7487 40.6014 42.6192 44.8108 47.1852 49.7513 52.5186 55.4967 58.6954 62.1246 65.7947 
122.125 116.045 110.284 104.829 99.6676 94.7896 90.1834 85.838 81.7428 77.8872 74.2609 70.854 67.6566 64.6591 61.8522 59.2268 56.774 54.4852 52.3518 50.3657 48.519 46.8038 45.2127 43.7384 42.3738 41.1121 39.9467 38.8712 37.4207 34.4054 32.0109 29.7198 27.5406 25.8046 24.3506 22.7958 21.4748 20.3064 19.2548 18.2656 17.505 16.7877 16.1806 15.6001 15.0752 14.6411 14.2191 13.8213 13.4452 13.0764 12.6811 12.2773 11.8782 11.5148 11.1648 10.8188 10.4463 10.0457 9.65048 9.3275 9.01924 8.72596 8.45617 8.19873 8.03533 7.93749 7.89349 8.0601 8.2517 8.58365 8.95635 9.61098 10.3618 11.3372 12.4927 13.8334 15.1329 17.1522 19.2409 21.1996 24.1765 27.2161 28.4265 29.2525 30.1822 31.2227 32.3809 33.6641 35.08 36.6363 38.3409 40.2022 42.2285 44.4286 46.8113 49.3858 52.1615 55.1478 58.3546 61.792 65.4702 
120.721 114.657 108.91 103.47 98.3234 93.4601 88.8686 84.5379 80.4573 76.6162 73.0043 69.6118 66.4287 63.4454 60.6526 58.0413 55.6025 53.3275 51.2079 49.2355 47.4024 45.7008 44.1232 42.6623 41.3111 40.0627 38.9105 37.8481 36.4106 33.4082 31.0265 28.7482 26.5817 24.8582 23.4166 21.8742 20.5654 19.4092 18.3696 17.3924 16.6438 15.9382 15.3428 14.7739 14.2605 13.8378 13.4271 13.0407 12.6756 12.3179 11.9335 11.5406 11.1523 10.7995 10.4602 10.1247 9.76264 9.37234 8.98739 8.67459 8.37641 8.09314 7.83327 7.58567 7.43203 7.34388 7.30947 7.48561 7.68665 8.02797 8.40997 9.07382 9.83382 10.8183 11.9827 13.3323 14.6407 16.6688 18.7663 20.7336 23.7191 26.7672 27.986 28.8204 29.7585 30.8073 31.9737 33.2651 34.689 36.2533 37.966 39.8352 41.8694 44.0773 46.4677 49.0499 51.8332 54.8271 58.0415 61.4864 65.172 
119.427 113.377 107.644 102.218 97.0853 92.2358 87.6579 83.3408 79.2737 75.446 71.8476 68.4683 65.2984 62.3284 59.5487 56.9504 54.5245 52.2624 50.1557 48.1961 46.3757 44.6868 43.1217 41.6733 40.3345 39.0984 37.9584 36.9081 35.4826 32.4923 30.1224 27.8559 25.701 23.9891 22.559 21.028 19.7305 18.5856 17.5571 16.5909 15.8533 15.1585 14.5739 14.0158 13.513 13.1008 12.7005 12.3244 11.9696 11.6221 11.2478 10.8649 10.4865 10.1436 9.81395 9.48817 9.13572 8.75493 8.37941 8.07596 7.78707 7.513 7.26226 7.02371 6.87904 6.79978 6.77421 6.9591 7.16882 7.51875 7.90929 8.58161 9.35002 10.3428 11.5155 12.8733 14.1899 16.226 18.3315 20.3068 23.3002 26.3561 27.5827 28.4248 29.3705 30.4268 31.6008 32.8997 34.3311 35.9027 37.6227 39.4991 41.5405 43.7556 46.1532 48.7424 51.5327 54.5336 57.7549 61.2067 64.8991 
118.243 112.205 106.485 101.071 95.9516 91.1147 86.5495 82.2449 78.1902 74.3749 70.7888 67.4219 64.2643 61.3064 58.5389 55.9527 53.5389 51.2887 49.1939 47.2461 45.4374 43.7601 42.2066 40.7697 39.4422 38.2174 37.0886 36.0496 34.635 31.6556 29.2966 27.0409 24.8967 23.1954 21.7759 20.2553 18.9683 17.8336 16.8153 15.8593 15.1316 14.4469 13.8721 13.3238 12.8307 12.4281 12.0374 11.6708 11.3254 10.9872 10.6221 10.2483 9.87901 9.54513 9.22442 8.90749 8.5638 8.19171 7.82483 7.52993 7.24952 6.98385 6.74145 6.51116 6.37469 6.30356 6.28604 6.47893 6.69658 7.05437 7.4527 8.13275 8.90882 9.9092 11.0895 12.4548 13.7787 15.8222 17.9351 19.9176 22.9181 25.9812 27.2148 28.064 29.0167 30.0799 31.2607 32.5664 34.0046 35.583 37.3096 39.1927 41.2407 43.4622 45.8663 48.462 51.2587 54.2659 57.4935 60.9515 64.6502 
117.164 111.138 105.43 100.028 94.9199 90.0947 85.5411 81.248 77.2049 73.4011 69.8265 66.4709 63.3245 60.3779 57.6215 55.0464 52.6435 50.4043 48.3203 46.3833 44.5853 42.9185 41.3756 39.9491 38.632 37.4174 36.2989 35.2699 33.8655 30.8961 28.547 26.3011 24.1667 22.475 21.0651 19.554 18.2764 17.1511 16.1421 15.1953 14.4768 13.8011 13.2353 12.6958 12.2116 11.8178 11.4357 11.0777 10.7408 10.4111 10.0544 9.68893 9.32784 9.00213 8.68952 8.38062 8.04489 7.6807 7.32163 7.03449 6.76177 6.50373 6.26888 6.04609 5.91704 5.85329 5.84307 6.04319 6.26802 6.63294 7.03833 7.72538 8.5084 9.51566 10.7028 12.0748 13.4055 15.4557 17.5751 19.5642 22.5713 25.6408 26.8808 27.7363 28.6954 29.7648 30.9519 32.2637 33.708 35.2925 37.0251 38.9142 40.9681 43.1956 45.6055 48.207 51.0095 54.0225 57.2558 60.7194 64.4237 
116.189 110.174 104.477 99.0857 93.9884 89.1739 84.6308 80.3484 76.3157 72.5224 68.9581 65.6127 62.4766 59.5401 56.7938 54.2287 51.8358 49.6064 47.5322 45.6049 43.8166 42.1594 40.626 39.2089 37.9012 36.696 35.5866 34.5668 33.1715 30.2111 27.871 25.6339 23.5083 21.8254 20.4241 18.9216 17.6525 16.5356 15.535 14.5965 13.8862 13.2186 12.661 12.1295 11.6532 11.2673 10.8931 10.5427 10.2136 9.89143 9.5423 9.18433 8.83065 8.51229 8.20697 7.90529 7.57672 7.21962 6.86759 6.58743 6.32162 6.07043 5.84238 5.62632 5.50395 5.44681 5.44316 5.64979 5.88107 6.25238 6.66412 7.35746 8.14671 9.16016 10.3534 11.7316 13.0683 15.1244 17.2498 19.2447 22.2577 25.333 26.5788 27.4399 28.4046 29.4797 30.6723 31.9898 33.4395 35.0294 36.7675 38.6619 40.7212 42.9539 45.3691 47.9759 50.7835 53.8016 57.0401 60.5088 64.2181 
115.316 109.311 103.624 98.2419 93.1543 88.3494 83.8159 79.5428 75.5196 71.7356 68.1806 64.8445 61.7175 58.7901 56.0529 53.4967 51.1127 48.8922 46.8267 44.9082 43.1285 41.4799 39.955 38.5464 37.247 36.0501 34.949 33.9374 32.5502 29.5978 27.2657 25.0366 22.9188 21.2437 19.8501 18.3553 17.0938 15.9844 14.9913 14.0602 13.3572 12.697 12.1465 11.6222 11.153 10.7741 10.4068 10.0634 9.74111 9.42573 9.08332 8.73201 8.38494 8.07313 7.77429 7.47905 7.15685 6.80608 6.46031 6.18636 5.9267 5.68161 5.4596 5.24954 5.13312 5.08187 5.08405 5.29647 5.53349 5.91049 6.32786 7.02679 7.82159 8.84054 10.0392 11.4228 12.7649 14.8263 16.957 18.9572 21.9753 25.0557 26.3066 27.1729 28.1426 29.2227 30.4203 31.7426 33.1972 34.792 36.5348 38.434 40.498 42.7355 45.1554 47.7668 50.579 53.6017 56.8447 60.3179 64.0318 
114.542 108.545 102.867 97.4934 92.4144 87.6179 83.0929 78.8283 74.8133 71.0376 67.4908 64.1629 61.0441 58.1247 55.3955 52.8472 50.4711 48.2584 46.2008 44.2899 42.5178 40.8769 39.3595 37.9583 36.6664 35.4768 34.383 33.3786 31.9986 29.0533 26.7282 24.5061 22.3953 20.727 19.3403 17.8522 16.5974 15.4947 14.5082 13.5836 12.8871 12.2332 11.6891 11.1711 10.7081 10.3354 9.97431 9.63698 9.3207 9.0113 8.6748 8.32937 7.98811 7.68206 7.38893 7.09935 6.78276 6.43755 6.09729 5.82879 5.57455 5.33482 5.11813 4.91334 4.80214 4.75606 4.76338 4.98089 5.22295 5.60495 6.02728 6.73112 7.5308 8.55457 9.75805 11.1464 12.4932 14.5593 16.6946 18.6994 21.722 24.807 26.0624 26.9331 27.9073 28.9917 30.1936 31.5203 32.9792 34.5782 36.3253 38.2287 40.2969 42.5385 44.9624 47.5779 50.3942 53.4209 56.6679 60.1451 63.8629 
113.862 107.873 102.202 96.8367 91.7651 86.9761 82.4585 78.2012 74.1936 70.4251 66.8855 63.5647 60.453 57.5406 54.8184 52.277 49.9078 47.7019 45.651 43.7468 41.9815 40.3471 38.8362 37.4416 36.1561 34.9729 33.8855 32.8874 31.5136 28.5745 26.2556 24.0395 21.9347 20.2724 18.8916 17.4094 16.1604 15.0635 14.0826 13.1637 12.4728 11.8245 11.286 10.7734 10.3159 9.94853 9.59275 9.26069 8.94964 8.64541 8.31405 7.9737 7.63749 7.33643 7.04826 6.76358 6.45186 6.11146 5.77598 5.51221 5.26265 5.02758 4.81549 4.61527 4.50859 4.467 4.47876 4.70067 4.94711 5.33343 5.76006 6.46816 7.27205 8.30001 9.50764 10.9001 12.2509 14.3211 16.4604 18.4692 21.4958 24.5847 25.844 26.7185 27.6965 28.7848 29.9905 31.3208 32.7835 34.3862 36.1369 38.044 40.1157 42.3609 44.7885 47.4075 50.2273 53.2575 56.5079 59.9886 63.7098 
113.274 107.292 101.627 96.2683 91.2032 86.4205 81.9092 77.6582 73.6569 69.8946 66.3612 63.0465 59.9408 57.0345 54.3182 51.7828 49.4194 47.2194 45.1742 43.2758 41.5161 39.8874 38.3821 36.993 35.713 34.5353 33.4533 32.4605 31.0921 28.1583 25.8445 23.6336 21.534 19.8768 18.501 17.0238 15.7798 14.6878 13.7118 12.7977 12.1116 11.4681 10.9342 10.4263 9.97336 9.61058 9.25934 8.93177 8.62517 8.32536 7.99837 7.66235 7.33042 7.03362 6.74966 6.46916 6.16157 5.82527 5.49385 5.2341 4.98853 4.75741 4.54924 4.35289 4.25006 4.21229 4.22783 4.45349 4.70363 5.09364 5.52392 6.23564 7.04312 8.07464 9.28579 10.6817 12.0361 14.1097 16.2524 18.2646 21.2945 24.3868 25.6494 26.5272 27.5084 28.5999 29.8088 31.1424 32.6082 34.214 35.9679 37.878 39.9529 42.2011 44.6317 47.2537 50.0765 53.1097 56.3631 59.8467 63.5708 
112.774 106.798 101.138 95.7848 90.725 85.9477 81.4417 77.196 73.1998 69.4427 65.9144 62.6048 59.5041 56.6028 53.8915 51.361 49.0025 46.8073 44.767 42.8733 41.1183 39.4943 37.9937 36.6092 35.3337 34.1606 33.083 32.0947 30.7307 27.8012 25.4918 23.2853 21.1898 19.5369 18.1653 16.6923 15.4524 14.3644 13.3925 12.4824 11.8003 11.1607 10.6308 10.1268 9.67766 9.31869 8.97122 8.64739 8.3445 8.04835 7.725 7.39259 7.06423 6.77097 6.49052 6.21349 5.90934 5.57645 5.24841 4.99201 4.74976 4.52192 4.317 4.12387 4.02423 3.98962 4.00829 4.23706 4.49028 4.88335 5.31665 6.03138 6.84183 7.8763 9.09039 10.4892 11.8464 13.9229 16.0685 18.0834 21.1162 24.2112 25.4766 26.3571 27.3411 28.4353 29.6468 30.983 32.4515 34.0599 35.8164 37.7291 39.8065 42.0573 44.4904 47.1149 49.9402 52.9759 56.2318 59.7178 63.4444 
112.359 106.386 100.732 95.3822 90.3268 85.5538 81.052 76.8104 72.8185 69.0655 65.5413 62.2358 59.1392 56.2418 53.5345 51.008 48.6534 46.4621 44.4256 42.5358 40.7846 39.1643 37.6675 36.2867 35.0149 33.8454 32.7715 31.7868 30.4263 27.5004 25.1945 22.9914 20.8994 19.2498 17.8816 16.412 15.1754 14.0907 13.1221 12.2152 11.5363 10.8999 10.373 9.87216 9.42616 9.07025 8.7258 8.40498 8.10506 7.81186 7.49143 7.16191 6.83643 6.54601 6.26837 5.99413 5.69275 5.3626 5.03727 4.78356 4.54397 4.31878 4.11647 3.92594 3.82887 3.7968 3.81799 4.04924 4.30493 4.70045 5.13617 5.8533 6.66615 7.70299 8.91942 10.3206 11.6801 13.7589 15.9067 17.9239 20.959 24.0562 25.3237 26.2065 27.1926 28.289 29.5027 30.841 32.3116 33.9222 35.6807 37.5955 39.675 41.9279 44.363 46.9895 49.8169 52.8546 56.1124 59.6005 63.329 
112.023 106.054 100.403 95.0568 90.0047 85.2349 80.7364 76.4981 72.5093 68.7595 65.2385 61.9361 58.8426 55.9484 53.2441 50.7206 48.369 46.1807 44.1472 42.2603 40.5121 38.8947 37.4007 36.0227 34.7538 33.5871 32.5159 31.5339 30.1762 27.253 24.9497 22.7493 20.6599 19.013 17.6474 16.1802 14.9462 13.864 12.8979 11.9935 11.317 10.683 10.1586 9.66007 9.21642 8.86284 8.52071 8.20217 7.90452 7.61357 7.29537 6.96806 6.64475 6.3565 6.08101 5.80889 5.50962 5.18155 4.85829 4.60663 4.36907 4.14589 3.94558 3.75702 3.6619 3.63177 3.65489 3.88805 4.14562 4.543 4.98057 5.69953 6.51419 7.55283 8.77106 10.174 11.5353 13.6158 15.7654 17.7843 20.8211 23.92 25.1892 26.0737 27.0615 28.1595 29.3748 30.7148 32.187 33.7992 35.5594 37.4758 39.5569 41.8113 44.248 46.8762 49.7051 52.7443 56.0038 59.4934 63.2234 
111.765 105.798 100.149 94.8055 89.7557 84.9883 80.492 76.256 72.2695 68.522 65.0032 61.703 58.6117 55.7196 53.0175 50.4962 48.1467 45.9605 43.9291 42.0442 40.298 38.6827 37.1907 35.8147 34.5478 33.383 32.3137 31.3337 29.9778 27.0565 24.7552 22.5565 20.469 18.8239 17.4601 15.9948 14.7625 13.6821 12.7177 11.815 11.1402 10.5079 9.98512 9.48827 9.04626 8.69431 8.35378 8.03684 7.74077 7.45138 7.13473 6.80895 6.48717 6.20042 5.92642 5.65579 5.35798 5.03137 4.70954 4.45931 4.22317 4.00138 3.80246 3.61528 3.52153 3.49275 3.5172 3.75169 4.01059 4.40927 4.84813 5.56837 6.3843 7.42419 8.64366 10.0478 11.4104 13.4921 15.6429 17.6631 20.701 23.8011 25.0716 25.9572 26.9462 28.0454 29.2619 30.603 32.0764 33.6897 35.4511 37.3686 39.4508 41.7064 44.1443 46.7735 49.6036 52.6439 55.9045 59.3952 63.1264 
111.581 105.616 99.9678 94.6256 89.5772 84.8112 80.3163 76.0817 72.0965 68.3503 64.8328 61.5339 58.4439 55.5531 52.8523 50.3322 47.984 45.799 43.7688 41.8851 40.1401 38.526 37.0351 35.6603 34.3945 33.2309 32.1628 31.1838 29.8291 26.9088 24.6086 22.411 20.3246 18.6805 17.3177 15.8534 14.6222 13.5428 12.5794 11.6777 11.0039 10.3725 9.85073 9.35483 8.91376 8.56274 8.22314 7.90712 7.61195 7.32347 7.0077 6.68281 6.3619 6.07602 5.80288 5.5331 5.23613 4.91035 4.58936 4.33995 4.10462 3.88364 3.68552 3.49914 3.40617 3.37818 3.40341 3.63867 3.89833 4.29777 4.73739 5.45837 6.27503 7.31565 8.53585 9.94075 11.304 13.3865 15.538 17.5588 20.5975 23.6983 24.9695 25.8558 26.8455 27.9454 29.1626 30.5045 31.9785 33.5926 35.3546 37.2728 39.3558 41.612 44.0506 46.6806 49.5113 52.5524 55.8137 59.3051 63.037 
111.468 105.504 99.8566 94.5148 89.4669 84.7013 80.2069 75.9727 71.988 68.2422 64.7251 61.4267 58.3371 55.4467 52.7462 50.2265 47.8787 45.6941 43.6643 41.781 40.0363 38.4225 36.932 35.5576 34.2921 33.1288 32.061 31.0824 29.728 26.8081 24.5081 22.3109 20.2248 18.581 17.2185 15.7545 14.5235 13.4444 12.4813 11.5799 10.9064 10.2753 9.75375 9.25811 8.81731 8.46655 8.12721 7.81145 7.51654 7.2283 6.91279 6.58814 6.26748 5.98184 5.70894 5.4394 5.14267 4.81713 4.49637 4.2472 4.0121 3.79135 3.59346 3.40731 3.31457 3.2868 3.31226 3.54775 3.80763 4.2073 4.64714 5.36835 6.18523 7.22608 8.44649 9.85161 11.2151 13.2978 15.4495 17.4706 20.5095 23.6106 24.8819 25.7685 26.7584 27.8586 29.0761 30.4182 31.8925 33.5068 35.2691 37.1876 39.2708 41.5274 43.9662 46.5965 49.4275 52.4689 55.7305 59.2223 62.9545 
111.426 105.461 99.8134 94.4712 89.4228 84.6568 80.162 75.9273 71.9421 68.1959 64.6784 61.3795 58.2894 55.3986 52.6977 50.1775 47.8292 45.6442 43.6139 41.7302 39.985 38.3708 36.8798 35.5049 34.239 33.0753 32.007 31.028 29.6731 26.7528 24.4524 22.2547 20.1681 18.5239 17.161 15.6965 14.4652 13.3856 12.4221 11.5202 10.8463 10.2148 9.6929 9.19686 8.75566 8.40451 8.06478 7.74862 7.45333 7.16471 6.84882 6.5238 6.20277 5.91676 5.6435 5.3736 5.07652 4.75063 4.42953 4.18001 3.94458 3.7235 3.52528 3.3388 3.24575 3.21767 3.24282 3.478 3.73759 4.13696 4.57651 5.29744 6.11404 7.15461 8.37474 9.77959 11.1428 13.2252 15.3767 17.3976 20.4362 23.5371 24.8082 25.6946 26.6843 27.7843 29.0016 30.3435 31.8177 33.4318 35.194 37.1123 39.1954 41.4519 43.8906 46.5207 49.3517 52.393 55.6545 59.1462 62.8783 
111.452 105.486 99.8369 94.4933 89.4436 84.6763 80.1801 75.9441 71.9576 68.2101 64.6912 61.391 58.2996 55.4075 52.7053 50.1838 47.8343 45.6479 43.6164 41.7314 39.985 38.3695 36.8773 35.5012 34.234 33.0691 31.9996 31.0194 29.6633 26.7418 24.4402 22.2413 20.1536 18.5082 17.1442 15.6786 14.4461 13.3654 12.4008 11.4978 10.8228 10.1903 9.66727 9.17018 8.72793 8.37573 8.03497 7.71779 7.42149 7.13187 6.81499 6.48898 6.16698 5.88001 5.6058 5.33496 5.03694 4.71013 4.38812 4.1377 3.90137 3.67941 3.48032 3.29298 3.19908 3.17015 3.19447 3.42883 3.68761 4.08617 4.52494 5.24508 6.06091 7.10072 8.3201 9.72419 11.0867 13.1684 15.3191 17.3393 20.3772 23.4774 24.7479 25.6336 26.6227 27.7221 28.9387 30.2801 31.7537 33.3672 35.1288 37.0466 39.1292 41.3851 43.8233 46.453 49.2834 52.3243 55.5853 59.0765 62.8082 
111.546 105.577 99.9259 94.5802 89.5282 84.7587 80.2603 76.0221 72.0334 68.2837 64.7627 61.4603 58.3668 55.4725 52.7682 50.2446 47.893 45.7045 43.6709 41.7839 40.0355 38.4179 36.9237 35.5456 34.2764 33.1095 32.0381 31.0559 29.6979 26.7744 24.4709 22.2702 20.1806 18.5334 17.1675 15.7001 14.4657 13.3833 12.4168 11.5121 10.8354 10.2011 9.67636 9.17756 8.73362 8.37975 8.03733 7.71851 7.42058 7.12935 6.81087 6.48329 6.15972 5.87121 5.59546 5.3231 5.02358 4.69529 4.37181 4.11993 3.88217 3.65878 3.45829 3.26955 3.17427 3.14398 3.16695 3.39998 3.65744 4.05471 4.49218 5.21106 6.02563 7.06419 8.28235 9.68522 11.0465 13.127 15.2766 17.2956 20.3324 23.4315 24.7009 25.5855 26.5736 27.6718 28.8875 30.2278 31.7004 33.313 35.0736 36.9905 39.0721 41.3271 43.7644 46.3932 49.2227 52.2627 55.5229 59.0133 62.7443 
111.706 105.734 100.08 94.7312 89.6761 84.9035 80.402 76.1608 72.1691 68.4163 64.8923 61.587 58.4905 55.5933 52.886 50.3595 48.005 45.8137 43.7772 41.8873 40.1361 38.5157 37.0187 35.6378 34.3659 33.1963 32.1222 31.1373 29.7766 26.8505 24.5444 22.3411 20.2489 18.5991 17.2307 15.7608 14.5239 13.439 12.4701 11.563 10.8838 10.2472 9.72006 9.21892 8.77266 8.41649 8.07179 7.75072 7.45055 7.15711 6.83644 6.50669 6.18097 5.89033 5.61248 5.33804 5.03646 4.70613 4.38062 4.12675 3.887 3.66166 3.45923 3.26858 3.1714 3.13924 3.16035 3.39155 3.64719 4.04267 4.47837 5.19549 6.00833 7.04518 8.26163 9.66283 11.0224 13.1013 15.2493 17.2667 20.3019 23.3995 24.6673 25.5504 26.537 27.6338 28.848 30.1869 31.658 33.2692 35.0285 36.944 39.0243 41.278 43.714 46.3416 49.1699 52.2086 55.4676 58.9569 62.6866 
111.933 105.957 100.299 94.9463 89.8873 85.1107 80.6054 76.3603 72.3647 68.6081 65.0802 61.7711 58.6708 55.7698 53.0588 50.5287 48.1704 45.9754 43.9353 42.0418 40.287 38.663 37.1625 35.7781 34.5027 33.3296 32.2521 31.2638 29.8997 26.9703 24.6608 22.4542 20.3587 18.7057 17.3341 15.861 14.621 13.5329 12.5609 11.6507 10.9685 10.3288 9.79869 9.29458 8.84537 8.48629 8.1387 7.81476 7.51176 7.21552 6.89207 6.55956 6.23112 5.93778 5.65726 5.38017 5.07597 4.74304 4.41497 4.15856 3.9163 3.68847 3.48358 3.2905 3.19091 3.15636 3.17512 3.40398 3.65732 4.05051 4.48395 5.19884 6.00947 7.04413 8.25842 9.65749 11.015 13.0917 15.2376 17.253 20.2862 23.3818 24.6477 25.5289 26.5135 27.6084 28.8207 30.1578 31.6271 33.2366 34.9941 36.9079 38.9864 41.2384 43.6728 46.2987 49.1254 52.1625 55.4199 58.9076 62.6359 
112.228 106.247 100.584 95.2262 90.1624 85.381 80.8708 76.621 72.6207 68.8594 65.3269 62.0132 58.9083 56.0028 53.2872 50.7526 48.3898 46.1904 44.1459 42.248 40.4888 38.8606 37.3558 35.9671 34.6875 33.5102 32.4285 31.4361 30.0679 27.1344 24.8209 22.6103 20.5109 18.8539 17.4784 16.0014 14.7576 13.6657 12.6899 11.776 11.0901 10.4467 9.91299 9.40528 8.95251 8.58989 8.23881 7.91141 7.60497 7.30532 6.97851 6.64267 6.31093 6.01432 5.73056 5.45027 5.1429 4.80683 4.47565 4.21616 3.97086 3.74001 3.53213 3.3361 3.23359 3.19615 3.21205 3.43808 3.68861 4.07903 4.50973 5.22191 6.02985 7.06186 8.27353 9.66999 11.0249 13.0991 15.2425 17.2554 20.2862 23.3793 24.6428 25.5216 26.5039 27.5965 28.8066 30.1414 31.6085 33.2157 34.9711 36.8827 38.9592 41.2091 43.6414 46.2653 49.09 52.1252 55.3806 58.8664 62.5928 
112.592 106.605 100.936 95.5727 90.503 85.7158 81.2 76.9444 72.9385 69.1716 65.6336 62.3143 59.204 56.2932 53.5723 51.0323 48.6643 46.4597 44.41 42.5069 40.7426 39.1093 37.5995 36.2058 34.9213 33.739 32.6524 31.6552 30.2822 27.3439 25.0257 22.8104 20.7063 19.0448 17.6647 16.1831 14.9348 13.8385 12.8583 11.94 11.2498 10.6021 10.0641 9.55216 9.09521 8.72845 8.37325 8.04178 7.73132 7.42768 7.09691 6.75716 6.42154 6.12109 5.83353 5.54948 5.23838 4.89862 4.56379 4.30068 4.0518 3.81742 3.60603 3.40652 3.30058 3.25974 3.27227 3.49498 3.74222 4.12937 4.55685 5.26583 6.07062 7.0995 8.30808 9.70148 11.0533 13.1246 15.265 17.2749 20.3028 23.3931 24.6537 25.5298 26.5093 27.5992 28.8065 30.1387 31.6032 33.2078 34.9606 36.8697 38.9437 41.1911 43.621 46.2424 49.0648 52.0976 55.3508 58.8343 62.5583 
113.027 107.034 101.358 95.9875 90.9111 86.1173 81.5948 77.3327 73.3202 69.5468 66.0024 62.6767 59.56 56.6428 53.9157 51.3695 48.9954 46.7848 44.7291 42.8202 41.05 39.4109 37.8952 36.4958 35.2056 34.0177 32.9255 31.9227 30.5442 27.6005 25.2768 23.0561 20.9467 19.2799 17.8945 16.4078 15.1543 14.0529 13.0676 12.1443 11.449 10.7964 10.2535 9.73675 9.27499 8.90347 8.54356 8.20741 7.89232 7.5841 7.24879 6.90454 6.56447 6.25961 5.96768 5.6793 5.36392 5.01992 4.68089 4.41362 4.16063 3.92217 3.70675 3.50325 3.39335 3.3486 3.35726 3.57613 3.81958 4.20299 4.62674 5.33205 6.1332 7.15848 8.36349 9.75337 11.1017 13.1695 15.3065 17.3131 20.3376 23.4245 24.6819 25.5547 26.5311 27.6178 28.822 30.1511 31.6126 33.2142 34.964 36.8702 38.9412 41.1858 43.6128 46.2315 49.051 52.0811 55.3316 58.8124 62.5338 
113.535 107.534 101.85 96.4725 91.3886 86.5872 82.0573 77.7877 73.7678 69.9871 66.4353 63.1024 59.9786 57.0542 54.32 51.7668 49.3857 47.1681 45.1055 43.1898 41.4129 39.7671 38.2449 36.8391 35.5424 34.3481 33.2496 32.2405 30.8558 27.9059 25.5761 23.3493 21.2339 19.5611 18.1698 16.6772 15.4178 14.3106 13.3197 12.3906 11.6898 11.0316 10.4832 9.96091 9.49372 9.11682 8.75158 8.41016 8.08984 7.77643 7.43599 7.08665 6.74154 6.4317 6.13483 5.84156 5.52133 5.17253 4.82875 4.55679 4.29913 4.05606 3.83608 3.62806 3.51369 3.46451 3.46878 3.68331 3.92246 4.30161 4.72116 5.42229 6.21932 7.24051 8.44148 9.82736 11.1718 13.2356 15.3687 17.3714 20.3922 23.4753 24.729 25.5981 26.5708 27.654 28.8547 30.1802 31.6382 33.2364 34.9828 36.8856 38.9533 41.1946 43.6184 46.2339 49.0503 52.0773 55.3246 58.8024 62.5208 
114.118 108.109 102.416 97.0301 91.9377 87.1279 82.5896 78.3117 74.2836 70.4947 66.9348 63.5938 60.4619 57.5296 54.7874 52.2264 49.8375 47.6121 45.5419 43.6185 41.8341 40.1808 38.6512 37.2379 35.934 34.7325 33.627 32.6109 31.2192 28.2624 25.9258 23.6923 21.5701 19.8906 18.4927 16.9935 15.7277 14.6141 13.6167 12.6813 11.9742 11.3098 10.7552 10.2268 9.75359 9.37069 8.9995 8.65219 8.32602 8.00683 7.66066 7.30564 6.95491 6.63949 6.33711 6.03837 5.71273 5.35857 5.00948 4.73226 4.4694 4.22117 3.99608 3.78301 3.66363 3.60949 3.60886 3.81853 4.05287 4.42726 4.84209 5.53856 6.33096 7.34758 8.54402 9.92541 11.2654 13.3248 15.4536 17.452 20.4684 23.5474 24.7969 25.6619 26.6305 27.7096 28.9063 30.2279 31.6819 33.2763 35.0188 36.9179 38.9819 41.2195 43.6396 46.2514 49.0643 52.0877 55.3315 58.8058 62.5208 
114.779 108.76 103.058 97.6627 92.561 87.742 83.1944 78.9074 74.8702 71.0723 67.5034 64.1534 61.0127 58.0716 55.3207 52.751 50.3535 48.1196 46.0408 44.109 42.3162 40.6547 39.1168 37.6954 36.3834 35.1739 34.0604 33.0365 31.6371 28.6727 26.3285 24.0875 21.9579 20.271 18.8658 17.3594 16.0865 14.9657 13.9613 13.0189 12.3048 11.6335 11.0721 10.537 10.0571 9.66753 9.28977 8.93594 8.60332 8.27773 7.92522 7.56392 7.20697 6.88539 6.5769 6.27211 5.94048 5.58039 5.22542 4.94238 4.67375 4.41981 4.18907 3.97039 3.84547 3.78584 3.77977 3.98405 4.21306 4.58216 4.99177 5.68305 6.47033 7.48187 8.67328 10.0497 11.3847 13.4393 15.5632 17.5568 20.5685 23.6427 24.8876 25.748 26.712 27.7866 28.9789 30.2961 31.7458 33.3358 35.0741 36.9689 39.0287 41.2622 43.6783 46.286 49.0948 52.1143 55.3543 58.8247 62.5359 
115.521 109.491 103.779 98.3732 93.2614 88.4322 83.8746 79.5776 75.5304 71.7226 68.1439 64.7842 61.6338 58.683 55.9226 53.3434 50.9365 48.6932 46.6052 44.6642 42.8623 41.1916 39.6448 38.2144 36.8936 35.6753 34.5531 33.5205 32.1125 29.1396 26.7871 24.5378 22.4001 20.7052 19.2919 17.7776 16.4968 15.3682 14.356 13.406 12.6843 12.0055 11.4367 10.8941 10.4068 10.01 9.62505 9.26407 8.92437 8.59177 8.2323 7.86411 7.50033 7.17198 6.85679 6.54536 6.20715 5.84054 5.47912 5.18967 4.91471 4.6545 4.41754 4.1927 4.06168 3.99602 3.98396 4.18232 4.40546 4.76875 5.17259 5.85818 6.63981 7.64576 8.83163 10.2026 11.5322 13.5813 15.6999 17.6882 20.6947 23.7637 25.0034 25.8587 26.8178 27.8874 29.0747 30.387 31.8319 33.4172 35.1507 37.0409 39.0961 41.325 43.7365 46.3397 49.1441 52.1592 55.3948 58.8609 62.5678 
116.346 110.305 104.582 99.1648 94.0419 89.2018 84.6333 80.3254 76.2674 72.4489 68.8595 65.4892 62.3283 59.3671 56.5963 54.0067 51.5896 49.3362 47.2381 45.287 43.4752 41.7947 40.238 38.798 37.4675 36.2397 35.1079 34.066 32.6487 29.6665 27.3048 25.0464 22.8997 21.1959 19.774 18.251 16.9616 15.8246 14.804 13.8456 13.1157 12.4286 11.8516 11.301 10.8058 10.401 10.0082 9.63942 9.292 8.95174 8.58469 8.20899 7.83776 7.50203 7.17952 6.86085 6.51546 6.14174 5.77327 5.47684 5.19496 4.9279 4.68415 4.45259 4.3149 4.24263 4.22404 4.41592 4.63264 4.98957 5.38712 6.06647 6.84192 7.84175 9.02155 10.3865 11.7101 13.7534 15.8661 17.8486 20.8493 23.9127 25.1468 25.9965 26.95 28.0142 29.1961 30.503 31.9426 33.5226 35.251 37.136 39.1861 41.4099 43.8164 46.4148 49.2142 52.2245 55.4553 58.9166 62.6188 
117.258 111.205 105.47 100.041 94.9058 90.0538 85.4735 81.1539 77.0843 73.2542 69.6533 66.2716 63.0993 60.1269 57.3448 54.7442 52.316 50.0516 47.9426 45.9807 44.1581 42.467 40.8998 39.4492 38.1083 36.8701 35.7282 34.676 33.2486 30.2565 27.8849 25.6166 23.4602 21.7467 20.3152 18.7828 17.484 16.3378 15.3081 14.3407 13.6018 12.9059 12.3201 11.7607 11.2568 10.8434 10.4421 10.0649 9.7091 9.36055 8.98528 8.60143 8.22212 7.87839 7.54795 7.22141 6.86823 6.48679 6.11067 5.80666 5.51727 5.24276 4.99163 4.75276 4.60784 4.52839 4.50269 4.68752 4.89726 5.24729 5.63798 6.31054 7.07926 8.07243 9.24563 10.604 11.9212 13.958 16.0644 18.0406 21.035 24.0921 25.3201 26.1637 27.1112 28.1694 29.3454 30.6465 32.0803 33.6545 35.3772 37.2565 39.301 41.5194 43.9204 46.5133 49.3074 52.3123 55.5378 58.994 62.691 
118.26 112.194 106.446 101.004 95.8563 90.9916 86.3986 82.0665 77.9844 74.1419 70.5286 67.1347 63.9502 60.9656 58.1715 55.5589 53.1188 50.8427 48.7219 46.7485 44.9143 43.2117 41.6331 40.1713 38.8192 37.5699 36.4169 35.3538 33.9156 30.9126 28.5304 26.2516 24.0846 22.3607 20.9188 19.3762 18.0673 16.911 15.8715 14.8943 14.1457 13.4402 12.8449 12.2762 11.7629 11.3403 10.9298 10.5435 10.1786 9.82114 9.437 9.04435 8.65632 8.30395 7.96494 7.62992 7.26832 6.87853 6.49414 6.18194 5.88443 5.60187 5.34277 5.096 4.94324 4.85603 4.82263 4.99984 5.20203 5.54456 5.92784 6.59304 7.35448 8.34042 9.50647 10.8578 12.1679 14.1978 16.2972 18.2665 21.2542 24.3046 25.5258 26.3628 27.3038 28.3554 29.525 30.8197 32.2472 33.8152 35.5317 37.4049 39.4433 41.6556 44.0507 46.6377 49.4259 52.425 55.6448 59.0952 62.7866 
119.355 113.275 107.513 102.058 96.8965 92.0182 87.4118 83.0662 78.9708 75.115 71.4886 68.0815 64.884 61.8864 59.0795 56.4541 54.0014 51.7126 49.5793 47.5934 45.7469 44.032 42.4413 40.9674 39.6033 38.3421 37.1773 36.1025 34.6526 31.6381 29.2444 26.9542 24.776 23.0409 21.588 20.0343 18.7146 17.5475 16.4972 15.5095 14.7505 14.0348 13.4293 12.8504 12.3271 11.8945 11.4741 11.078 10.7035 10.3364 9.94273 9.54063 9.14323 8.78157 8.43335 8.08919 7.71854 7.31978 6.92649 6.60547 6.29922 6.00799 5.7403 5.48502 5.32382 5.22825 5.18656 5.35555 5.54959 5.88405 6.25932 6.9166 7.67017 8.64832 9.80664 11.1503 12.4528 14.4752 16.5672 18.5291 21.5094 24.5525 25.7665 26.5963 27.5302 28.5748 29.7374 31.0252 32.4458 34.007 35.7168 37.5834 39.6152 41.8209 44.2095 46.7901 49.572 52.5648 55.7783 59.2225 62.9077 
120.546 114.452 108.675 103.205 98.0294 93.1367 88.5159 84.1561 80.0465 76.1766 72.5361 69.1151 65.9037 62.8924 60.0718 57.4328 54.9665 52.6643 50.5177 48.5186 46.6589 44.931 43.3272 41.8404 40.4635 39.1897 38.0123 36.9249 35.4627 32.4359 30.0299 27.7276 25.5374 23.7904 22.3256 20.7602 19.4288 18.2502 17.1885 16.1894 15.4192 14.6923 14.0759 13.4862 12.9521 12.509 12.078 11.6715 11.2866 10.9092 10.5053 10.093 9.68561 9.31399 8.9559 8.60196 8.22161 7.81323 7.41041 7.07993 6.7643 6.46378 6.18688 5.92246 5.7522 5.64765 5.59706 5.75723 5.94253 6.26831 6.63499 7.28374 8.02886 8.99863 10.1486 11.484 12.7784 14.7927 16.8766 18.8306 21.803 24.8382 26.0445 26.8666 27.7927 28.8298 29.9849 31.2652 32.6785 34.2323 35.9349 37.7942 39.8189 42.0176 44.3992 46.9728 49.7478 52.7337 55.9405 59.378 63.0566 
121.836 115.726 109.934 104.449 99.2577 94.3498 89.7138 85.3389 81.2142 77.3294 73.6741 70.2383 67.0122 63.9863 61.1511 58.4977 56.0171 53.7006 51.5399 49.5267 47.653 45.9112 44.2937 42.7932 41.4027 40.1154 38.9246 37.824 36.3485 33.3086 30.8897 28.5745 26.3714 24.6118 23.1344 21.5565 20.2127 19.0218 17.9479 16.9368 16.1545 15.4158 14.7875 14.1862 13.6408 13.1862 12.7441 12.3263 11.9304 11.542 11.1272 10.7042 10.286 9.90379 9.53517 9.17078 8.78007 8.36142 7.9484 7.60783 7.28218 6.97173 6.68498 6.41079 6.23085 6.1167 6.05659 6.20732 6.38325 6.69975 7.05722 7.69684 8.43291 9.39371 10.5348 11.8614 13.147 15.1526 17.228 19.1734 22.1373 25.1641 26.362 27.1758 28.0937 29.1226 30.2696 31.542 32.9473 34.4933 36.188 38.0396 40.0566 42.2476 44.6217 47.1878 49.9554 52.934 56.1334 59.5637 63.2351 
123.227 117.101 111.293 105.791 100.584 95.6597 91.0078 86.6169 82.4764 78.5758 74.9048 71.4534 68.2118 65.1704 62.3199 59.6512 57.1554 54.8239 52.6482 50.6201 48.7317 46.9752 45.3431 43.8281 42.4233 41.1216 39.9167 38.802 37.3125 34.2588 31.8261 29.4972 27.2806 25.5075 24.0168 22.4256 21.0687 19.8648 18.7779 17.7539 16.959 16.2076 15.5668 14.9531 14.3954 13.9287 13.4746 13.045 12.6373 12.2372 11.8109 11.3764 10.9468 10.5533 10.1735 9.79795 9.39621 8.96662 8.54277 8.19143 7.85512 7.53409 7.23684 6.95224 6.76198 6.6376 6.56734 6.708 6.87394 7.18054 7.52819 8.15807 8.88448 9.8357 10.9673 12.2844 13.5607 15.557 17.6232 19.5595 22.5144 25.5322 26.7211 27.526 28.4352 29.4554 30.5937 31.8574 33.2542 34.7918 36.4781 38.3214 40.3302 42.5131 44.879 47.4371 50.1967 53.1673 56.3589 59.7814 63.4451 
124.721 118.578 112.752 107.234 102.009 97.0685 92.3997 87.992 83.8348 79.9176 76.2301 72.7623 69.5043 66.4467 63.5801 60.8953 58.3835 56.0361 53.8446 51.8009 49.8969 48.1249 46.4774 44.9472 43.5271 42.2104 40.9905 39.861 38.3568 35.2884 32.8411 30.4978 28.2669 26.4795 24.9747 23.3696 21.9988 20.781 19.6805 18.6429 17.8345 17.0698 16.4158 15.7889 15.2181 14.7386 14.2717 13.8295 13.4093 12.9969 12.5583 12.1116 11.67 11.2645 10.8727 10.4854 10.072 9.63082 9.19545 8.8327 8.48506 8.1528 7.84441 7.54876 7.34753 7.21227 7.13122 7.26118 7.41651 7.71259 8.04979 8.66932 9.38545 10.3265 11.448 12.7551 14.0214 16.0078 18.0642 19.9908 22.936 25.9442 27.1236 27.9191 28.8189 29.8297 30.9588 32.2134 33.6011 35.1296 36.807 38.6414 40.6414 42.8155 45.1728 47.7223 50.4733 53.4355 56.6187 60.0329 63.6883 
126.318 120.157 114.314 108.778 103.536 98.5772 93.8908 89.4656 85.2909 81.3562 77.6514 74.1663 70.8912 67.8166 64.933 62.2313 59.7028 57.3387 55.1306 53.0704 51.15 49.3618 47.6982 46.1519 44.7158 43.3833 42.1476 41.0024 39.4828 36.3989 33.9363 31.5779 29.3318 27.5295 26.0098 24.3899 23.0044 21.7722 20.6572 19.6053 18.7827 18.0039 17.3359 16.6952 16.1106 15.6174 15.137 14.6814 14.2481 13.8226 13.371 12.9114 12.4571 12.0389 11.6346 11.2348 10.809 10.3556 9.90802 9.5332 9.17357 8.82942 8.50924 8.20189 7.98906 7.84228 7.7498 7.86843 8.01251 8.29743 8.62357 9.2321 9.93734 10.8675 11.9783 13.2748 14.5306 16.5065 18.5525 20.4687 23.4037 26.4018 27.5711 28.3565 29.2463 30.2472 31.3665 32.6113 33.9894 35.5083 37.1761 39.0011 40.9917 43.1566 45.5046 48.0449 50.7868 53.74 56.9142 60.3195 63.9661 
128.018 121.839 115.978 110.423 105.163 100.186 95.4816 91.0381 86.8451 82.8923 79.1693 75.6662 72.3732 69.2807 66.3793 63.6601 61.114 58.7324 56.507 54.4295 52.492 50.6867 49.0061 47.443 45.9902 44.641 43.3889 42.2273 40.6913 37.5913 35.1126 32.7382 30.4763 28.6583 27.123 25.4876 24.0867 22.8392 21.7091 20.6422 19.8046 19.011 18.3283 17.673 17.0739 16.5664 16.0717 15.602 15.1546 14.7153 14.2501 13.777 13.3092 12.8776 12.4601 12.0472 11.6084 11.142 10.6816 10.294 9.92177 9.56508 9.23245 8.91275 8.68767 8.52874 8.4242 8.53086 8.66306 8.9362 9.25064 9.84757 10.5413 11.4601 12.5595 13.8447 15.0893 17.0542 19.0891 20.9945 23.9186 26.906 28.0646 28.8394 29.7186 30.709 31.8179 33.0524 34.4202 35.9289 37.5867 39.4016 41.3823 43.5372 45.8754 48.406 51.1383 54.0819 57.2466 60.6424 64.2796 
129.822 123.623 117.743 112.17 106.891 101.895 97.1714 92.7091 88.4973 84.5256 80.7837 77.2618 73.9501 70.839 67.9191 65.1814 62.617 60.2172 57.9737 55.8782 53.9227 52.0996 50.4013 48.8206 47.3504 45.9839 44.7144 43.5357 41.9826 38.8657 36.3703 33.9792 31.7007 29.8662 28.3146 26.663 25.246 23.9825 22.8365 21.7538 20.9006 20.0914 19.3933 18.7227 18.1085 17.5859 17.0762 16.5917 16.1296 15.6757 15.1961 14.7088 14.2268 13.7813 13.3499 12.9232 12.4706 11.9906 11.5168 11.1158 10.7303 10.3604 10.0147 9.68197 9.444 9.27228 9.15505 9.24911 9.36881 9.62954 9.93167 10.5164 11.198 12.1047 13.1922 14.4656 15.6984 17.6516 19.6749 21.5688 24.4815 27.4575 28.6048 29.3684 30.2365 31.2159 32.3137 33.5373 34.8942 36.3922 38.0393 39.8437 41.8138 43.9583 46.2862 48.8064 51.5285 54.462 57.6166 61.0024 64.6296 
131.728 125.509 119.61 114.016 108.717 103.702 98.959 94.4771 90.2459 86.2548 82.4935 78.9521 75.621 72.4905 69.5514 66.7945 64.211 61.7923 59.5299 57.4156 55.4415 53.5999 51.8832 50.2842 48.7957 47.4111 46.1236 44.927 43.3563 40.2217 37.7087 35.3002 33.0045 31.1528 29.5841 27.9156 26.4818 25.2016 24.039 22.9398 22.0703 21.2449 20.5307 19.8441 19.2141 18.6757 18.1505 17.6504 17.1729 16.7038 16.209 15.7067 15.2099 14.7497 14.3038 13.8626 13.3957 12.9015 12.4135 11.9985 11.599 11.2153 10.8559 10.5096 10.2581 10.073 9.94244 10.0233 10.1299 10.3776 10.6668 11.2387 11.9075 12.8017 13.8766 15.1375 16.358 18.2989 20.31 22.1918 25.0925 28.0566 29.1921 29.9439 30.8003 31.768 32.8543 34.0664 35.4119 36.8986 38.5345 40.3277 42.2867 44.4202 46.7371 49.2466 51.9579 54.8806 58.0246 61.3999 65.0166 
133.733 127.495 121.574 115.96 110.641 105.606 100.842 96.3402 92.0888 88.0776 84.2964 80.7351 77.3839 74.2334 71.2743 68.4976 65.8943 63.4559 61.174 59.0402 57.0468 55.1859 53.4501 51.832 50.3247 48.9212 47.6151 46.3999 44.8107 41.6578 39.1267 36.7 34.3863 32.5168 30.9304 29.2442 27.7929 26.4953 25.3155 24.1993 23.3127 22.4704 21.7395 21.0363 20.3897 19.8349 19.2934 18.7772 18.2837 17.7986 17.288 16.77 16.2578 15.7822 15.3211 14.8648 14.383 13.8739 13.3711 12.9415 12.5275 12.1293 11.7556 11.3951 11.1295 10.9303 10.7859 10.8529 10.9458 11.1799 11.4556 12.014 12.6696 13.5505 14.6123 15.8602 17.0677 18.9958 20.9942 22.8633 25.7514 28.703 29.8261 30.5656 31.4097 32.3653 33.4394 34.6395 35.9731 37.4479 39.072 40.8535 42.8009 44.9229 47.2283 49.7264 52.4264 55.3379 58.4707 61.8349 65.4406 
135.836 129.576 123.634 117.999 112.659 107.603 102.818 98.2953 94.0231 89.9911 86.1892 82.6073 79.2356 76.0646 73.085 70.2877 67.664 65.2053 62.9031 60.7493 58.7358 56.855 55.0994 53.4616 51.9347 50.5118 49.1864 47.952 46.3437 43.1718 40.6218 38.1764 35.8441 33.956 32.3512 30.6468 29.1774 27.8618 26.6641 25.5301 24.6259 23.7661 23.0177 22.2972 21.6335 21.0617 20.5033 19.9703 19.4601 18.9585 18.4315 17.8972 17.3688 16.8773 16.4003 15.9284 15.431 14.9064 14.3883 13.9434 13.5143 13.1011 12.7125 12.3371 12.0568 11.8431 11.6841 11.7368 11.8154 12.0353 12.2969 12.8414 13.4831 14.3502 15.3983 16.6326 17.8267 19.7413 21.7265 23.5823 26.4573 29.3959 30.5061 31.2328 32.0641 33.007 34.0685 35.256 36.5771 38.0395 39.6512 41.4205 43.3558 45.4657 47.7592 50.2453 52.9335 55.8332 58.9544 62.307 65.9012 
138.03 131.749 125.785 120.129 114.767 109.689 104.883 100.338 96.0445 91.9912 88.168 84.5648 81.172 77.9799 74.9793 72.161 69.5163 67.0366 64.7136 62.539 60.5049 58.6036 56.8276 55.1695 53.6224 52.1795 50.8341 49.5798 47.9518 44.7603 42.1908 39.7261 37.3745 35.4674 33.8436 32.1203 30.6322 29.298 28.0818 26.9294 26.007 25.1291 24.3628 23.6244 22.9429 22.3535 21.7776 21.2273 20.6999 20.1812 19.6372 19.086 18.5409 18.0327 17.5393 17.0511 16.5375 15.9969 15.4629 15.0022 14.5574 14.1287 13.7245 13.3339 13.0383 12.8094 12.6354 12.6732 12.737 12.9422 13.1892 13.7192 14.3464 15.1992 16.2331 17.4533 18.6333 20.5341 22.5054 24.3475 27.2089 30.1339 31.2307 31.944 32.7621 33.6917 34.7401 35.9146 37.2227 38.6722 40.2711 42.0277 43.9503 46.0477 48.3287 50.8024 53.4783 56.3658 59.4748 62.8153 66.3975 
140.311 134.007 128.022 122.343 116.959 111.858 107.03 102.464 98.1478 94.0726 90.2274 86.6025 83.1879 79.9742 76.952 74.1122 71.4461 68.9449 66.6005 64.4046 62.3494 60.4269 58.6299 56.951 55.3832 53.9196 52.5537 51.2791 49.6307 46.4191 43.8296 41.345 38.9736 37.0468 35.4035 33.6608 32.1534 30.8 29.5648 28.3935 27.4523 26.5558 25.7709 25.0142 24.3144 23.7069 23.1129 22.5447 21.9995 21.4632 20.9016 20.3331 19.7707 19.2454 18.735 18.2299 17.6997 17.1426 16.5921 16.1151 15.6541 15.2092 14.7891 14.3826 14.0712 13.8267 13.6372 13.6595 13.708 13.8979 14.1298 14.6448 15.2572 16.0952 17.1144 18.32 19.4855 21.3719 23.3289 25.1568 28.0041 30.9151 31.9979 32.6974 33.5017 34.4178 35.4525 36.6135 37.9081 39.3443 40.93 42.6733 44.5829 46.6672 48.9353 51.3962 54.0593 56.9341 60.0305 63.3585 66.9283 
