# Please cite arXiv:2008.xxxxx
# The chisq test statistic between a given point in parameter space and the data including pulls from Daya Bay and KamLAND and marginalization over the other four oscillation parameters for a fixed MO
# The first two rows define the grid:
#   delta
#   s23sq
# The remaining rows are the chisq test statistic where the first row is at delta=0 and at increasing values of s23sq. The remaining rows are increasing values of delta.
0 0.0628319 0.125664 0.188496 0.251327 0.314159 0.376991 0.439823 0.502655 0.565487 0.628319 0.69115 0.753982 0.816814 0.879646 0.942478 1.00531 1.06814 1.13097 1.19381 1.25664 1.31947 1.3823 1.44513 1.50796 1.5708 1.63363 1.69646 1.75929 1.82212 1.88496 1.94779 2.01062 2.07345 2.13628 2.19911 2.26195 2.32478 2.38761 2.45044 2.51327 2.57611 2.63894 2.70177 2.7646 2.82743 2.89027 2.9531 3.01593 3.07876 3.14159 3.20442 3.26726 3.33009 3.39292 3.45575 3.51858 3.58142 3.64425 3.70708 3.76991 3.83274 3.89557 3.95841 4.02124 4.08407 4.1469 4.20973 4.27257 4.3354 4.39823 4.46106 4.52389 4.58673 4.64956 4.71239 4.77522 4.83805 4.90088 4.96372 5.02655 5.08938 5.15221 5.21504 5.27788 5.34071 5.40354 5.46637 5.5292 5.59203 5.65487 5.7177 5.78053 5.84336 5.90619 5.96903 6.03186 6.09469 6.15752 6.22035 6.28319 
0.3 0.304 0.308 0.312 0.316 0.32 0.324 0.328 0.332 0.336 0.34 0.344 0.348 0.352 0.356 0.36 0.364 0.368 0.372 0.376 0.38 0.384 0.388 0.392 0.396 0.4 0.404 0.408 0.412 0.416 0.42 0.424 0.428 0.432 0.436 0.44 0.444 0.448 0.452 0.456 0.46 0.464 0.468 0.472 0.476 0.48 0.484 0.488 0.492 0.496 0.5 0.504 0.508 0.512 0.516 0.52 0.524 0.528 0.532 0.536 0.54 0.544 0.548 0.552 0.556 0.56 0.564 0.568 0.572 0.576 0.58 0.584 0.588 0.592 0.596 0.6 0.604 0.608 0.612 0.616 0.62 0.624 0.628 0.632 0.636 0.64 0.644 0.648 0.652 0.656 0.66 0.664 0.668 0.672 0.676 0.68 0.684 0.688 0.692 0.696 0.7 
60.37 59.5039 58.6523 57.8151 56.992 56.1828 55.3874 54.6054 53.8368 53.0812 52.3385 51.6085 50.8911 50.1859 49.4929 48.8119 48.1427 47.4851 46.839 46.2042 45.5806 44.9679 44.3662 43.7752 43.1949 42.6251 42.0656 41.5164 40.5183 37.8877 35.8153 33.7895 31.8235 30.2536 28.9234 27.4544 26.1854 25.0393 23.9838 22.9684 22.1623 21.3833 20.7013 20.0353 19.4165 18.8825 18.3564 17.8521 17.3685 16.8925 16.3913 15.8839 15.3839 14.9226 14.4781 14.0406 13.5795 13.0925 12.6123 12.2049 11.8114 11.4307 11.0694 10.7146 10.4459 10.2323 10.0596 10.0816 10.1098 10.2562 10.4177 10.8318 11.3087 11.9726 12.7746 13.7153 14.5633 16.0745 17.5933 18.9145 21.1807 23.4304 23.7653 23.6239 23.4877 23.3566 23.2305 23.1094 22.9933 22.8821 22.7757 22.6741 22.5773 22.4851 22.3977 22.3148 22.2365 22.1628 22.0935 22.0286 21.9682 
62.1515 61.2663 60.3959 59.5398 58.698 57.8702 57.0561 56.2556 55.4685 54.6945 53.9336 53.1854 52.4498 51.7266 51.0157 50.3169 49.6299 48.9547 48.291 47.6388 46.9978 46.3678 45.7488 45.1407 44.5432 43.9564 43.38 42.8139 41.7992 39.1519 37.0631 35.0209 33.0386 31.4526 30.1063 28.6214 27.3366 26.1748 25.1038 24.0728 23.2514 22.4572 21.76 21.0789 20.4453 19.8964 19.3556 18.8367 18.3386 17.8483 17.3328 16.8112 16.2972 15.822 15.3636 14.9124 14.4377 13.9372 13.4436 13.0229 12.6163 12.2225 11.8484 11.4808 11.1994 10.9732 10.788 10.7977 10.8137 10.9479 11.0973 11.4994 11.9645 12.6166 13.407 14.3361 15.1727 16.6725 18.1801 19.4902 21.7453 23.984 24.3081 24.156 24.0091 23.8674 23.7309 23.5995 23.4731 23.3517 23.2353 23.1237 23.0171 22.9152 22.818 22.7256 22.6379 22.5547 22.4761 22.4021 22.3326 
63.9893 63.0847 62.1949 61.3195 60.4584 59.6114 58.7783 57.9588 57.1527 56.3599 55.5802 54.8133 54.0591 53.3175 52.5881 51.871 51.1658 50.4725 49.7908 49.1206 48.4618 47.8141 47.1775 46.5518 45.9368 45.3325 44.7388 44.1555 43.1236 40.4594 38.3536 36.2946 34.2957 32.6931 31.3304 29.8291 28.5281 27.3502 26.2631 25.2163 24.3791 23.5692 22.8565 22.16 21.511 20.9468 20.3909 19.8571 19.3441 18.839 18.309 17.7728 17.2443 16.7548 16.2822 15.817 15.3283 14.8139 14.3066 13.8722 13.452 13.0448 12.6574 12.2767 11.9822 11.7432 11.5451 11.5421 11.5454 11.6672 11.8042 12.194 12.6469 13.2869 14.0653 14.9825 15.8074 17.2955 18.7915 20.0901 22.3339 24.5613 24.8742 24.7111 24.5532 24.4007 24.2534 24.1113 23.9744 23.8425 23.7157 23.5939 23.4771 23.3651 23.2581 23.1558 23.0582 22.9654 22.8773 22.7938 22.7149 
65.8772 64.9527 64.0431 63.148 62.2672 61.4006 60.5479 59.709 58.8836 58.0715 57.2725 56.4866 55.7134 54.9528 54.2047 53.4688 52.745 52.0331 51.333 50.6444 49.9674 49.3016 48.647 48.0034 47.3706 46.7486 46.1371 45.5362 44.4868 41.8052 39.6822 37.606 35.59 33.9705 32.5909 31.0729 29.7554 28.561 27.4576 26.3945 25.5412 24.7152 23.9866 23.2743 22.6097 22.03 21.4587 20.9095 20.3813 19.8611 19.3161 18.7651 18.2218 17.7177 17.2305 16.7509 16.2479 15.7193 15.1979 14.7496 14.3155 13.8946 13.4935 13.0993 12.7915 12.5392 12.328 12.312 12.3024 12.4113 12.5357 12.9129 13.3532 13.9809 14.747 15.6521 16.4648 17.941 19.4251 20.712 22.9441 25.16 25.4615 25.2869 25.1179 24.9542 24.7959 24.6429 24.4951 24.3525 24.2151 24.0828 23.9555 23.8333 23.716 23.6035 23.496 23.3933 23.2953 23.2021 23.1136 
67.8082 66.8633 65.9334 65.0182 64.1174 63.2308 62.3583 61.4995 60.6543 59.8226 59.0041 58.1987 57.4061 56.6263 55.8589 55.104 54.3612 53.6304 52.9115 52.2043 51.5087 50.8244 50.1514 49.4896 48.8387 48.1986 47.5692 46.9503 45.8832 43.1838 41.0432 38.9495 36.9162 35.2795 33.8828 32.3478 31.0134 29.8022 28.6821 27.6025 26.7328 25.8905 25.1458 24.4174 23.7368 23.1413 22.5542 21.9895 21.4458 20.9102 20.3499 19.7837 19.2255 18.7064 18.2045 17.7102 17.1926 16.6495 16.1138 15.6513 15.2031 14.7681 14.3532 13.9452 13.6237 13.3579 13.1333 13.104 13.0813 13.1771 13.2885 13.6528 14.0805 14.6955 15.4491 16.3417 17.1422 18.6061 20.0782 21.353 23.5733 25.7774 26.0672 25.8811 25.7006 25.5255 25.3559 25.1918 25.033 24.8794 24.7312 24.5881 24.4502 24.3174 24.1897 24.0669 23.9491 23.8363 23.7283 23.6252 23.5268 
69.7739 68.8083 67.8579 66.9222 66.0011 65.0942 64.2015 63.3226 62.4574 61.6058 60.7674 59.9422 59.13 58.3306 57.5438 56.7694 56.0073 55.2574 54.5194 53.7933 53.0788 52.3758 51.6842 51.0038 50.3345 49.6761 49.0285 48.3915 47.3063 44.589 42.4306 40.3192 38.2683 36.6141 35.2001 33.6479 32.2963 31.0681 29.9312 28.8348 27.9485 27.0897 26.3285 25.5839 24.8871 24.2755 23.6725 23.0919 22.5325 21.9814 21.4056 20.8241 20.2506 19.7164 19.1995 18.6903 18.1579 17.6002 17.05 16.573 16.1105 15.6613 15.2323 14.8103 14.475 14.1954 13.9573 13.9145 13.8783 13.9609 14.0591 14.4104 14.8251 15.4273 16.1682 17.0482 17.8362 19.2877 20.7475 22.0102 24.2184 26.4105 26.6884 26.4906 26.2984 26.1118 25.9308 25.7553 25.5852 25.4206 25.2613 25.1073 24.9586 24.8151 24.6767 24.5435 24.4153 24.2922 24.174 24.0608 23.9524 
71.7649 70.7786 69.8073 68.851 67.9093 66.982 66.0688 65.1696 64.2842 63.4124 62.554 61.7088 60.8767 60.0575 59.251 58.4571 57.6755 56.9062 56.149 55.4037 54.6701 53.9482 53.2378 52.5386 51.8507 51.1738 50.5078 49.8526 48.7492 46.0138 43.8374 41.7082 39.6396 37.9677 36.5362 34.9667 33.5978 32.3525 31.1985 30.0852 29.1821 28.3067 27.5289 26.7678 26.0547 25.427 24.8079 24.2113 23.6361 23.0692 22.4778 21.8808 21.2919 20.7425 20.2104 19.6862 19.1389 18.5664 18.0015 17.5099 17.033 16.5695 16.1262 15.6902 15.3408 15.0474 14.7955 14.739 14.6894 14.7586 14.8435 15.1816 15.5832 16.1725 16.9005 17.7678 18.5431 19.9821 21.4294 22.6798 24.8758 27.0559 27.3218 27.1121 26.9081 26.7098 26.5173 26.3303 26.1489 25.973 25.8026 25.6376 25.4779 25.3236 25.1745 25.0306 24.8919 24.7584 24.6299 24.5064 24.3879 
73.771 72.7638 71.7717 70.7947 69.8323 68.8844 67.9507 67.031 66.1253 65.2332 64.3546 63.4893 62.6372 61.7981 60.9718 60.1582 59.357 58.5682 57.7916 57.027 56.2743 55.5333 54.8039 54.086 53.3793 52.6838 51.9993 51.3257 50.2041 47.4505 45.2561 43.109 41.0226 39.333 37.8839 36.2969 34.9107 33.6482 32.4772 31.3469 30.4269 29.5347 28.7404 27.9628 27.2333 26.5893 25.954 25.3415 24.7503 24.1677 23.5606 22.948 22.3437 21.779 21.2317 20.6923 20.1301 19.5427 18.9631 18.4569 17.9654 17.4875 17.03 16.5797 16.2163 15.9089 15.6432 15.5731 15.5098 15.5655 15.6371 15.9619 16.3504 16.9266 17.6417 18.4962 19.2588 20.6853 22.1201 23.3581 25.5418 27.7097 27.9636 27.7419 27.5261 27.3161 27.1119 26.9134 26.7206 26.5334 26.3518 26.1756 26.005 25.8398 25.6799 25.5253 25.3761 25.232 25.0931 24.9594 24.8308 
75.7811 74.753 73.7402 72.7424 71.7593 70.7908 69.8365 68.8964 67.9702 67.0578 66.159 65.2737 64.4015 63.5425 62.6964 61.863 61.0423 60.234 59.4379 58.654 57.8821 57.1221 56.3737 55.6369 54.9115 54.1974 53.4944 52.8024 51.6625 48.8908 46.6784 44.5134 42.4092 40.702 39.2354 37.6309 36.2275 34.9477 33.7596 32.6124 31.6756 30.7667 29.9557 29.1617 28.4158 27.7556 27.1042 26.4756 25.8686 25.2702 24.6475 24.0194 23.3996 22.8196 22.2571 21.7027 21.1255 20.5233 19.9289 19.4081 18.9021 18.4099 17.9381 17.4737 17.0962 16.7749 16.4953 16.4115 16.3346 16.3769 16.4351 16.7467 17.122 17.6852 18.3874 19.229 19.9789 21.3928 22.8151 24.0407 26.2122 28.3679 28.6097 28.3761 28.1484 27.9267 27.7109 27.5009 27.2967 27.0981 26.9053 26.7181 26.5364 26.3603 26.1896 26.0244 25.8645 25.71 25.5607 25.4167 25.2779 
77.7831 76.7344 75.7009 74.6825 73.6788 72.6897 71.715 70.7544 69.808 68.8754 67.9564 67.051 66.1589 65.2801 64.4142 63.5612 62.7209 61.8932 61.0778 60.2747 59.4837 58.7047 57.9375 57.1819 56.4378 55.7052 54.9838 54.2735 53.1155 50.3258 48.0956 45.9128 43.7909 42.0662 40.5821 38.9604 37.5397 36.243 35.0379 33.8738 32.9203 31.9948 31.1674 30.3569 29.5948 28.9185 28.2511 27.6066 26.9838 26.3698 25.7315 25.088 24.4529 23.8577 23.2801 22.7107 22.1187 21.5017 20.8927 20.3574 19.8371 19.3305 18.8445 18.3661 17.9747 17.6395 17.3462 17.2488 17.1584 17.1872 17.2322 17.5306 17.8929 18.4431 19.1324 19.9613 20.6986 22.0999 23.5098 24.7232 26.8824 29.026 29.2559 29.0104 28.771 28.5376 28.3102 28.0887 27.8731 27.6634 27.4594 27.2611 27.0685 26.8816 26.7002 26.5243 26.3539 26.1889 26.0294 25.8751 25.7262 
79.7645 78.6953 77.6414 76.6024 75.5783 74.5688 73.5738 72.5931 71.6266 70.6739 69.7351 68.8098 67.898 66.9995 66.1141 65.2417 64.382 63.5351 62.7006 61.8785 61.0686 60.2708 59.4849 58.7107 57.9482 57.1973 56.4577 55.7294 54.5535 51.7461 49.4981 47.2978 45.1585 43.4165 41.9153 40.2765 38.8389 37.5252 36.3035 35.1228 34.1527 33.2109 32.3672 31.5406 30.7625 30.0702 29.387 28.7269 28.0885 27.459 26.8054 26.1466 25.4965 24.8862 24.2938 23.7096 23.1029 22.4714 21.848 21.2984 20.7638 20.2432 19.7432 19.2509 18.8457 18.4969 18.1901 18.0792 17.9754 17.991 18.0228 18.3082 18.6576 19.195 19.8716 20.6879 21.4127 22.8017 24.1994 25.4005 27.5477 29.6794 29.8974 29.6402 29.3892 29.1443 28.9054 28.6727 28.4459 28.225 28.01 27.8008 27.5974 27.3998 27.2078 27.0214 26.8406 26.6654 26.4956 26.3313 26.1723 
81.7117 80.6223 79.5481 78.489 77.4448 76.4153 75.4003 74.3998 73.4134 72.4411 71.4826 70.5379 69.6067 68.6888 67.7842 66.8927 66.014 65.1482 64.2949 63.4541 62.6256 61.8093 61.0051 60.2127 59.4321 58.6632 57.9058 57.1599 55.9665 53.1417 50.8764 48.6589 46.5026 44.7436 43.2255 41.57 40.1157 38.7856 37.5474 36.3505 35.3643 34.4064 33.5467 32.7043 31.9105 31.2026 30.504 29.8284 29.1748 28.5301 27.8615 27.1878 26.5228 25.8979 25.2909 24.6923 24.0712 23.4254 22.7879 22.2242 21.6757 21.1413 20.6276 20.1217 19.703 19.3408 19.0207 18.8965 18.7797 18.7823 18.8012 19.0738 19.4105 19.9354 20.5996 21.4035 22.1161 23.4929 24.8786 26.0678 28.2032 30.3232 30.5296 30.2608 29.9984 29.7422 29.4921 29.2483 29.0105 28.7787 28.5529 28.3331 28.1191 27.9109 27.7085 27.5118 27.3208 27.1355 26.9557 26.7815 26.6127 
83.6104 82.5011 81.4071 80.3283 79.2645 78.2154 77.181 76.161 75.1554 74.1638 73.1862 72.2224 71.2723 70.3356 69.4122 68.502 67.6048 66.7205 65.8489 64.9899 64.1433 63.309 62.4868 61.6767 60.8786 60.0923 59.3177 58.5547 57.3442 54.5024 52.2203 49.9861 47.8132 46.0377 44.5032 42.8314 41.361 40.0148 38.7606 37.5479 36.5459 35.5724 34.6973 33.8395 33.0303 32.3073 31.5936 30.9031 30.2346 29.5752 28.8919 28.2037 27.5243 26.8851 26.2639 25.6512 25.0161 24.3565 23.7052 23.1279 22.5659 22.018 21.491 20.9718 20.54 20.1647 19.8316 19.6946 19.565 19.555 19.5613 19.8215 20.1459 20.6585 21.3105 22.1025 22.8031 24.1681 25.5421 26.7197 28.8436 30.9522 31.1473 30.8673 30.5937 30.3265 30.0656 29.8109 29.5624 29.3201 29.0838 28.8535 28.6292 28.4108 28.1983 27.9916 27.7907 27.5955 27.406 27.2221 27.0438 
85.4456 84.3172 83.2041 82.1062 81.0233 79.9553 78.902 77.8633 76.8389 75.8287 74.8326 73.8504 72.8818 71.9269 70.9854 70.0571 69.142 68.2398 67.3505 66.4738 65.6097 64.7581 63.9189 63.0918 62.2769 61.4738 60.6825 59.9029 58.676 55.8179 53.5196 51.2692 49.0802 47.2888 45.7385 44.051 42.5649 41.2033 39.9337 38.7057 37.6885 36.6999 35.8098 34.9372 34.1133 33.3756 32.6474 31.9425 31.2596 30.586 29.8886 29.1864 28.4931 27.8401 27.2052 26.5789 25.9304 25.2574 24.5928 24.0023 23.4272 22.8663 22.3264 21.7944 21.3499 20.962 20.6163 20.4669 20.325 20.3027 20.2969 20.5451 20.8576 21.3584 21.9987 22.7791 23.4682 24.8218 26.1845 27.3509 29.4637 31.5612 31.7454 31.4546 31.1704 30.8926 30.6211 30.356 30.0972 29.8446 29.5981 29.3578 29.1236 28.8953 28.673 28.4567 28.2462 28.0415 27.8426 27.6494 27.4619 
87.2025 86.0556 84.9241 83.8079 82.7068 81.6206 80.5493 79.4925 78.4502 77.4221 76.4082 75.4083 74.4222 73.4497 72.4908 71.5452 70.6129 69.6937 68.7876 67.8943 67.0137 66.1457 65.2901 64.4468 63.6157 62.7966 61.9894 61.194 59.9513 57.0775 54.7637 52.4979 50.2936 48.4869 46.9215 45.2189 43.718 42.3415 41.0572 39.8146 38.7829 37.7799 36.8755 35.9886 35.1507 34.3989 33.6568 32.9381 32.2416 31.5544 30.8435 30.1279 29.4213 28.7551 28.1071 27.4678 26.8064 26.1206 25.4433 24.8402 24.2526 23.6792 23.1269 22.5827 22.1259 21.7259 21.3683 21.2069 21.0533 21.0193 21.0019 21.2386 21.5397 22.0292 22.6583 23.4276 24.1057 25.4484 26.8003 27.956 30.0581 32.1452 32.3189 32.0178 31.7233 31.4353 31.1538 30.8788 30.61 30.3477 30.0915 29.8416 29.5978 29.3602 29.1286 28.9029 28.6833 28.4695 28.2616 28.0596 27.8632 
88.8659 87.7014 86.5525 85.4189 84.3005 83.1971 82.1085 81.0346 79.9753 78.9303 77.8995 76.8828 75.8801 74.8912 73.9159 72.9543 72.006 71.0709 70.1489 69.2399 68.3437 67.4601 66.5891 65.7305 64.8841 64.0498 63.2275 62.4171 61.1595 58.271 55.9424 53.662 51.4432 49.6221 48.0424 46.3256 44.8105 43.42 42.1218 40.8653 39.8199 38.8033 37.8853 36.985 36.1337 35.3687 34.6134 33.8816 33.1722 32.4721 31.7484 31.0202 30.301 29.6223 28.962 28.3104 27.6367 26.9388 26.2494 25.6343 25.0347 24.4495 23.8855 23.3296 22.8613 22.4498 22.0808 21.9083 21.7434 21.6984 21.6701 21.8959 22.1862 22.665 23.2836 24.0423 24.71 26.0424 27.384 28.5296 30.6217 32.6988 32.8627 32.5518 32.2476 31.95 31.659 31.3745 31.0964 30.8248 30.5595 30.3005 30.0477 29.8011 29.5607 29.3264 29.098 28.8757 28.6593 28.4488 28.2442 
90.4206 89.2398 88.0745 86.9246 85.7899 84.6703 83.5657 82.4759 81.4008 80.3402 79.2939 78.2619 77.2439 76.2398 75.2495 74.2728 73.3096 72.3596 71.4229 70.4992 69.5883 68.6902 67.8047 66.9317 66.0711 65.2226 64.3862 63.5617 62.2902 59.3878 57.0456 54.7515 52.5191 50.6845 49.0914 47.3613 45.833 44.4294 43.1182 41.8487 40.7905 39.7611 38.8305 37.9176 37.0538 36.2765 35.5089 34.7649 34.0433 33.3312 32.5956 31.8555 31.1246 30.4342 29.7621 29.0989 28.4138 27.7044 27.0036 26.3773 25.7665 25.1703 24.5953 24.0285 23.5494 23.1272 22.7476 22.5645 22.3892 22.3339 22.2953 22.511 22.7912 23.26 23.8687 24.6176 25.2756 26.5983 27.9304 29.0665 31.1492 33.217 33.3717 33.0516 32.7384 32.4318 32.1319 31.8386 31.5519 31.2716 30.9977 30.7302 30.4691 30.2142 29.9655 29.723 29.4866 29.2562 29.0319 28.8136 28.6011 
91.8523 90.6565 89.4763 88.3117 87.1624 86.0283 84.9092 83.8051 82.7156 81.6408 80.5803 79.5342 78.5021 77.4841 76.4798 75.4893 74.5122 73.5486 72.5982 71.6609 70.7366 69.8251 68.9263 68.04 67.1662 66.3046 65.4552 64.6178 63.3335 60.4183 58.0633 55.7567 53.5117 51.6648 50.0593 48.3169 46.7765 45.3607 44.0375 42.7561 41.6861 40.6449 39.7026 38.7782 37.9029 37.1141 36.3352 35.5799 34.8471 34.1238 33.3771 32.626 31.884 31.1827 30.4998 29.8259 29.1301 28.4102 27.699 27.0622 26.4412 25.8348 25.2496 24.6728 24.1838 23.7518 23.3624 23.1696 22.9847 22.9198 22.8718 23.0781 23.349 23.8086 24.4082 25.1481 25.7971 27.111 28.4342 29.5616 31.6357 33.6949 33.8411 33.5127 33.1911 32.8763 32.5682 32.2668 31.972 31.6838 31.402 31.1267 30.8578 30.5953 30.339 30.0889 29.8451 29.6074 29.3758 29.1502 28.9306 
93.1499 91.9408 90.7474 89.5696 88.4071 87.2599 86.1278 85.0106 83.9082 82.8204 81.7471 80.6881 79.6433 78.6126 77.5957 76.5926 75.603 74.627 73.6642 72.7146 71.778 70.8544 69.9435 69.0452 68.1594 67.286 66.4248 65.5757 64.2797 61.3529 58.9865 56.6684 54.4121 52.5539 50.9372 49.1837 47.6322 46.2055 44.8714 43.5792 42.4984 41.4466 40.4936 39.5586 38.6727 37.8734 37.084 36.3184 35.5753 34.8418 34.085 33.3238 32.5719 31.8607 31.168 30.4844 29.7789 29.0495 28.3288 27.6826 27.0523 26.4366 25.8423 25.2564 24.7584 24.3174 23.9192 23.7176 23.524 23.4505 23.394 23.5918 23.8543 24.3056 24.8969 25.6287 26.2696 27.5754 28.8907 30.0102 32.0765 34.1279 34.2664 33.9304 33.6013 33.279 32.9635 32.6548 32.3527 32.0573 31.7684 31.4861 31.2102 30.9407 30.6775 30.4207 30.1701 29.9258 29.6876 29.4555 29.2295 
94.3023 93.0815 91.8763 90.6868 89.5126 88.3537 87.21 86.0812 84.9673 83.868 82.7833 81.7129 80.6568 79.6148 78.5867 77.5724 76.5718 75.5847 74.6109 73.6504 72.703 71.7685 70.8469 69.9379 69.0415 68.1576 67.2859 66.4264 65.12 62.183 59.8063 57.4781 55.2117 53.3434 51.7167 49.9533 48.3919 46.9553 45.6113 44.3094 43.2188 42.1573 41.1948 40.2502 39.3549 38.5463 37.7477 36.9728 36.2206 35.478 34.7122 33.9421 33.1814 32.4615 31.7601 31.0679 30.3539 29.6159 28.8868 28.2324 27.5938 26.9699 26.3675 25.7735 25.2676 24.8187 24.4126 24.2033 24.002 23.9209 23.8567 24.047 24.3021 24.7461 25.3301 26.0546 26.6883 27.987 29.2953 30.4078 32.4671 34.5117 34.6434 34.3007 33.9649 33.636 33.314 32.9987 32.6903 32.3885 32.0933 31.8047 31.5226 31.247 30.9778 30.715 30.4585 30.2082 29.9642 29.7264 29.4947 
95.2987 94.0676 92.8523 91.6526 90.4683 89.2994 88.1456 87.0068 85.8829 84.7737 83.6791 82.5989 81.533 80.4812 79.4434 78.4195 77.4093 76.4126 75.4294 74.4594 73.5026 72.5588 71.6278 70.7096 69.8039 68.9107 68.0298 67.1612 65.8457 62.8996 60.5139 58.1767 55.9014 54.0242 52.3887 50.6166 49.0465 47.6013 46.2488 44.9384 43.8395 42.7696 41.7988 40.8461 39.9427 39.126 38.3193 37.5366 36.7765 36.0261 35.2526 34.4748 33.7065 32.979 32.2701 31.5705 30.8491 30.1039 29.3676 28.7059 28.0603 27.4293 26.8199 26.219 25.7062 25.2505 24.8377 24.6217 24.4138 24.326 24.2554 24.4392 24.6879 25.1256 25.7032 26.4215 27.0491 28.3417 29.6439 30.7504 32.8038 34.8425 34.9683 34.6198 34.2782 33.9437 33.616 33.2952 32.9812 32.6739 32.3733 32.0794 31.792 31.5112 31.2368 30.9688 30.7072 30.4519 30.2029 29.9601 29.7235 
96.1292 94.8896 93.6659 92.4577 91.265 90.0877 88.9255 87.7783 86.6461 85.5285 84.4256 83.3371 82.2629 81.2028 80.1568 79.1246 78.1062 77.1014 76.11 75.1319 74.167 73.2151 72.2762 71.35 70.4365 69.5355 68.6469 67.7705 66.4474 63.4938 61.1005 58.7558 56.4731 54.5886 52.9458 51.1664 49.5891 48.1368 46.7773 45.4598 44.3539 43.2772 42.2995 41.34 40.4298 39.6065 38.7932 38.0038 37.2372 36.4804 35.7005 34.9163 34.1417 33.4079 32.6929 31.9871 31.2597 30.5084 29.7661 29.0985 28.4469 27.8101 27.195 26.5883 26.0698 25.6085 25.1901 24.9685 24.7551 24.6619 24.5859 24.7644 25.0078 25.4402 26.0127 26.7258 27.3482 28.6358 29.9329 31.0344 33.0829 35.1167 35.2378 34.8845 34.5382 34.199 33.8667 33.5413 33.2227 32.911 32.6059 32.3076 32.0158 31.7306 31.4519 31.1797 30.9139 30.6544 30.4013 30.1544 29.9137 
96.7839 95.5374 94.3066 93.0915 91.8919 90.7076 89.5386 88.3845 87.2454 86.1211 85.0114 83.9162 82.8353 81.7686 80.716 79.6772 78.6523 77.641 76.6431 75.6587 74.6874 73.7293 72.7841 71.8517 70.932 70.0249 69.1302 68.2478 66.9187 63.9591 61.5599 59.2094 56.9208 55.0306 53.3821 51.597 50.0141 48.5562 47.1911 45.8681 44.7568 43.6746 42.6916 41.7268 40.8113 39.9827 39.1643 38.3698 37.5981 36.8362 36.0512 35.2621 34.4825 33.7439 33.024 32.3134 31.5812 30.8252 30.0782 29.4059 28.7498 28.1084 27.4887 26.8776 26.3546 25.8889 25.4661 25.2402 25.0225 24.9251 24.8449 25.0192 25.2585 25.6868 26.2552 26.9643 27.5828 28.8664 30.1597 31.2574 33.302 35.3321 35.4494 35.0923 34.7424 34.3995 34.0636 33.7346 33.4125 33.0972 32.7887 32.4868 32.1917 31.9031 31.621 31.3454 31.0763 30.8136 30.5572 30.3071 30.0632 
97.2508 95.9992 94.7634 93.5433 92.3387 91.1495 89.9755 88.8165 87.6725 86.5434 85.4288 84.3288 83.2431 82.1717 81.1143 80.0709 79.0413 78.0254 77.023 76.034 75.0582 74.0955 73.1459 72.2091 71.285 70.3735 69.4744 68.5877 67.2544 64.2905 61.8872 59.5325 57.2398 55.3454 53.6928 51.9037 50.3168 48.8549 47.4859 46.159 45.0438 43.9578 42.971 42.0023 41.0831 40.2508 39.4287 38.6305 37.8552 37.0897 36.3012 35.5085 34.7255 33.9834 33.2601 32.546 31.8105 31.0511 30.3008 29.6253 28.9659 28.3213 27.6985 27.0842 26.5581 26.0893 25.6634 25.4345 25.2138 25.1134 25.0303 25.2016 25.4379 25.8633 26.4289 27.1352 27.7508 29.0317 30.3222 31.4171 33.459 35.4864 35.601 35.2413 34.8887 34.5432 34.2047 33.8732 33.5485 33.2307 32.9197 32.6154 32.3177 32.0267 31.7423 31.4643 31.1928 30.9277 30.669 30.4166 30.1704 
97.5242 96.2696 95.0309 93.8079 92.6003 91.4082 90.2313 89.0695 87.9226 86.7906 85.6732 84.5704 83.4819 82.4077 81.3476 80.3015 79.2692 78.2506 77.2455 76.2538 75.2754 74.3102 73.3579 72.4185 71.4919 70.5779 69.6763 68.7871 67.4513 64.485 62.0793 59.7221 57.4271 55.5303 53.8754 52.084 50.4948 49.0306 47.6593 46.3302 45.2128 44.1246 43.1356 42.1647 41.2434 40.4089 39.5847 38.7844 38.007 37.2395 36.4489 35.6542 34.8692 34.1251 33.3998 32.6838 31.9462 31.185 30.4327 29.7553 29.094 28.4476 27.8228 27.2067 26.6788 26.2081 25.7805 25.5498 25.3273 25.2251 25.1402 25.3098 25.5445 25.9682 26.532 27.2366 27.8506 29.1298 30.4187 31.512 33.5523 35.5781 35.6911 35.3298 34.9757 34.6287 34.2886 33.9556 33.6294 33.3101 32.9976 32.6918 32.3928 32.1003 31.8144 31.5351 31.2622 30.9957 30.7356 30.4818 30.2343 
97.6042 96.3489 95.1093 93.8855 92.6771 91.4843 90.3065 89.1439 87.9963 86.8635 85.7454 84.6418 83.5525 82.4776 81.4167 80.3698 79.3368 78.3174 77.3116 76.3192 75.34 74.374 73.4211 72.481 71.5536 70.6389 69.7366 68.8468 67.5102 64.5433 62.1368 59.779 57.4832 55.5858 53.9302 52.1381 50.5482 49.0834 47.7115 46.3817 45.2636 44.1748 43.1851 42.2137 41.2917 40.4566 39.6317 38.8309 38.0529 37.2847 36.4936 35.6983 34.9126 34.1679 33.442 32.7255 31.9874 31.2255 30.4727 29.7947 29.1329 28.4859 27.8606 27.2439 26.7154 26.2443 25.8161 25.5848 25.3618 25.2591 25.1737 25.3428 25.577 26.0001 26.5635 27.2676 27.8811 29.1598 30.4482 31.541 33.5809 35.6062 35.7187 35.357 35.0024 34.6549 34.3144 33.9809 33.6543 33.3346 33.0216 32.7154 32.4159 32.123 31.8367 31.5569 31.2836 31.0167 30.7562 30.5021 30.2542 
97.4949 96.2407 95.0023 93.7796 92.5724 91.3806 90.204 89.0425 87.896 86.7643 85.6473 84.5448 83.4567 82.3828 81.323 80.2772 79.2452 78.2269 77.2222 76.2308 75.2527 74.2878 73.3358 72.3968 71.4704 70.5567 69.6555 68.7666 67.4311 64.4651 62.0596 59.7028 57.408 55.5116 53.8569 52.0657 50.4768 49.0129 47.6419 46.3131 45.1959 44.108 43.1192 42.1487 41.2276 40.3934 39.5694 38.7694 37.9923 37.225 36.4346 35.6402 34.8554 34.1115 33.3864 32.6707 31.9334 31.1724 30.4203 29.7432 29.0821 28.4359 27.8113 27.1954 26.6677 26.1973 25.7699 25.5394 25.3171 25.2151 25.1304 25.3002 25.5351 25.959 26.523 27.2278 27.842 29.1214 30.4104 31.5039 33.5444 35.5704 35.6836 35.3225 34.9685 34.6217 34.2818 33.9489 33.623 33.3038 32.9915 32.6859 32.3869 32.0946 31.8089 31.5297 31.257 30.9907 30.7307 30.4771 30.2297 
97.1974 95.9462 94.7109 93.4912 92.2871 91.0983 89.9247 88.7663 87.6228 86.4941 85.38 84.2805 83.1953 82.1243 81.0675 80.0246 78.9955 77.98 76.9781 75.9896 75.0144 74.0522 73.1031 72.1668 71.2432 70.3322 69.4337 68.5475 67.2147 64.2514 61.8485 59.4943 57.2022 55.3083 53.6563 51.8676 50.2813 48.8199 47.4514 46.125 45.0103 43.9249 42.9386 41.9704 41.0517 40.2199 39.3983 38.6006 37.8258 37.0608 36.2728 35.4806 34.698 33.9564 33.2336 32.52 31.7849 31.026 30.2762 29.6011 28.9422 28.2981 27.6756 27.0618 26.5361 26.0677 25.6423 25.4138 25.1935 25.0935 25.0107 25.1825 25.4193 25.8451 26.411 27.1177 27.7337 29.0149 30.3058 31.4011 33.4434 35.4711 35.5861 35.2267 34.8745 34.5294 34.1912 33.86 33.5357 33.2182 32.9075 32.6035 32.3062 32.0155 31.7313 31.4537 31.1825 30.9177 30.6593 30.4072 30.1613 
96.7147 95.4686 94.2382 93.0234 91.8242 90.6403 89.4716 88.3181 87.1794 86.0555 84.9462 83.8515 82.7711 81.7049 80.6527 79.6145 78.5901 77.5793 76.582 75.5981 74.6274 73.6698 72.7251 71.7933 70.8742 69.9677 69.0735 68.1917 66.8632 63.9042 61.5057 59.1557 56.8678 54.9782 53.3303 51.5458 49.9635 48.5063 47.1418 45.8195 44.7088 43.6273 42.6449 41.6807 40.7659 39.9379 39.1202 38.3263 37.5552 36.794 36.0096 35.2211 34.4422 33.7042 32.985 32.275 31.5434 30.7881 30.0417 29.3701 28.7146 28.0739 27.4548 26.8443 26.322 25.8569 25.4347 25.2094 24.9924 24.8956 24.8159 24.9909 25.2307 25.6596 26.2286 26.9383 27.5574 28.8416 30.1354 31.2336 33.2788 35.3094 35.4272 35.0707 34.7213 34.3789 34.0435 33.715 33.3934 33.0786 32.7706 32.4693 32.1745 31.8864 31.6048 31.3297 31.061 30.7987 30.5428 30.2931 30.0497 
96.0519 94.8125 93.5889 92.3809 91.1884 90.0112 88.8493 87.7023 86.5703 85.4531 84.3504 83.2622 82.1883 81.1286 80.083 79.0512 78.0331 77.0287 76.0378 75.0601 74.0957 73.1443 72.2059 71.2802 70.3672 69.4667 68.5787 67.7028 66.3803 63.4272 61.0346 58.6905 56.4083 54.5244 52.8823 51.1035 49.5269 48.0752 46.7163 45.3995 44.2943 43.2182 42.2413 41.2824 40.373 39.5503 38.7377 37.9491 37.1832 36.4271 35.6478 34.8644 34.0905 33.3575 32.6432 31.9381 31.2114 30.4609 29.7193 29.0525 28.4016 27.7656 27.1511 26.5453 26.0275 25.5669 25.1492 24.9284 24.7158 24.6233 24.548 24.7273 24.9714 25.4045 25.9777 26.6916 27.3148 28.603 29.9009 31.0032 33.0524 35.0869 35.2087 34.856 34.5105 34.1719 33.8403 33.5156 33.1977 32.8865 32.5821 32.2844 31.9933 31.7087 31.4306 31.159 30.8938 30.6349 30.3824 30.136 29.8959 
95.2154 93.9845 92.7695 91.57 90.386 89.2174 88.0638 86.9253 85.8017 84.6928 83.5984 82.5185 81.4529 80.4014 79.3638 78.3402 77.3302 76.3338 75.3509 74.3812 73.4246 72.4811 71.5505 70.6326 69.7273 68.8344 67.954 67.0857 65.7707 62.8251 60.4399 58.1031 55.8283 53.9517 52.3168 50.5452 48.9757 47.531 46.1792 44.8694 43.7711 42.7019 41.7317 40.7796 39.8769 39.0609 38.2549 37.4729 36.7135 35.9639 35.1911 34.414 33.6465 32.9197 32.2116 31.5128 30.7922 30.0477 29.3122 28.6513 28.0064 27.3763 26.7677 26.1676 25.6556 25.2007 24.7887 24.5735 24.3664 24.2795 24.2097 24.3944 24.6439 25.0824 25.6609 26.38 27.0084 28.3018 29.6048 30.7122 32.7664 34.8059 34.9326 34.5849 34.2442 33.9104 33.5836 33.2636 32.9504 32.6439 32.3442 32.051 31.7644 31.4843 31.2107 30.9435 30.6826 30.428 30.1798 29.9377 29.7017 
94.2135 92.993 91.7881 90.5989 89.4251 88.2665 87.1231 85.9947 84.8811 83.7822 82.6978 81.6277 80.572 79.5303 78.5025 77.4886 76.4883 75.5015 74.5281 73.5679 72.6208 71.6867 70.7654 69.8567 68.9607 68.077 67.2057 66.3465 65.0405 62.1038 59.7274 57.3995 55.1335 53.2656 51.6393 49.8763 48.3153 46.8792 45.5357 44.2342 43.1442 42.0833 41.1213 40.1773 39.2826 38.4746 37.6766 36.9024 36.1508 35.409 34.6439 33.8745 33.1145 32.3952 31.6946 31.0031 30.2899 29.5527 28.8244 28.1708 27.5332 26.9099 26.3084 25.7152 25.2101 24.7621 24.3568 24.1484 23.948 23.8677 23.8044 23.9956 24.2516 24.6964 25.2813 26.0067 26.6413 27.941 29.2501 30.3635 32.4238 34.4693 34.6019 34.2601 33.9252 33.5972 33.2761 32.9618 32.6542 32.3533 32.0591 31.7714 31.4902 31.2155 30.9472 30.6852 30.4296 30.1802 29.9371 29.7001 29.4692 
93.0561 91.8474 90.6544 89.4769 88.3148 87.168 86.0363 84.9195 83.8174 82.73 81.6571 80.5986 79.5542 78.5238 77.5073 76.5046 75.5154 74.5398 73.5774 72.6282 71.692 70.7687 69.8582 68.9603 68.0749 67.2019 66.3411 65.4923 64.1967 61.2704 58.9043 56.5865 54.3306 52.4728 50.8565 49.1034 47.5522 46.1259 44.7921 43.5003 42.4199 41.3684 40.4159 39.4813 38.5959 37.7971 37.0083 36.2432 35.5007 34.7678 34.0115 33.251 32.4997 31.7892 31.0972 30.4143 29.7096 28.9808 28.2609 27.6155 26.986 26.3711 25.7776 25.1925 24.6953 24.2552 23.8578 23.6571 23.4646 23.3923 23.3361 23.5349 23.7983 24.2505 24.8428 25.5754 26.2173 27.5241 28.8403 29.9608 32.028 34.0804 34.2199 33.8849 33.5567 33.2354 32.9209 32.6132 32.3121 32.0176 31.7298 31.4484 31.1735 30.905 30.6428 30.387 30.1374 29.894 29.6568 29.4256 29.2006 
91.7539 90.5586 89.3789 88.2147 87.0659 85.9322 84.8136 83.7099 82.6209 81.5465 80.4865 79.4407 78.4092 77.3915 76.3877 75.3976 74.421 73.4578 72.5079 71.571 70.6471 69.7361 68.8377 67.9519 67.0784 66.2173 65.3683 64.5314 63.2474 60.3327 57.9782 55.6719 53.4274 51.5808 49.9758 48.2338 46.6938 45.2784 43.9556 42.6747 41.605 40.5643 39.6224 38.6983 37.8234 37.035 36.2564 35.5016 34.7692 34.0464 33.3002 32.5496 31.8082 31.1074 30.4252 29.7519 29.0567 28.3375 27.6269 26.9909 26.3706 25.7649 25.1805 24.6045 24.1163 23.6851 23.2965 23.1046 22.9206 22.8566 22.8094 23.0166 23.2885 23.7491 24.3495 25.0904 25.7404 27.0552 28.3795 29.5078 31.5829 33.6431 33.7903 33.4629 33.1424 32.8286 32.5215 32.2212 31.9274 31.6402 31.3595 31.0853 30.8174 30.5559 30.3007 30.0517 29.8089 29.5723 29.3417 29.1172 28.8987 
90.3166 89.1365 87.9719 86.8227 85.6888 84.57 83.4661 82.377 81.3025 80.2424 79.1966 78.1651 77.1476 76.144 75.1542 74.178 73.2152 72.2658 71.3295 70.4062 69.4959 68.5983 67.7133 66.8407 65.9805 65.1325 64.2966 63.4726 62.2016 59.2996 56.9578 54.6642 52.4322 50.5981 49.0055 47.2758 45.748 44.3448 43.034 41.765 40.7072 39.6783 38.7481 37.8356 36.9723 36.1953 35.4282 34.6846 33.9634 33.2517 32.5166 31.7769 31.0464 30.3564 29.6848 29.0222 28.3375 27.6287 26.9286 26.3028 25.6928 25.0972 24.5229 23.9568 23.4785 23.0571 22.6783 22.4964 22.3216 22.2671 22.2294 22.4459 22.727 23.1968 23.8064 24.5563 25.2152 26.539 27.872 29.0091 31.0928 33.1617 33.3174 32.9984 32.6862 32.3807 32.0819 31.7897 31.504 31.2248 30.952 30.6856 30.4256 30.1718 29.9242 29.6828 29.4475 29.2183 28.9951 28.7779 28.5666 
88.7569 87.5931 86.4449 85.3121 84.1944 83.0918 82.004 80.931 79.8724 78.8283 77.7983 76.7825 75.7806 74.7924 73.8178 72.8567 71.9089 70.9744 70.053 69.1444 68.2487 67.3657 66.4952 65.637 64.7912 63.9574 63.1356 62.3257 61.0686 58.1805 55.8525 53.5726 51.3542 49.5336 47.9544 46.2381 44.7235 43.3334 42.0357 40.7797 39.7348 38.7186 37.8011 36.9012 36.0504 35.2859 34.531 33.7997 33.0907 32.391 31.6678 30.94 30.2213 29.543 28.883 28.2319 27.5587 26.8612 26.1723 25.5578 24.9588 24.3742 23.8108 23.2555 22.7879 22.3772 22.0089 21.8371 21.6731 21.6289 21.6014 21.828 22.1192 22.5989 23.2184 23.9781 24.6468 25.9801 27.3227 28.4693 30.5624 32.6406 32.8055 32.4957 32.1926 31.8961 31.6062 31.3228 31.0458 30.7753 30.5111 30.2533 30.0017 29.7562 29.5169 29.2838 29.0566 28.8354 28.6202 28.4109 28.2075 
87.0894 85.9432 84.8124 83.697 82.5967 81.5113 80.4407 79.3848 78.3433 77.3161 76.3031 75.304 74.3188 73.3473 72.3892 71.4446 70.5132 69.5948 68.6894 67.7967 66.9167 66.0492 65.1942 64.3515 63.5209 62.7023 61.8956 61.1007 59.8586 56.9853 54.672 52.4067 50.2029 48.3968 46.8319 45.1298 43.6294 42.2534 40.9696 39.7274 38.6963 37.6938 36.7898 35.9034 35.0659 34.3147 33.573 32.8548 32.1588 31.472 30.7616 30.0465 29.3403 28.6746 28.027 27.3882 26.7272 26.0419 25.365 24.7624 24.1752 23.6025 23.0507 22.5069 22.0508 21.6514 21.2945 21.1339 20.9809 20.9477 20.9312 21.1687 21.4706 21.961 22.591 23.3612 24.0411 25.3839 26.7367 27.8935 29.9966 32.0847 32.2595 31.9595 31.6661 31.3792 31.0988 30.8248 30.5573 30.296 30.0411 29.7923 29.5497 29.3132 29.0828 28.8584 28.64 28.4274 28.2207 28.0199 27.8248 
85.3292 84.2015 83.0891 81.992 80.9099 79.8428 78.7903 77.7524 76.7289 75.7196 74.7243 73.743 72.7754 71.8213 70.8807 69.9534 69.0392 68.138 67.2496 66.3739 65.5107 64.6599 63.8214 62.995 62.1805 61.378 60.5873 59.8083 58.5818 55.7243 53.4265 51.1767 48.9882 47.1973 45.6476 43.9606 42.4751 41.1139 39.8449 38.6174 37.6007 36.6127 35.723 34.8509 34.0275 33.2903 32.5626 31.8581 31.1758 30.5027 29.8058 29.1041 28.4112 27.7587 27.1242 26.4984 25.8503 25.1778 24.5137 23.9236 23.349 22.7886 22.2491 21.7177 21.2737 20.8863 20.5413 20.3925 20.2513 20.2297 20.2247 20.4737 20.7869 21.2886 21.9298 22.7111 23.4011 24.7557 26.1193 27.2867 29.4005 31.4991 31.6843 31.3946 31.1114 30.8347 30.5644 30.3004 30.0428 29.7913 29.5461 29.307 29.0739 28.8469 28.6258 28.4107 28.2014 27.998 27.8003 27.6084 27.4222 
83.4915 82.383 81.2898 80.2118 79.1487 78.1005 77.0669 76.0478 75.043 74.0523 73.0756 72.1127 71.1635 70.2277 69.3053 68.396 67.4998 66.6164 65.7458 64.8877 64.0421 63.2087 62.3875 61.5783 60.781 59.9954 59.2215 58.459 57.249 54.4078 52.1263 49.8927 47.7203 45.9453 44.4114 42.7401 41.2702 39.9246 38.671 37.4587 36.4573 35.4843 34.6097 33.7524 32.9438 32.2213 31.5081 30.8181 30.1501 29.4912 28.8084 28.1207 27.4418 26.8031 26.1823 25.5701 24.9355 24.2764 23.6255 23.0487 22.4871 21.9397 21.4131 20.8944 20.4631 20.0884 19.7558 19.6194 19.4904 19.4811 19.4881 19.749 20.0742 20.5876 21.2405 22.0333 22.7349 24.1008 25.4757 26.6543 28.7792 30.8888 31.085 30.8061 30.5336 30.2675 30.0077 29.7542 29.5069 29.2657 29.0306 28.8015 28.5785 28.3613 28.15 27.9446 27.745 27.551 27.3628 27.1802 27.0032 
81.5914 80.5026 79.4291 78.3708 77.3274 76.2988 75.2847 74.2849 73.2995 72.328 71.3705 70.4266 69.4963 68.5794 67.6757 66.7852 65.9075 65.0426 64.1903 63.3504 62.5229 61.7076 60.9043 60.1129 59.3333 58.5653 57.8087 57.0636 55.8708 53.0465 50.7818 48.5649 46.4091 44.6507 43.1332 41.4782 40.0245 38.6949 37.4573 36.2609 35.2752 34.3178 33.4587 32.6168 31.8235 31.1162 30.418 29.743 29.0899 28.4457 27.7776 27.1044 26.44 25.8155 25.209 24.6109 23.9903 23.345 22.7079 22.1447 21.5967 21.0627 20.5495 20.0441 19.6259 19.2641 18.9445 18.8209 18.7047 18.7079 18.7275 19.0008 19.3383 19.8639 20.5289 21.3337 22.0471 23.4249 24.8115 26.0017 28.1381 30.2591 30.4665 30.1988 29.9375 29.6824 29.4335 29.1908 28.9542 28.7236 28.499 28.2804 28.0677 27.8608 27.6596 27.4643 27.2746 27.0905 26.912 26.7391 26.5717 
79.6439 78.5751 77.5217 76.4834 75.4601 74.4515 73.4573 72.4775 71.5118 70.5601 69.6221 68.6978 67.7869 66.8893 66.0048 65.1333 64.2747 63.4287 62.5952 61.774 60.9651 60.1682 59.3833 58.6101 57.8486 57.0986 56.36 55.6326 54.4574 51.6507 49.4033 47.2036 45.0649 43.3234 41.8228 40.1845 38.7474 37.4344 36.2131 35.033 34.0635 33.1222 32.279 31.453 30.6754 29.9836 29.301 28.6414 28.0035 27.3745 26.7214 26.0632 25.4135 24.8045 24.2118 23.6282 23.022 22.391 21.768 21.2189 20.6848 20.1646 19.6651 19.1733 18.7686 18.4202 18.1139 18.0034 17.9003 17.9165 17.9489 18.235 18.5851 19.1233 19.8007 20.6178 21.3435 22.7334 24.132 25.3341 27.4823 29.615 29.8341 29.5779 29.328 29.0842 28.8465 28.6149 28.3893 28.1696 27.9559 27.7479 27.5458 27.3494 27.1587 26.9736 26.7942 26.6202 26.4518 26.2888 26.1313 
77.6628 76.6145 75.5815 74.5636 73.5605 72.5722 71.5984 70.6387 69.6931 68.7614 67.8433 66.9388 66.0477 65.1697 64.3048 63.4528 62.6134 61.7866 60.9722 60.1701 59.38 58.602 57.8357 57.0811 56.338 55.6063 54.8859 54.1766 53.0194 50.2305 48.0009 45.8187 43.6974 41.9732 40.4897 38.8686 37.4484 36.1522 34.9477 33.7842 32.8312 31.9063 31.0794 30.2695 29.5079 28.8321 28.1652 27.5213 26.899 26.2854 25.6477 25.0047 24.3701 23.7754 23.1983 22.6295 22.0379 21.4214 20.8129 20.2781 19.7582 19.2522 18.7667 18.2887 17.8977 17.563 17.2702 17.1732 17.0834 17.1128 17.1584 17.4575 17.8204 18.3714 19.0615 19.8913 20.6293 22.0316 23.4425 24.6567 26.817 28.9616 29.1925 28.9481 28.7098 28.4775 28.2513 28.031 27.8166 27.6081 27.4054 27.2084 27.017 26.8314 26.6513 26.4767 26.3077 26.1441 25.9859 25.833 25.6854 
75.6616 74.634 73.6216 72.6242 71.6417 70.6739 69.7204 68.7812 67.8559 66.9444 66.0465 65.162 64.2908 63.4326 62.5874 61.755 60.9352 60.1278 59.3327 58.5498 57.7788 57.0197 56.2723 55.5364 54.812 54.0988 53.3968 52.7057 51.5667 48.7959 46.5842 44.4198 42.3161 40.6095 39.1434 37.5395 36.1366 34.8574 33.6699 32.5232 31.5869 30.6786 29.8681 29.0746 28.3293 27.6696 27.0187 26.3907 25.7842 25.1863 24.5641 23.9365 23.3172 22.7377 22.1757 21.6218 21.0451 20.4434 19.8495 19.3292 18.8237 18.3319 17.8606 17.3967 17.0197 16.6988 16.4197 16.3363 16.26 16.3028 16.3616 16.6739 17.0499 17.6139 18.3168 19.1593 19.91 21.3248 22.7481 23.9747 26.1471 28.3039 28.5467 28.3142 28.0877 27.8671 27.6524 27.4436 27.2406 27.0433 26.8517 26.6658 26.4854 26.3106 26.1413 25.9774 25.8188 25.6657 25.5178 25.3752 25.2378 
73.6527 72.646 71.6544 70.6777 69.7159 68.7686 67.8357 66.9169 66.012 65.1208 64.2431 63.3787 62.5275 61.6893 60.8639 60.0512 59.2509 58.463 57.6873 56.9237 56.1719 55.4318 54.7033 53.9863 53.2806 52.586 51.9024 51.2298 50.109 47.3563 45.1626 43.0161 40.9302 39.2412 37.7927 36.2062 34.8206 33.5586 32.3881 31.2584 30.3389 29.4473 28.6534 27.8764 27.1474 26.5039 25.8692 25.2572 24.6666 24.0844 23.4778 22.8658 22.262 21.6977 21.1509 20.6121 20.0503 19.4635 18.8843 18.3786 17.8876 17.4103 16.9531 16.5034 16.1404 15.8335 15.5682 15.4985 15.4358 15.4921 15.5643 15.8898 16.279 16.8559 17.5718 18.4271 19.1906 20.6179 22.0537 23.2927 25.4774 27.6463 27.9013 27.6807 27.466 27.2572 27.0542 26.8569 26.6653 26.4794 26.299 26.1242 25.9548 25.7909 25.6324 25.4792 25.3313 25.1886 25.0511 24.9188 24.7916 
71.6482 70.6623 69.6915 68.7357 67.7945 66.8678 65.9555 65.0571 64.1725 63.3016 62.444 61.5997 60.7685 59.9502 59.1446 58.3515 57.5709 56.8025 56.0461 55.3017 54.569 53.848 53.1385 52.4402 51.7532 51.0772 50.4121 49.7578 48.6552 45.9206 43.7449 41.6163 39.5482 37.8769 36.4459 34.8769 33.5086 32.2638 31.1104 29.9976 29.095 28.2201 27.4429 26.6823 25.9697 25.3425 24.7239 24.1279 23.5532 22.9868 22.3959 21.7994 21.211 20.6621 20.1305 19.6068 19.06 18.488 17.9235 17.4324 16.956 16.4931 16.0502 15.6145 15.2657 14.9727 14.7212 14.6653 14.6161 14.6859 14.7715 15.1102 15.5126 16.1026 16.8314 17.6995 18.4757 19.9157 21.364 22.6153 24.8123 26.9935 27.2605 27.0518 26.849 26.652 26.4606 26.2748 26.0947 25.9201 25.7509 25.5872 25.4289 25.2759 25.1282 24.9857 24.8484 24.7162 24.5891 24.4671 24.3501 
69.6591 68.694 67.744 66.8088 65.8883 64.9821 64.0902 63.2121 62.3478 61.4969 60.6594 59.8351 59.0237 58.2251 57.4392 56.6657 55.9045 55.1554 54.4183 53.693 52.9794 52.2773 51.5865 50.907 50.2385 49.581 48.9342 48.2982 47.2137 44.4971 42.3393 40.2285 38.1781 36.5245 35.111 33.5593 32.2083 30.9806 29.8442 28.7484 27.8625 27.0043 26.2436 25.4995 24.8032 24.1921 23.5896 23.0096 22.4507 21.9 21.3247 20.7437 20.1707 19.637 19.1206 18.6118 18.0799 17.5227 16.9729 16.4964 16.0344 15.5857 15.1571 14.7356 14.4007 14.1216 13.8839 13.8416 13.806 13.8892 13.9881 14.3401 14.7555 15.3585 16.1002 16.9811 17.7699 19.2225 20.6832 21.9469 24.1561 26.3493 26.6284 26.4316 26.2406 26.0552 25.8754 25.7012 25.5324 25.369 25.211 25.0584 24.911 24.7688 24.6319 24.5 24.3735 24.2515 24.1348 24.0229 23.916 
67.6956 66.7512 65.8218 64.9071 64.007 63.1212 62.2494 61.3914 60.5471 59.7161 58.8985 58.0938 57.3021 56.5231 55.7566 55.0024 54.2604 53.5305 52.8124 52.1061 51.4113 50.7279 50.0557 49.3947 48.7446 48.1053 47.4767 46.8587 45.7922 43.0934 40.9533 38.8602 36.8274 35.1912 33.795 32.2606 30.9266 29.716 28.5964 27.5173 26.6481 25.8064 25.0621 24.3342 23.6541 23.0591 22.4726 21.9083 21.3651 20.83 20.2702 19.7045 19.1467 18.6282 18.1267 17.6329 17.1157 16.5731 16.0379 15.5758 15.1281 14.6936 14.2791 13.8716 13.5505 13.2852 13.0611 13.0323 13.0101 13.1066 13.2187 13.5838 14.0122 14.628 15.3824 16.276 17.0773 18.5423 20.0153 21.2912 23.5125 25.7177 26.0087 25.8237 25.6443 25.4705 25.3022 25.1393 24.9817 24.8295 24.6826 24.5408 24.4043 24.2729 24.1465 24.0252 23.9088 23.7974 23.6908 23.5891 23.4922 
65.767 64.843 63.9338 63.0394 62.1594 61.2936 60.4417 59.6035 58.7788 57.9675 57.1694 56.3842 55.6118 54.852 54.1047 53.3696 52.6466 51.9355 51.2362 50.5485 49.8722 49.2072 48.5534 47.9106 47.2786 46.6573 46.0466 45.4463 44.3975 41.7163 39.5939 37.5182 35.5027 33.8837 32.5047 30.9872 29.6701 28.4762 27.3733 26.3107 25.4579 24.6325 23.9044 23.1926 22.5284 21.9492 21.3784 20.8297 20.302 19.7823 19.2377 18.6872 18.1444 17.6407 17.154 16.6749 16.1723 15.6441 15.1232 14.6754 14.2418 13.8213 13.4206 13.027 12.7195 12.4677 12.257 12.2416 12.2326 12.3422 12.4673 12.8452 13.2864 13.9149 14.6819 15.5879 16.4016 17.8787 19.3639 20.6518 22.8851 25.1021 25.4047 25.2313 25.0641 24.901 24.744 24.5922 24.4458 24.3045 24.1684 24.0375 23.9116 23.7907 23.6748 23.5638 23.4577 23.3564 23.2599 23.1681 23.081 
63.8816 62.9776 62.0885 61.2138 60.3535 59.5072 58.6748 57.856 57.0507 56.2587 55.4797 54.7136 53.9602 53.2193 52.4907 51.7743 51.0699 50.3773 49.6964 49.027 48.3689 47.722 47.0861 46.4612 45.847 45.2433 44.6502 44.0674 43.036 40.3723 38.267 36.2085 34.2101 32.608 31.2457 29.745 28.4445 27.267 26.1805 25.1341 24.2974 23.488 22.7758 22.0797 21.4312 20.8676 20.3122 19.7788 19.2663 18.7617 18.232 17.6963 17.1683 16.6793 16.2071 15.7423 15.2541 14.7401 14.2333 13.7993 13.3796 12.9728 12.5858 12.2055 11.9116 11.673 11.4756 11.4732 11.4772 11.5996 11.7374 12.128 12.5817 13.2227 14.002 14.9202 15.746 17.2351 18.7322 20.0319 22.2768 24.5054 24.8195 24.6575 24.5009 24.3496 24.2036 24.0628 23.9271 23.7966 23.6712 23.5507 23.4353 23.3247 23.219 23.1182 23.0221 22.9307 22.844 22.762 22.6845 
62.0467 61.1623 60.2925 59.4372 58.5961 57.7689 56.9556 56.1558 55.3694 54.5962 53.8359 53.0885 52.3536 51.6312 50.921 50.2228 49.5366 48.8621 48.1991 47.5476 46.9073 46.2781 45.6598 45.0523 44.4554 43.8691 43.2932 42.7277 41.7134 39.0666 36.9783 34.9365 32.9548 31.3693 30.0235 28.539 27.2547 26.0934 25.0228 23.9923 23.1714 22.3776 21.6809 21.0003 20.3671 19.8187 19.2783 18.7599 18.2623 17.7724 17.2574 16.7363 16.2226 15.7479 15.2899 14.8392 14.3649 13.8648 13.3717 12.9514 12.5452 12.1518 11.7782 11.4111 11.1302 10.9046 10.7201 10.7305 10.7472 10.8821 11.0324 11.4353 11.9012 12.5543 13.3456 14.2757 15.1133 16.6142 18.1229 19.4341 21.6904 23.9303 24.2555 24.1046 23.959 23.8186 23.6834 23.5533 23.4282 23.3081 23.1931 23.0829 22.9776 22.8771 22.7814 22.6904 22.6041 22.5224 22.4452 22.3727 22.3046 
60.2685 59.403 58.5521 57.7156 56.8932 56.0847 55.2899 54.5086 53.7407 52.9858 52.2438 51.5145 50.7977 50.0932 49.4009 48.7206 48.0521 47.3952 46.7497 46.1156 45.4926 44.8806 44.2794 43.6889 43.1091 42.5398 41.9808 41.432 40.4345 37.8043 35.7324 33.707 31.7415 30.1721 28.8423 27.3738 26.1053 24.9596 23.9047 22.8896 22.0841 21.3055 20.624 19.9584 19.3401 18.8064 18.2808 17.777 17.2938 16.8183 16.3175 15.8105 15.3109 14.8501 14.4059 13.9689 13.5082 13.0216 12.5419 12.1349 11.7418 11.3615 11.0008 10.6466 10.3784 10.1655 9.99342 10.0162 10.0452 10.1924 10.3548 10.7697 11.2475 11.9124 12.7154 13.6571 14.5062 16.0184 17.5384 18.8607 21.1281 23.379 23.7151 23.575 23.44 23.3102 23.1854 23.0656 22.9508 22.841 22.736 22.6358 22.5403 22.4496 22.3635 22.2821 22.2052 22.1329 22.0651 22.0017 21.9426 
58.5522 57.7051 56.8725 56.0542 55.25 54.4596 53.6829 52.9196 52.1695 51.4324 50.7081 49.9964 49.2972 48.6102 47.9353 47.2722 46.6208 45.981 45.3526 44.7353 44.1291 43.5339 42.9495 42.3757 41.8125 41.2597 40.7172 40.1847 39.2033 36.5892 34.5333 32.5238 30.5741 29.0203 27.7061 26.253 24.9999 23.8694 22.8296 21.8296 21.0389 20.2751 19.6083 18.9573 18.3534 17.8341 17.3227 16.8331 16.3639 15.9023 15.4154 14.9221 14.4361 13.9888 13.558 13.1343 12.6868 12.2132 11.7465 11.3524 10.9721 10.6044 10.2562 9.91444 9.65862 9.45793 9.29801 9.33285 9.37374 9.53278 9.70685 10.1334 10.6228 11.299 12.1134 13.0663 13.9265 15.4497 16.9806 18.3138 20.5919 22.8533 23.2 23.0702 22.9456 22.826 22.7113 22.6016 22.4967 22.3967 22.3014 22.2108 22.1249 22.0436 21.9669 21.8947 21.827 21.7637 21.7048 21.6503 21.6 
56.9022 56.0729 55.258 54.4574 53.6708 52.898 52.1387 51.3928 50.66 49.9401 49.233 48.5384 47.8561 47.186 46.5279 45.8815 45.2468 44.6235 44.0115 43.4107 42.8209 42.2421 41.674 41.1164 40.5693 40.0325 39.5058 38.9891 38.0234 35.4249 33.3845 31.3903 29.4558 27.9172 26.618 25.1799 23.9416 22.8259 21.8006 20.8151 20.0388 19.2894 18.6367 17.9998 17.4099 16.9045 16.4072 15.9309 15.4753 15.0272 14.5536 14.0735 13.6007 13.1664 12.7486 12.3377 11.9029 11.442 10.9878 10.606 10.238 9.88261 9.54654 9.21677 8.97287 8.78399 8.63578 8.68222 8.73462 8.90507 9.09045 9.52821 10.0287 10.716 11.5412 12.5049 13.3758 14.9097 16.4511 17.7947 20.0831 22.3548 22.7116 22.5919 22.4772 22.3674 22.2625 22.1624 22.067 21.9765 21.8905 21.8092 21.7325 21.6603 21.5925 21.5292 21.4703 21.4157 21.3654 21.3194 21.2775 
55.3222 54.51 53.7123 52.9288 52.1592 51.4032 50.6608 49.9317 49.2156 48.5123 47.8217 47.1435 46.4776 45.8238 45.1819 44.5516 43.933 43.3258 42.7299 42.1451 41.5713 41.0082 40.4558 39.9139 39.3823 38.8609 38.3495 37.8481 36.8975 34.3139 32.2884 30.3091 28.3893 26.8653 25.5806 24.1568 22.9328 21.8313 20.8201 19.8486 19.0862 18.3505 17.7115 17.0881 16.5117 16.0197 15.5353 15.0725 14.6299 14.1948 13.734 13.2667 12.8065 12.3848 11.9794 11.5809 11.1583 10.7096 10.2674 9.8976 9.54146 9.19777 8.87334 8.55513 8.32268 8.14515 8.00819 8.06579 8.12925 8.31066 8.5069 8.95543 9.46657 10.1644 11.0002 11.9742 12.8554 14.3995 15.951 17.3046 19.6029 21.8844 22.2509 22.1408 22.0357 21.9353 21.8397 21.7489 21.6627 21.5812 21.5042 21.4318 21.3639 21.3004 21.2412 21.1864 21.1359 21.0896 21.0476 21.0097 20.9759 
53.815 53.0194 52.2381 51.471 50.7177 49.9781 49.2519 48.5388 47.8388 47.1515 46.4768 45.8145 45.1643 44.5262 43.9 43.2855 42.6825 42.0909 41.5105 40.9411 40.3826 39.8347 39.2974 38.7705 38.2538 37.7472 37.2505 36.7637 35.8276 33.2585 31.2473 29.2821 27.3765 25.8665 24.5957 23.1857 21.9754 20.8875 19.8899 18.9317 18.1827 17.4602 16.8343 16.224 15.6605 15.1813 14.7096 14.2594 13.8294 13.4066 12.9582 12.5031 12.0551 11.6454 11.2519 10.8652 10.4544 10.0172 9.58661 9.22827 8.88348 8.55104 8.23778 7.93063 7.70914 7.54248 7.4163 7.48458 7.55862 7.75053 7.95717 8.416 8.93736 9.64532 10.4911 11.4751 12.3661 13.92 15.4811 16.8442 19.152 21.4429 21.8187 21.7178 21.6218 21.5304 21.4438 21.3618 21.2844 21.2115 21.1431 21.0791 21.0196 20.9643 20.9134 20.8667 20.8242 20.7859 20.7517 20.7216 20.6954 
52.3828 51.603 50.8376 50.0862 49.3486 48.6245 47.9139 47.2163 46.5316 45.8597 45.2003 44.5533 43.9184 43.2956 42.6846 42.0852 41.4973 40.9206 40.355 39.8003 39.2565 38.7232 38.2003 37.6878 37.1853 36.6929 36.2103 35.7375 34.8153 32.26 30.2625 28.3109 26.4187 24.9221 23.6647 22.268 21.0707 19.9959 19.0111 18.0658 17.3295 16.6197 16.0063 15.4084 14.8573 14.3903 13.9308 13.4926 13.0746 12.6637 12.2271 11.7837 11.3472 10.949 10.5669 10.1915 9.79187 9.36585 8.94624 8.59882 8.26486 7.94316 7.64054 7.34395 7.13292 6.97663 6.86073 6.93922 7.02334 7.2253 7.4418 7.91046 8.44155 9.15916 10.0145 11.008 11.9084 13.4715 15.0418 16.4141 18.7309 21.0307 21.4153 21.3232 21.2358 21.153 21.0749 21.0013 20.9322 20.8675 20.8073 20.7514 20.6998 20.6524 20.6093 20.5703 20.5355 20.5047 20.4779 20.4551 20.4363 
51.027 50.2625 49.5121 48.7758 48.0531 47.344 46.6482 45.9655 45.2957 44.6387 43.9941 43.3619 42.7418 42.1335 41.537 40.9521 40.3785 39.816 39.2646 38.724 38.1941 37.6747 37.1657 36.6668 36.178 35.6991 35.23 34.7704 33.8615 31.3193 29.3349 27.3963 25.517 24.0332 22.7884 21.4043 20.2195 19.1571 18.1847 17.2516 16.5274 15.8296 15.2281 14.6421 14.1027 13.6474 13.1995 12.7728 12.3661 11.9665 11.5411 11.1088 10.6833 10.2961 9.92485 9.56019 9.17122 8.75577 8.34664 8.00961 7.68595 7.37446 7.08196 6.79541 6.59432 6.44788 6.34175 6.4299 6.52363 6.73504 6.96101 7.439 7.97933 8.7061 9.57047 10.5729 11.4823 13.0542 14.6332 16.0141 18.3395 20.6478 21.0408 20.957 20.8778 20.8031 20.733 20.6674 20.6062 20.5493 20.4968 20.4485 20.4044 20.3645 20.3288 20.2971 20.2694 20.2458 20.226 20.2102 20.1983 
49.7487 48.9986 48.2626 47.5407 46.8325 46.1378 45.4564 44.7881 44.1327 43.4898 42.8594 42.2412 41.6351 41.0407 40.458 39.8868 39.3268 38.7779 38.24 37.7128 37.1962 36.69 36.194 35.7082 35.2323 34.7663 34.3099 33.863 32.9667 30.437 28.4649 26.5387 24.6716 23.1999 21.9672 20.595 19.4221 18.3714 17.4107 16.4892 15.7765 15.0901 14.5001 13.9252 13.397 12.9528 12.5158 12.1 11.7042 11.3153 10.9005 10.4787 10.0637 9.68676 9.32581 8.97134 8.59247 8.18704 7.7879 7.46064 7.14674 6.84499 6.56201 6.28494 6.09327 5.95618 5.85929 5.95658 6.05939 6.27979 6.51467 7.00148 7.55055 8.28598 9.15893 10.1699 11.0876 12.6679 14.2551 15.6442 17.9777 20.2939 20.6949 20.6189 20.5474 20.4805 20.418 20.3598 20.306 20.2565 20.2113 20.1702 20.1332 20.1004 20.0715 20.0467 20.0259 20.0089 19.9958 19.9865 19.981 
48.5483 47.8122 47.0902 46.3822 45.6879 45.007 44.3393 43.6846 43.0427 42.4134 41.7964 41.1915 40.5986 40.0174 39.4478 38.8895 38.3425 37.8064 37.2812 36.7667 36.2627 35.769 35.2854 34.812 34.3483 33.8944 33.4501 33.0152 32.1308 29.6129 27.6526 25.738 23.8826 22.4223 21.2009 19.8401 18.6784 17.6389 16.6892 15.7787 15.0768 14.4012 13.8219 13.2577 12.74 12.3062 11.8796 11.4741 11.0884 10.7099 10.3049 9.89305 9.48788 9.12075 8.7695 8.42465 8.05531 7.65932 7.26948 6.95158 6.64687 6.35417 6.08029 5.81218 5.62939 5.50108 5.41291 5.51884 5.6302 5.85908 6.10236 6.59748 7.15478 7.89836 8.77938 9.79834 10.724 12.3121 13.9071 15.3039 17.6449 19.9687 20.3771 20.3085 20.2443 20.1846 20.1292 20.0781 20.0313 19.9887 19.9502 19.9159 19.8856 19.8594 19.8371 19.8187 19.8042 19.7935 19.7867 19.7835 19.7841 
47.427 46.7041 45.9954 45.3005 44.6193 43.9514 43.2967 42.6549 42.0257 41.4091 40.8048 40.2125 39.6321 39.0633 38.506 37.9601 37.4252 36.9013 36.3881 35.8855 35.3933 34.9115 34.4396 33.9778 33.5257 33.0833 32.6503 32.2268 31.3535 28.8468 26.8975 24.9939 23.1492 21.6999 20.4892 19.139 17.9879 16.9589 16.0196 15.1194 14.4278 13.7624 13.1931 12.6388 12.1311 11.7071 11.2903 10.8944 10.5183 10.1491 9.75375 9.35128 8.95539 8.59745 8.25532 7.9195 7.55912 7.172 6.79096 6.48179 6.18572 5.90159 5.6362 5.3765 5.20204 5.08198 5.00199 5.11603 5.23541 5.47224 5.72339 6.22631 6.79133 7.54256 8.43115 9.4576 10.3907 11.9861 13.5884 14.9923 17.3405 19.6714 20.0867 20.025 19.9677 19.9147 19.866 19.8215 19.7812 19.7451 19.713 19.685 19.6609 19.6408 19.6246 19.6123 19.6037 19.5989 19.5978 19.6004 19.6066 
46.3842 45.6738 44.9776 44.2951 43.6261 42.9705 42.328 41.6983 41.0812 40.4765 39.8841 39.3036 38.7349 38.1779 37.6322 37.0978 36.5743 36.0618 35.5599 35.0685 34.5875 34.1167 33.6558 33.2049 32.7637 32.332 31.9097 31.4968 30.634 28.1378 26.1989 24.3055 22.4711 21.0319 19.8313 18.491 17.3499 16.3306 15.4011 14.5106 13.8286 13.1727 12.6128 12.068 11.5695 11.1547 10.747 10.3602 9.99311 9.63276 9.24626 8.85255 8.46533 8.116 7.7824 7.45503 7.10303 6.72422 6.35141 6.05039 5.76241 5.48628 5.22883 4.97699 4.81032 4.69798 4.62563 4.74724 4.87412 5.11837 5.37687 5.88708 6.45931 7.21767 8.11334 9.14678 10.0868 11.689 13.2981 14.7088 17.0636 19.401 19.8229 19.7676 19.7166 19.6699 19.6274 19.5891 19.5549 19.5248 19.4986 19.4765 19.4582 19.4439 19.4333 19.4266 19.4235 19.4242 19.4285 19.4364 19.4479 
45.4192 44.7206 44.0359 43.365 42.7076 42.0635 41.4323 40.814 40.2082 39.6147 39.0334 38.464 37.9063 37.3601 36.8253 36.3016 35.7889 35.287 34.7957 34.3148 33.8442 33.3837 32.9331 32.4924 32.0613 31.6396 31.2274 30.8243 29.9714 27.4849 25.5557 23.6719 21.847 20.4173 19.2261 17.8951 16.7632 15.7531 14.8327 13.9512 13.2781 12.6311 12.08 11.5439 11.0541 10.648 10.2487 9.87038 9.51164 9.15959 8.78132 8.39576 8.01663 7.67531 7.34965 7.03016 6.68596 6.31488 5.94973 5.6563 5.37584 5.10717 4.8571 4.61258 4.45315 4.34799 4.28275 4.4114 4.54525 4.7964 5.06174 5.57871 6.15764 6.92264 7.82486 8.8648 9.81122 11.4199 13.0352 14.4521 16.8131 19.1566 19.5845 19.5352 19.4901 19.4492 19.4125 19.3799 19.3513 19.3267 19.3061 19.2894 19.2765 19.2675 19.2622 19.2606 19.2627 19.2684 19.2776 19.2905 19.3068 
44.5309 43.8432 43.1694 42.5093 41.8626 41.2292 40.6086 40.0008 39.4055 38.8224 38.2515 37.6924 37.1449 36.6089 36.0842 35.5705 35.0678 34.5757 34.0942 33.6231 33.1622 32.7113 32.2703 31.839 31.4173 31.005 30.602 30.2081 29.3643 26.8869 24.9667 23.0918 21.2758 19.8548 18.6723 17.35 16.2267 15.2251 14.3131 13.44 12.7752 12.1364 11.5935 11.0655 10.5837 10.1855 9.79418 9.42365 9.07267 8.72831 8.35766 7.97967 7.60803 7.27413 6.95583 6.64362 6.30665 5.94274 5.58468 5.29828 5.02479 4.76301 4.51977 4.28202 4.1293 4.03077 3.9721 4.10727 4.24757 4.5051 4.77676 5.29998 5.88511 6.65623 7.56452 8.61047 9.56282 11.1773 12.7985 14.2212 16.5878 18.937 19.3704 19.3266 19.287 19.2515 19.2201 19.1927 19.1693 19.1499 19.1343 19.1226 19.1147 19.1105 19.11 19.1132 19.12 19.1303 19.1442 19.1615 19.1823 
43.7179 43.0403 42.3775 41.7265 41.0898 40.4662 39.8555 39.2574 38.6718 38.0984 37.5372 36.9874 36.4494 35.9228 35.4074 34.903 34.4094 33.9265 33.4541 32.992 32.54 32.098 31.6658 31.2433 30.8302 30.4266 30.0321 29.6467 28.8114 26.3423 24.4304 22.5639 20.7559 19.343 18.1686 16.8543 15.7388 14.7451 13.8409 12.9755 12.3184 11.6871 11.1518 10.6312 10.1568 9.76596 9.38193 9.01862 8.67479 8.33752 7.97389 7.60286 7.23812 6.91106 6.59953 6.29405 5.96373 5.6064 5.25488 4.97494 4.70786 4.45243 4.21548 3.98396 3.8374 3.74498 3.69236 3.83351 3.97974 4.24314 4.5206 5.04958 5.64039 6.41715 7.33101 8.38247 9.34027 10.9602 12.5867 14.0146 16.3865 18.7408 19.1794 19.1406 19.106 19.0754 19.0489 19.0263 19.0077 18.9929 18.982 18.9749 18.9715 18.9718 18.9757 18.9833 18.9943 19.0089 19.027 19.0484 19.0733 
42.9787 42.3104 41.656 41.015 40.3875 39.7729 39.1713 38.5822 38.0055 37.4409 36.8883 36.3475 35.8182 35.3002 34.7934 34.2975 33.8124 33.3378 32.8737 32.4199 31.9761 31.5423 31.1182 30.7037 30.2986 29.9028 29.5162 29.1386 28.311 25.8496 23.9454 22.0862 20.2859 18.8804 17.7133 16.4063 15.2982 14.3116 13.4145 12.5562 11.9071 11.2818 10.7533 10.2397 9.77201 9.38786 9.01049 8.65378 8.31649 7.98571 7.62851 7.26385 6.90542 6.58462 6.27929 5.97995 5.65571 5.30442 4.95886 4.68484 4.42362 4.174 3.94279 3.71695 3.57603 3.4892 3.4421 3.58871 3.74035 4.00912 4.29188 4.8261 5.42211 6.204 7.12295 8.17944 9.14222 10.7671 12.3985 13.8312 16.2078 18.5668 19.01 18.9759 18.9458 18.9197 18.8976 18.8794 18.8651 18.8547 18.848 18.845 18.8457 18.8501 18.8581 18.8695 18.8845 18.903 18.9248 18.95 18.9785 
42.3117 41.6519 41.0059 40.3734 39.7541 39.1479 38.5544 37.9735 37.405 36.8485 36.3039 35.771 35.2496 34.7395 34.2405 33.7523 33.2749 32.8081 32.3515 31.9052 31.4689 31.0426 30.6257 30.2185 29.8207 29.4322 29.0527 28.6822 27.8616 25.4072 23.5098 21.6576 19.8641 18.4653 17.305 16.0046 14.903 13.923 13.0324 12.1805 11.5368 10.9188 10.3966 9.88911 9.42765 9.0496 8.67829 8.32757 7.99623 7.67134 7.31998 6.9611 6.6084 6.29328 5.99358 5.69981 5.38109 5.03527 4.69513 4.42648 4.17057 3.92621 3.70021 3.47954 3.34373 3.26195 3.21985 3.37143 3.52797 3.80159 4.08916 4.62813 5.22885 6.01539 6.93894 7.99998 8.96727 10.5966 12.2324 13.6695 16.0504 18.4137 18.8611 18.831 18.8051 18.783 18.765 18.7508 18.7404 18.7338 18.7309 18.7317 18.7362 18.7442 18.7557 18.7708 18.7893 18.8112 18.8365 18.8651 18.8969 
41.7152 41.0631 40.4247 39.7998 39.188 38.5893 38.0033 37.4298 36.8685 36.3194 35.782 35.2563 34.7421 34.239 33.7471 33.2659 32.7954 32.3355 31.8858 31.4463 31.0167 30.597 30.1869 29.7863 29.395 29.0131 28.6399 28.2758 27.4615 25.0134 23.1222 21.2762 19.4888 18.0962 16.9418 15.6475 14.5518 13.5777 12.6929 11.8468 11.2088 10.5966 10.08 9.57809 9.12217 8.74961 8.38374 8.03842 7.71243 7.39284 7.04673 6.69305 6.34551 6.0355 5.74085 5.4521 5.13835 4.79744 4.46217 4.19834 3.94721 3.70758 3.48627 3.27023 3.13901 3.06177 3.02417 3.1802 3.34115 3.61912 3.91101 4.45425 5.05919 5.84991 6.77759 7.84271 8.81404 10.4473 12.0871 13.5281 15.9129 18.28 18.7311 18.7048 18.6825 18.6642 18.6497 18.639 18.6321 18.629 18.6295 18.6337 18.6415 18.6528 18.6676 18.6858 18.7075 18.7325 18.7608 18.7924 18.8273 
41.1876 40.5423 39.9109 39.2925 38.6875 38.0955 37.5161 36.9492 36.3945 35.8518 35.321 34.8017 34.2938 33.7971 33.3114 32.8365 32.3722 31.9184 31.4748 31.0414 30.6178 30.204 29.7998 29.4051 29.0197 28.6434 28.2761 27.9177 27.1091 24.6665 22.7809 20.9405 19.1585 17.7713 16.6224 15.3333 14.2429 13.2741 12.3945 11.5535 10.9206 10.3135 9.80191 9.30498 8.85399 8.48633 8.1253 7.78479 7.46355 7.14867 6.80723 6.45819 6.11523 5.80976 5.51962 5.23531 4.92598 4.58944 4.25851 3.99897 3.75208 3.51665 3.2995 3.08758 2.96043 2.88723 2.85363 3.01361 3.17847 3.46032 3.75603 4.30306 4.91174 5.70617 6.63752 7.70627 8.68118 10.318 11.9613 13.4057 15.794 18.1644 18.6189 18.5959 18.5769 18.5617 18.5504 18.5429 18.5391 18.539 18.5426 18.5498 18.5605 18.5747 18.5923 18.6134 18.6379 18.6656 18.6967 18.7309 18.7684 
40.7271 40.0878 39.4622 38.85 38.251 37.6648 37.0912 36.5304 35.9813 35.4443 34.9191 34.4055 33.9032 33.4121 32.9319 32.4625 32.0036 31.5552 31.117 30.6889 30.2706 29.8621 29.4631 29.0735 28.6932 28.322 27.9598 27.6064 26.8027 24.3651 22.4844 20.6487 18.8716 17.4891 16.3449 15.0606 13.9748 13.0106 12.1356 11.2991 10.6707 10.068 9.56084 9.06828 8.62162 8.25825 7.90147 7.56517 7.24811 6.93737 6.60003 6.25504 5.91611 5.61462 5.32842 5.04803 4.74256 4.40986 4.08272 3.82694 3.58377 3.35202 3.13852 2.93021 2.80663 2.73697 2.70687 2.87031 3.03859 3.32383 3.62289 4.17324 4.7852 5.58287 6.51743 7.58935 8.5674 10.2073 11.8536 13.3011 15.6924 18.0658 18.5232 18.5031 18.4869 18.4746 18.466 18.4613 18.4602 18.4628 18.469 18.4787 18.492 18.5088 18.5289 18.5525 18.5793 18.6095 18.6429 18.6795 18.7192 
40.3322 39.6982 39.0779 38.4707 37.8768 37.2957 36.7272 36.1711 35.6272 35.0952 34.5749 34.0662 33.5687 33.0824 32.607 32.1423 31.6882 31.2444 30.8109 30.3873 29.9736 29.5696 29.1751 28.79 28.4141 28.0473 27.6894 27.3403 26.541 24.1076 22.2311 20.3996 18.6266 17.2483 16.1081 14.8278 13.7461 12.7858 11.9147 11.0821 10.4576 9.85872 9.35537 8.86657 8.42364 8.06397 7.71086 7.37819 7.06472 6.75754 6.42373 6.08224 5.74678 5.44872 5.16592 4.88889 4.58676 4.25735 3.93348 3.68093 3.44097 3.21239 3.00203 2.79682 2.67632 2.6097 2.58261 2.74902 2.92026 3.20841 3.51036 4.06355 4.67834 5.4788 6.41611 7.49076 8.4715 10.1141 11.763 13.2131 15.6069 17.9829 18.4428 18.4252 18.4114 18.4015 18.3954 18.393 18.3942 18.3991 18.4076 18.4196 18.435 18.4539 18.4763 18.5019 18.5308 18.563 18.5985 18.637 18.6787 
40.0015 39.3719 38.7559 38.1531 37.5635 36.9867 36.4225 35.8706 35.3309 34.8031 34.2869 33.7823 33.2889 32.8066 32.3353 31.8746 31.4244 30.9846 30.5549 30.1353 29.7254 29.3252 28.9345 28.5532 28.181 27.8179 27.4636 27.1182 26.3224 23.8926 22.0197 20.1917 18.4222 17.0473 15.9106 14.6336 13.5553 12.5983 11.7306 10.9013 10.28 9.68435 9.1842 8.69857 8.25879 7.90222 7.55219 7.22257 6.91213 6.60795 6.2771 5.93855 5.606 5.31082 5.03088 4.75668 4.45735 4.13072 3.80959 3.55976 3.32248 3.09657 2.88884 2.68625 2.56833 2.50426 2.4797 2.64861 2.82232 3.11292 3.41729 3.97288 4.59003 5.39283 6.33245 7.40939 8.39239 10.0372 11.6884 13.1407 15.5366 17.9147 18.3767 18.3612 18.3495 18.3416 18.3374 18.337 18.3402 18.347 18.3574 18.3712 18.3886 18.4093 18.4334 18.4608 18.4915 18.5254 18.5625 18.6027 18.6461 
39.7337 39.1077 38.4952 37.896 37.3099 36.7366 36.1758 35.6274 35.0911 34.5667 34.0539 33.5526 33.0626 32.5836 32.1155 31.6581 31.2111 30.7745 30.348 29.9315 29.5248 29.1277 28.74 28.3617 27.9926 27.6325 27.2812 26.9387 26.1459 23.719 21.8489 20.0238 18.2571 16.8851 15.7511 14.477 13.4014 12.4471 11.582 10.7554 10.1368 9.54376 9.0462 8.56314 8.12591 7.77187 7.42434 7.0972 6.78921 6.48747 6.15904 5.82287 5.49268 5.19985 4.92223 4.65032 4.35326 4.02888 3.70999 3.46236 3.22727 3.00352 2.79793 2.59745 2.48163 2.41963 2.39712 2.56807 2.74379 3.03637 3.3427 3.90023 4.5193 5.324 6.2655 7.34429 8.32913 9.97577 11.6287 13.0828 15.4805 17.8603 18.324 18.3102 18.3001 18.2939 18.2913 18.2925 18.2973 18.3056 18.3175 18.3329 18.3517 18.3739 18.3995 18.4283 18.4604 18.4957 18.5342 18.5758 18.6204 
39.5278 38.9045 38.2948 37.6984 37.1149 36.5443 35.9862 35.4405 34.9068 34.385 33.8748 33.3761 32.8887 32.4122 31.9466 31.4917 31.0473 30.6131 30.1891 29.775 29.3707 28.976 28.5907 28.2148 27.848 27.4902 27.1412 26.801 26.0104 23.5857 21.7179 19.895 18.1305 16.7606 15.6288 14.3568 13.2833 12.3311 11.4681 10.6436 10.027 9.43596 8.94041 8.45933 8.02406 7.67196 7.32637 7.00114 6.69505 6.39517 6.0686 5.73428 5.40591 5.11488 4.83904 4.56891 4.27361 3.95096 3.63378 3.38785 3.15445 2.93236 2.72842 2.52957 2.41536 2.35496 2.33403 2.50654 2.6838 2.97791 3.28576 3.84478 4.46533 5.27149 6.21444 7.29466 8.28091 9.92894 11.5833 13.0387 15.4377 17.8189 18.2839 18.2713 18.2626 18.2576 18.2563 18.2587 18.2647 18.2742 18.2873 18.3039 18.3238 18.3472 18.3738 18.4038 18.4369 18.4733 18.5128 18.5554 18.6011 
39.3828 38.7615 38.1537 37.5592 36.9777 36.409 35.8528 35.3089 34.7771 34.2571 33.7488 33.2519 32.7663 32.2916 31.8278 31.3747 30.932 30.4996 30.0772 29.6649 29.2622 28.8692 28.4857 28.1114 27.7462 27.3901 27.0427 26.7041 25.9151 23.492 21.6258 19.8044 18.0415 16.6731 15.5428 14.2723 13.2003 12.2496 11.388 10.565 9.94981 9.36019 8.86604 8.38636 7.95248 7.60176 7.25752 6.93363 6.62888 6.33033 6.00506 5.67203 5.34495 5.0552 4.78061 4.51172 4.21765 3.89623 3.58026 3.33553 3.10331 2.88239 2.67961 2.48191 2.36884 2.30956 2.28974 2.46335 2.6417 2.93689 3.2458 3.80588 4.42747 5.23465 6.17862 7.25984 8.24708 9.8961 11.5514 13.0078 15.4078 17.7898 18.2558 18.2441 18.2363 18.2322 18.2318 18.235 18.2419 18.2523 18.2662 18.2835 18.3043 18.3284 18.3559 18.3866 18.4205 18.4576 18.4979 18.5412 18.5876 
39.2982 38.678 38.0714 37.478 36.8976 36.33 35.7749 35.2321 34.7014 34.1825 33.6752 33.1794 32.6948 32.2213 31.7585 31.3063 30.8646 30.4332 30.0119 29.6006 29.1989 28.8069 28.4243 28.051 27.6868 27.3316 26.9852 26.6475 25.8595 23.4373 21.5719 19.7515 17.9894 16.6219 15.4925 14.2229 13.1517 12.2019 11.3412 10.519 9.90468 9.31588 8.82256 8.3437 7.91061 7.56069 7.21724 6.89414 6.59016 6.29238 5.96788 5.63561 5.30927 5.02025 4.7464 4.47824 4.18489 3.86418 3.54891 3.30488 3.07334 2.85311 2.65101 2.45398 2.34156 2.28294 2.26377 2.43802 2.617 2.91282 3.22234 3.78304 4.40523 5.21302 6.15757 7.23938 8.2272 9.87679 11.5327 12.9896 15.3901 17.7727 18.2393 18.2281 18.2208 18.2172 18.2173 18.221 18.2284 18.2393 18.2537 18.2716 18.2927 18.3173 18.3452 18.3764 18.4108 18.4483 18.489 18.5328 18.5796 
39.2736 38.6537 38.0474 37.4543 36.8742 36.3069 35.7522 35.2097 34.6793 34.1607 33.6537 33.1582 32.6739 32.2006 31.7381 31.2863 30.8449 30.4138 29.9928 29.5817 29.1804 28.7886 28.4063 28.0332 27.6693 27.3144 26.9683 26.6308 25.8431 23.4212 21.556 19.7359 17.9741 16.6068 15.4777 14.2083 13.1374 12.1878 11.3274 10.5053 9.89127 9.30272 8.80963 8.33099 7.89814 7.54844 7.20522 6.88235 6.57859 6.28102 5.95674 5.62468 5.29855 5.00975 4.73611 4.46815 4.175 3.85449 3.53943 3.29559 3.06426 2.84422 2.64231 2.44546 2.33326 2.27481 2.25582 2.43025 2.60946 2.9054 3.21511 3.77597 4.39834 5.2063 6.15102 7.233 8.22098 9.87073 11.5268 12.9838 15.3845 17.7673 18.234 18.223 18.2158 18.2124 18.2126 18.2165 18.224 18.2351 18.2496 18.2675 18.2889 18.3136 18.3417 18.373 18.4075 18.4451 18.4859 18.5298 18.5767 
39.3087 38.6884 38.0816 37.488 36.9075 36.3397 35.7845 35.2415 34.7106 34.1916 33.6842 33.1882 32.7034 32.2297 31.7668 31.3145 30.8727 30.4411 30.0197 29.6082 29.2064 28.8142 28.4315 28.058 27.6937 27.3383 26.9918 26.654 25.8658 23.4435 21.578 19.7574 17.9952 16.6276 15.4981 14.2283 13.1571 12.2071 11.3463 10.5239 9.90949 9.32057 8.82713 8.34815 7.91495 7.56491 7.22135 6.89814 6.59404 6.29615 5.97153 5.63915 5.3127 5.02358 4.74963 4.48136 4.1879 3.86708 3.55172 3.30758 3.07595 2.85562 2.65341 2.45628 2.34378 2.28506 2.2658 2.43995 2.61884 2.91457 3.224 3.78461 4.40672 5.21442 6.15889 7.24061 8.22834 9.87785 11.5336 12.9905 15.3909 17.7735 18.2399 18.2287 18.2213 18.2176 18.2177 18.2214 18.2286 18.2394 18.2538 18.2715 18.2927 18.3172 18.3451 18.3762 18.4105 18.448 18.4886 18.5323 18.5791 
39.4037 38.7821 38.174 37.5792 36.9974 36.4284 35.8719 35.3277 34.7956 34.2753 33.7667 33.2695 32.7835 32.3086 31.8445 31.3911 30.9481 30.5154 30.0928 29.6801 29.2772 28.8839 28.5 28.1255 27.76 27.4036 27.056 26.7171 25.9279 23.5045 21.6379 19.8163 18.0531 16.6845 15.554 14.2832 13.2109 12.26 11.3982 10.5749 9.95946 9.36959 8.87521 8.3953 7.96117 7.61022 7.26575 6.94164 6.63665 6.33788 6.01239 5.67914 5.35184 5.06187 4.78708 4.51798 4.2237 3.90207 3.58589 3.34099 3.10853 2.88745 2.68445 2.48655 2.37329 2.31383 2.29382 2.46724 2.64541 2.94041 3.24914 3.80905 4.43046 5.23748 6.18127 7.26234 8.2494 9.89826 11.5534 13.0096 15.4094 17.7913 18.2572 18.2454 18.2374 18.2331 18.2326 18.2357 18.2424 18.2526 18.2664 18.2836 18.3043 18.3283 18.3556 18.3862 18.42 18.457 18.4971 18.5403 18.5866 
39.558 38.9343 38.3242 37.7273 37.1435 36.5725 36.014 35.4678 34.9337 34.4115 33.901 33.4019 32.914 32.4371 31.9712 31.5158 31.071 30.6364 30.212 29.7975 29.3928 28.9977 28.6121 28.2357 27.8685 27.5103 27.161 26.8204 26.0294 23.6044 21.7362 19.9129 18.148 16.7777 15.6456 14.3732 13.2993 12.3467 11.4834 10.6585 10.0415 9.45013 8.95421 8.47278 8.03716 7.68471 7.33877 7.0132 6.70677 6.40656 6.07965 5.745 5.41631 5.12496 4.8488 4.57835 4.28273 3.9598 3.64229 3.39606 3.16235 2.93997 2.73573 2.53659 2.4221 2.36142 2.3402 2.51243 2.68942 2.98326 3.29083 3.8496 4.46989 5.27579 6.21848 7.29845 8.28444 9.93224 11.5863 13.0415 15.4403 17.8212 18.286 18.2732 18.2643 18.259 18.2575 18.2597 18.2655 18.2749 18.2877 18.3041 18.3238 18.347 18.3734 18.4032 18.4362 18.4724 18.5117 18.5542 18.5997 
39.7719 39.1454 38.5324 37.9328 37.3462 36.7724 36.2112 35.6623 35.1255 34.6006 34.0874 33.5856 33.0951 32.6157 32.1471 31.6892 31.2418 30.8047 30.3777 29.9607 29.5535 29.1559 28.7678 28.3891 28.0194 27.6588 27.3071 26.9641 26.1709 23.7435 21.8729 20.0474 18.2802 16.9077 15.7733 14.4986 13.4226 12.4678 11.6023 10.7752 10.1562 9.56264 9.06463 8.58112 8.14343 7.78893 7.44096 7.11337 6.80494 6.50275 6.17388 5.83728 5.50665 5.21339 4.93534 4.66301 4.36554 4.04075 3.72144 3.47341 3.23792 3.01377 2.80779 2.60692 2.49072 2.42835 2.40546 2.57604 2.75139 3.04361 3.34958 3.90676 4.52548 5.32984 6.271 7.34946 8.33396 9.98028 11.6329 13.0866 15.484 17.8635 18.327 18.3128 18.3025 18.2959 18.2931 18.294 18.2985 18.3065 18.3182 18.3333 18.3518 18.3738 18.3991 18.4277 18.4595 18.4946 18.5328 18.5742 18.6186 
40.0464 39.4163 38.7997 38.1965 37.6064 37.0291 36.4644 35.912 35.3718 34.8435 34.3269 33.8217 33.3278 32.845 32.3731 31.9119 31.4613 31.0209 30.5907 30.1705 29.7601 29.3594 28.9682 28.5863 28.2136 27.8499 27.4952 27.1491 26.3529 23.9225 22.049 20.2205 18.4505 17.075 15.9378 14.6603 13.5814 12.6239 11.7556 10.9258 10.304 9.70778 9.20709 8.72092 8.2806 7.9235 7.57294 7.24279 6.93182 6.62711 6.29574 5.95666 5.62358 5.32789 5.04742 4.7727 4.47286 4.14571 3.82408 3.57374 3.33596 3.10956 2.90134 2.69826 2.57986 2.51532 2.49029 2.65875 2.832 3.12214 3.42607 3.98122 4.59793 5.4003 6.3395 7.41602 8.39861 10.043 11.6938 13.1457 15.5412 17.9189 18.3806 18.3647 18.3526 18.3443 18.3398 18.339 18.3419 18.3483 18.3583 18.3719 18.3889 18.4093 18.4331 18.4602 18.4905 18.5242 18.561 18.6009 18.644 
40.3825 39.748 39.1271 38.5196 37.9252 37.3436 36.7747 36.2181 35.6737 35.1412 34.6204 34.1111 33.6132 33.1263 32.6504 32.1852 31.7305 31.2862 30.8521 30.428 30.0137 29.6092 29.2141 28.8285 28.452 28.0846 27.7261 27.3764 26.5765 24.1425 22.2655 20.4334 18.6598 17.2809 16.1401 14.8592 13.7769 12.816 11.9443 11.1111 10.486 9.88652 9.38257 8.89317 8.44963 8.08935 7.73564 7.40237 7.0883 6.78052 6.44611 6.10401 5.76795 5.46929 5.18589 4.90827 4.60554 4.27554 3.95108 3.69794 3.45739 3.22822 3.01728 2.81149 2.69042 2.62323 2.59558 2.76144 2.93213 3.21973 3.52115 4.07381 4.68808 5.48802 6.42482 7.49897 8.47921 10.1213 11.7698 13.2194 15.6127 17.9882 18.4477 18.4296 18.4154 18.4051 18.3985 18.3956 18.3965 18.4009 18.409 18.4206 18.4357 18.4542 18.4761 18.5014 18.53 18.5618 18.5969 18.6351 18.6764 
40.7815 40.1419 39.5159 38.9033 38.3038 37.7172 37.1433 36.5817 36.0323 35.4949 34.9693 34.4552 33.9524 33.4608 32.9801 32.5101 32.0508 31.6018 31.1631 30.7344 30.3156 29.9065 29.5069 29.1168 28.7359 28.3641 28.0013 27.6472 26.843 24.4047 22.5234 20.6872 18.9094 17.5263 16.3815 15.0965 14.0101 13.0452 12.1695 11.3324 10.7034 10.1 9.5922 9.09898 8.65166 8.28763 7.93019 7.59323 7.2755 6.9641 6.62609 6.28044 5.94084 5.63868 5.35182 5.07076 4.76463 4.43126 4.10346 3.84701 3.60318 3.37077 3.15661 2.94764 2.82341 2.75309 2.72234 2.88513 3.05278 3.33739 3.63583 4.18556 4.79691 5.59398 6.52794 7.59927 8.57674 10.2161 11.8619 13.3088 15.6995 18.0723 18.5292 18.5086 18.4919 18.479 18.47 18.4647 18.4632 18.4653 18.471 18.4803 18.4931 18.5094 18.5291 18.5522 18.5786 18.6084 18.6414 18.6775 18.7169 
41.2449 40.5994 39.9675 39.349 38.7437 38.1513 37.5716 37.0043 36.4493 35.9062 35.3749 34.8552 34.3469 33.8498 33.3636 32.8882 32.4235 31.9691 31.5251 31.0911 30.667 30.2527 29.8479 29.4526 29.0666 28.6898 28.3219 27.9629 27.1537 24.7105 22.8243 20.9832 19.2006 17.8127 16.6631 15.3734 14.2824 13.3128 12.4326 11.591 10.9574 10.3495 9.83728 9.33965 8.88797 8.5196 8.15787 7.81664 7.49469 7.1791 6.83694 6.48718 6.1435 5.83731 5.54644 5.26141 4.95135 4.61409 4.28242 4.02215 3.77454 3.53838 3.3205 3.10786 2.97998 2.90606 2.87174 3.03099 3.19513 3.47626 3.77126 4.31758 4.92557 5.71931 6.64998 7.71806 8.69231 10.3285 11.9711 13.4149 15.8025 18.1724 18.6263 18.6027 18.583 18.5673 18.5554 18.5473 18.543 18.5423 18.5453 18.552 18.5622 18.5758 18.593 18.6136 18.6375 18.6648 18.6953 18.7291 18.7661 
41.7745 41.1222 40.4836 39.8584 39.2465 38.6475 38.0612 37.4875 36.926 36.3765 35.8389 35.3129 34.7983 34.2949 33.8025 33.321 32.8501 32.3897 31.9395 31.4995 31.0695 30.6493 30.2387 29.8375 29.4457 29.0631 28.6895 28.3248 27.51 25.0613 23.1695 21.3229 19.5348 18.1415 16.9866 15.6916 14.5952 13.6204 12.735 11.8882 11.2495 10.6365 10.1192 9.6166 9.15995 8.78667 8.42006 8.074 7.74725 7.42691 7.08004 6.7256 6.3773 6.06651 5.7711 5.48156 5.16704 4.82535 4.4893 4.22469 3.97277 3.73235 3.51025 3.29342 3.16141 3.08338 3.045 3.20024 3.3604 3.63759 3.92869 4.47114 5.0753 5.86525 6.79216 7.85653 8.82712 10.4597 12.0987 13.539 15.9231 18.2895 18.7399 18.713 18.69 18.671 18.6558 18.6445 18.637 18.6332 18.6332 18.6367 18.6439 18.6546 18.6689 18.6865 18.7076 18.7321 18.7599 18.791 18.8253 
42.373 41.7129 41.0667 40.4339 39.8144 39.208 38.6143 38.0331 37.4643 36.9076 36.3628 35.8297 35.308 34.7977 34.2984 33.8099 33.3322 32.865 32.4081 31.9614 31.5247 31.0979 30.6807 30.2731 29.8748 29.4857 29.1057 28.7347 27.9136 25.4586 23.5606 21.7078 19.9137 18.5143 17.3534 16.0524 14.9501 13.9694 13.0781 12.2256 11.5811 10.9625 10.4395 9.93131 9.46911 9.09032 8.71825 8.36677 8.03465 7.70898 7.35683 6.99716 6.64367 6.32774 6.02723 5.73265 5.41311 5.06646 4.7255 4.45602 4.19927 3.95408 3.72724 3.50572 3.36907 3.28644 3.24351 3.39423 3.54993 3.8227 4.10942 4.64754 5.24741 6.03311 6.95581 8.01601 8.98247 10.611 12.2459 13.6822 16.0624 18.4249 18.8715 18.8408 18.814 18.7913 18.7725 18.7575 18.7465 18.7392 18.7356 18.7358 18.7395 18.7469 18.7578 18.7723 18.7902 18.8115 18.8361 18.8641 18.8954 
43.042 42.3735 41.7188 41.0776 40.4498 39.835 39.2331 38.6437 38.0668 37.502 36.9491 36.408 35.8784 35.3602 34.8531 34.357 33.8716 33.3969 32.9325 32.4784 32.0343 31.6001 31.1757 30.7608 30.3554 29.9592 29.5722 29.1941 28.366 25.9041 23.9993 22.1397 20.3388 18.9327 17.7651 16.4575 15.3487 14.3615 13.4637 12.6047 11.9539 11.329 10.7998 10.2854 9.817 9.4321 9.05397 8.69649 8.35842 8.02685 7.66885 7.30338 6.94413 6.6225 6.31634 6.01615 5.69107 5.33892 4.9925 4.71761 4.45552 4.20501 3.97293 3.7462 3.60439 3.51666 3.46867 3.61438 3.76512 4.03298 4.31484 4.84815 5.44326 6.22424 7.14228 8.19786 9.15974 10.7837 12.4142 13.846 16.2218 18.58 19.0223 18.9873 18.9564 18.9295 18.9066 18.8877 18.8726 18.8614 18.854 18.8503 18.8503 18.8539 18.8611 18.8719 18.8862 18.904 18.9252 18.9498 18.9776 
43.7833 43.1055 42.4415 41.7911 41.1541 40.5302 39.9193 39.3209 38.7351 38.1614 37.5997 37.0499 36.5116 35.9847 35.469 34.9644 34.4706 33.9874 33.5147 33.0523 32.6001 32.1578 31.7253 31.3025 30.8892 30.4852 30.0905 29.7047 28.869 26.3995 24.4871 22.62 20.8117 19.3983 18.2233 16.9085 15.7925 14.7981 13.8933 13.0272 12.3695 11.7376 11.2015 10.6803 10.2052 9.81358 9.4288 9.06473 8.72012 8.38206 8.01763 7.64578 7.28021 6.95232 6.63994 6.33359 6.00241 5.6442 5.29179 5.01096 4.74298 4.48664 4.24878 4.01633 3.86884 3.77549 3.72193 3.86214 4.00742 4.26987 4.54638 5.07439 5.66425 6.44004 7.35294 8.40344 9.36028 10.9792 12.6048 14.0318 16.4027 18.7561 19.1937 19.154 19.1185 19.087 19.0596 19.0362 19.0168 19.0012 18.9895 18.9815 18.9773 18.9768 18.98 18.9868 18.9971 19.011 19.0283 19.049 19.0732 
44.5985 43.9105 43.2365 42.5761 41.9291 41.2954 40.6745 40.0664 39.4708 38.8878 38.3163 37.7569 37.2091 36.6728 36.1478 35.6339 35.1308 34.6385 34.1567 33.6853 33.2241 32.7729 32.3316 31.9001 31.4781 31.0655 30.6622 30.2681 29.424 26.9463 25.0257 23.1505 21.3341 19.9126 18.7297 17.4069 16.2831 15.281 14.3684 13.4947 12.8293 12.1899 11.6464 11.1177 10.6352 10.2363 9.84428 9.47301 9.12127 8.77614 8.4047 8.02589 7.65343 7.3187 6.99954 6.68648 6.34863 5.98382 5.62487 5.33755 5.06314 4.80044 4.55626 4.31755 4.16387 4.06439 4.00475 4.13893 4.27825 4.53479 4.80545 5.32767 5.9118 6.68191 7.58919 8.63412 9.58546 11.199 12.8191 14.2408 16.6064 18.9546 19.387 19.3422 19.3016 19.2651 19.2328 19.2045 19.1802 19.1599 19.1434 19.1308 19.122 19.117 19.1157 19.118 19.124 19.1336 19.1466 19.1632 19.1832 
45.4891 44.7902 44.1052 43.434 42.7763 42.1319 41.5004 40.8818 40.2757 39.6819 39.1003 38.5306 37.9726 37.4261 36.891 36.367 35.854 35.3518 34.8602 34.379 33.9081 33.4473 32.9964 32.5554 32.124 31.7021 31.2895 30.8861 30.0329 27.5461 25.6166 23.7326 21.9074 20.4773 19.2858 17.9544 16.8221 15.8115 14.8906 14.0086 13.335 12.6874 12.1358 11.5991 11.1086 10.7018 10.3019 9.92283 9.56336 9.21057 8.83152 8.44518 8.06525 7.72311 7.3966 7.07625 6.73118 6.35921 5.99316 5.69881 5.41743 5.14781 4.89679 4.6513 4.4909 4.38475 4.31851 4.44616 4.579 4.82913 5.09344 5.60937 6.18726 6.95121 7.85238 8.89127 9.83662 11.4442 13.0585 14.4743 16.8343 19.1767 19.6035 19.5531 19.507 19.4651 19.4274 19.3938 19.3642 19.3386 19.3171 19.2994 19.2856 19.2756 19.2694 19.2669 19.2681 19.273 19.2814 19.2934 19.3089 
46.4564 45.7457 45.0491 44.3663 43.6971 43.0411 42.3983 41.7684 41.1509 40.5459 39.9531 39.3724 38.8034 38.246 37.7 37.1652 36.6415 36.1286 35.6264 35.1347 34.6534 34.1823 33.7211 33.2699 32.8283 32.3963 31.9738 31.5605 30.6975 28.2009 26.2617 24.368 22.5333 21.0937 19.8929 18.5523 17.4109 16.3912 15.4613 14.5704 13.8879 13.2315 12.6711 12.1258 11.6267 11.2113 10.803 10.4156 10.0478 9.68672 9.29949 8.90503 8.51704 8.16691 7.83248 7.50428 7.15142 6.77174 6.39803 6.0961 5.80719 5.53012 5.27171 5.0189 4.85124 4.73791 4.66455 4.78513 4.91099 5.15419 5.41164 5.92078 6.49195 7.24923 8.14381 9.17616 10.115 11.7162 13.3242 14.7338 17.0875 19.4238 19.8445 19.7881 19.736 19.6882 19.6446 19.6052 19.57 19.5388 19.5116 19.4885 19.4692 19.4539 19.4424 19.4346 19.4307 19.4304 19.4338 19.4408 19.4514 
47.5016 46.7784 46.0693 45.3741 44.6925 44.0243 43.3693 42.7272 42.0977 41.4808 40.8761 40.2835 39.7027 39.1336 38.576 38.0297 37.4945 36.9702 36.4567 35.9538 35.4613 34.9791 34.5069 34.0447 33.5923 33.1496 32.7163 32.2924 31.4189 28.9118 26.9622 25.0583 23.2133 21.7636 20.5527 19.2021 18.0507 17.0213 16.0817 15.1812 14.4893 13.8234 13.2537 12.6991 12.1908 11.7663 11.3489 10.9524 10.5757 10.2058 9.80982 9.40665 9.01003 8.65133 8.30841 7.97179 7.61058 7.22261 6.8407 6.53062 6.23365 5.94858 5.68224 5.42157 5.24613 5.12507 5.04406 5.15707 5.27542 5.51118 5.76126 6.2631 6.82704 7.57716 8.46465 9.48998 10.4219 12.0162 13.6174 15.0202 17.3672 19.6969 20.1111 20.0482 19.9897 19.9355 19.8857 19.8401 19.7987 19.7614 19.7283 19.6991 19.674 19.6529 19.6356 19.6223 19.6127 19.6069 19.6049 19.6065 19.6118 
48.6254 47.8889 47.1666 46.4582 45.7636 45.0823 44.4143 43.7593 43.117 42.4873 41.87 41.2647 40.6715 40.0899 39.52 38.9614 38.414 37.8776 37.352 36.8371 36.3328 35.8387 35.355 34.881 34.4171 33.9628 33.5182 33.0829 32.1981 29.6799 27.7193 25.8043 23.9485 22.4879 21.2663 19.905 18.7431 17.7032 16.7532 15.8423 15.1402 14.4643 13.8845 13.32 12.8019 12.3677 11.9406 11.5345 11.1483 10.769 10.3636 9.95113 9.54528 9.17744 8.82546 8.47984 8.10971 7.7129 7.32222 7.00345 6.69786 6.40424 6.12943 5.86037 5.6766 5.5473 5.45811 5.56302 5.67334 5.90115 6.14335 6.63739 7.19359 7.93605 8.81595 9.83376 10.7583 12.3452 13.9391 15.3346 17.6745 19.9971 20.4043 20.3345 20.2691 20.2082 20.1516 20.0993 20.0513 20.0075 19.9679 19.9324 19.901 19.8736 19.8502 19.8308 19.8152 19.8035 19.7956 19.7914 19.791 
49.8283 49.0778 48.3415 47.6192 46.9106 46.2156 45.5338 44.8652 44.2093 43.5661 42.9354 42.3168 41.7103 41.1156 40.5325 39.9609 39.4006 38.8513 38.313 37.7854 37.2684 36.7619 36.2656 35.7794 35.3032 34.8367 34.38 33.9328 33.036 30.506 28.5336 26.607 24.7395 23.2675 22.0344 20.6619 19.4887 18.4376 17.4766 16.5548 15.8417 15.155 14.5645 13.9894 13.4608 13.0162 12.5789 12.1627 11.7663 11.3769 10.9616 10.5393 10.1236 9.74607 9.38445 9.02927 8.64966 8.24345 7.84344 7.51543 7.20067 6.89797 6.61415 6.33615 6.14353 6.00545 5.90756 6.00385 6.10562 6.32497 6.55878 7.0445 7.59246 8.32677 9.19858 10.2084 11.125 12.704 14.2901 15.678 18.0103 20.3253 20.725 20.6478 20.5751 20.5069 20.4432 20.3838 20.3287 20.278 20.2315 20.1892 20.151 20.117 20.087 20.0611 20.0391 20.021 20.0068 19.9965 19.9899 
51.1094 50.3444 49.5937 48.8569 48.1338 47.4242 46.728 46.045 45.3748 44.7174 44.0725 43.4398 42.8193 42.2107 41.6138 41.0285 40.4545 39.8917 39.3399 38.7989 38.2686 37.7488 37.2394 36.7402 36.251 35.7717 35.3022 34.8422 33.9329 31.3904 29.4056 27.4666 25.5869 24.1028 22.8576 21.4731 20.288 19.2252 18.2524 17.319 16.5944 15.8962 15.2945 14.7081 14.1683 13.7127 13.2644 12.8374 12.4303 12.0303 11.6044 11.1716 10.7456 10.3578 9.98597 9.62067 9.23102 8.81485 8.40497 8.06716 7.74269 7.43036 7.13699 6.84953 6.64753 6.50014 6.39304 6.48019 6.5729 6.78327 7.00818 7.48508 8.02432 8.74996 9.6132 10.6145 11.5227 13.0934 14.6712 16.0509 18.3751 20.6821 21.0739 20.9888 20.9084 20.8325 20.7611 20.6942 20.6317 20.5735 20.5197 20.4702 20.4248 20.3837 20.3467 20.3138 20.285 20.2602 20.2393 20.2223 20.2092 
52.4681 51.6879 50.922 50.1701 49.432 48.7075 47.9963 47.2983 46.6132 45.9408 45.281 44.6336 43.9984 43.3751 42.7637 42.1639 41.5756 40.9985 40.4325 39.8775 39.3332 38.7995 38.2762 37.7633 37.2605 36.7677 36.2847 35.8114 34.8888 32.3331 30.3352 28.3833 26.4907 24.9937 23.7359 22.3388 21.1412 20.0659 19.0808 18.1352 17.3984 16.6882 16.0745 15.4762 14.9247 14.4574 13.9975 13.559 13.1405 12.7293 12.2923 11.8485 11.4116 11.0129 10.6303 10.2543 9.85407 9.4274 9.0071 8.65896 8.32425 8.00176 7.69831 7.40086 7.18895 7.03175 6.91491 6.99241 7.07555 7.27644 7.49195 7.95954 8.48955 9.20605 10.0602 11.0526 11.9518 13.5137 15.0829 16.4539 18.7695 21.0681 21.4515 21.3581 21.2694 21.1853 21.1059 21.031 20.9606 20.8946 20.833 20.7758 20.7229 20.6743 20.6298 20.5896 20.5535 20.5215 20.4935 20.4695 20.4495 
53.9034 53.1073 52.3255 51.5579 50.8041 50.0639 49.3372 48.6236 47.9231 47.2353 46.5601 45.8972 45.2466 44.6081 43.9814 43.3665 42.7631 42.1711 41.5903 41.0205 40.4615 39.9133 39.3755 38.8482 38.3311 37.8241 37.327 36.8397 35.9032 33.3337 31.3221 29.3566 27.4505 25.9401 24.6689 23.2586 22.0478 20.9595 19.9615 19.003 18.2535 17.5307 16.9044 16.2936 15.7298 15.2502 14.7781 14.3275 13.8971 13.474 13.0252 12.5698 12.1213 11.7112 11.3173 10.9301 10.5188 10.0811 9.64981 9.29081 8.94533 8.61215 8.29812 7.99016 7.76783 7.6003 7.47322 7.54057 7.61365 7.80457 8.01019 8.46798 8.98827 9.69515 10.5398 11.5227 12.4126 13.9652 15.5251 16.8871 19.1937 21.4833 21.8578 21.7557 21.6583 21.5657 21.4777 21.3944 21.3157 21.2415 21.1717 21.1064 21.0455 20.9889 20.9367 20.8886 20.8449 20.8052 20.7698 20.7384 20.711 
55.4138 54.6011 53.8028 53.0187 52.2485 51.492 50.7491 50.0193 49.3027 48.5989 47.9077 47.229 46.5626 45.9082 45.2657 44.635 44.016 43.4083 42.812 42.2268 41.6525 41.089 40.5362 39.9938 39.4618 38.94 38.4281 37.9262 36.9752 34.3913 32.3653 30.3855 28.4653 26.9409 25.6558 24.2316 23.0072 21.9052 20.8937 19.9217 19.1589 18.4228 17.7834 17.1597 16.5829 16.0904 15.6057 15.1424 14.6995 14.2639 13.8028 13.3351 12.8745 12.4524 12.0466 11.6477 11.2247 10.7754 10.3327 9.96233 9.60556 9.2612 8.93607 8.61711 8.38387 8.20551 8.06771 8.12441 8.18695 8.36741 8.56267 9.01018 9.52029 10.2171 11.0517 12.0247 12.9047 14.4477 15.9979 17.3503 19.6474 21.9277 22.2929 22.1816 22.0751 21.9735 21.8766 21.7844 21.6969 21.6141 21.5358 21.462 21.3926 21.3277 21.2672 21.211 21.1592 21.1116 21.0682 21.029 20.9939 
56.9971 56.1672 55.3517 54.5505 53.7633 52.9899 52.23 51.4835 50.7501 50.0296 49.3219 48.6267 47.9438 47.2731 46.6144 45.9675 45.3321 44.7083 44.0958 43.4946 42.9044 42.3251 41.7565 41.1985 40.6509 40.1137 39.5865 39.0694 38.1033 35.5043 33.4634 31.4688 29.5339 27.9949 26.6952 25.2567 24.0179 22.9018 21.8761 20.8902 20.1135 19.3636 18.7105 18.0731 17.4829 16.9771 16.479 16.0026 15.5466 15.098 14.6241 14.1436 13.6704 13.2357 12.8175 12.4062 11.971 11.5097 11.055 10.6727 10.3042 9.94816 9.61144 9.28099 9.03636 8.84671 8.6977 8.7433 8.79482 8.96436 9.1488 9.58558 10.085 10.7713 11.5955 12.5581 13.4279 14.9606 16.5008 17.8432 20.1305 22.4009 22.7564 22.6355 22.5195 22.4084 22.3022 22.2008 22.1041 22.0121 21.9249 21.8422 21.7641 21.6904 21.6213 21.5566 21.4963 21.4403 21.3886 21.3412 21.298 
58.6504 57.8027 56.9694 56.1505 55.3457 54.5547 53.7773 53.0133 52.2626 51.5248 50.7999 50.0876 49.3877 48.7001 48.0245 47.3608 46.7088 46.0684 45.4393 44.8215 44.2148 43.619 43.0342 42.46 41.8963 41.343 40.8 40.2671 39.2852 36.6707 34.6143 32.6043 30.6541 29.0999 27.7853 26.3317 25.0781 23.9473 22.9069 21.9065 21.1154 20.3512 19.6839 19.0324 18.4282 17.9084 17.3966 16.9065 16.4369 15.9749 15.4876 14.9939 14.5074 14.0597 13.6286 13.2044 12.7565 12.2825 11.8154 11.4208 11.04 10.6719 10.3231 9.9807 9.72422 9.52282 9.36215 9.3962 9.43626 9.59444 9.76761 10.1932 10.6816 11.3569 12.1702 13.122 13.9811 15.5033 17.033 18.365 20.6419 22.9022 23.2476 23.1166 22.9907 22.8698 22.7538 22.6427 22.5365 22.4351 22.3385 22.2465 22.1592 22.0765 21.9984 21.9248 21.8557 21.7909 21.7306 21.6747 21.623 
60.37 59.5039 58.6523 57.8151 56.992 56.1828 55.3874 54.6054 53.8368 53.0812 52.3385 51.6085 50.8911 50.1859 49.4929 48.8119 48.1427 47.4851 46.839 46.2042 45.5806 44.9679 44.3662 43.7752 43.1949 42.6251 42.0656 41.5164 40.5183 37.8877 35.8153 33.7895 31.8235 30.2536 28.9234 27.4544 26.1854 25.0393 23.9838 22.9684 22.1623 21.3833 20.7013 20.0353 19.4165 18.8825 18.3564 17.8521 17.3685 16.8925 16.3913 15.8839 15.3839 14.9226 14.4781 14.0406 13.5795 13.0925 12.6123 12.2049 11.8114 11.4307 11.0694 10.7146 10.4459 10.2323 10.0596 10.0816 10.1098 10.2562 10.4177 10.8318 11.3087 11.9726 12.7746 13.7153 14.5633 16.0745 17.5933 18.9145 21.1807 23.4304 23.7653 23.6239 23.4877 23.3566 23.2305 23.1094 22.9933 22.8821 22.7757 22.6741 22.5773 22.4851 22.3977 22.3148 22.2365 22.1628 22.0935 22.0286 21.9682 
