# Please cite arXiv:2008.xxxxx
# The chisq test statistic between a given point in parameter space and the data including pulls from Daya Bay and KamLAND and marginalization over the other four oscillation parameters for a fixed MO
# The first two rows define the grid:
#   delta
#   s23sq
# The remaining rows are the chisq test statistic where the first row is at delta=0 and at increasing values of s23sq. The remaining rows are increasing values of delta.
0 0.0628319 0.125664 0.188496 0.251327 0.314159 0.376991 0.439823 0.502655 0.565487 0.628319 0.69115 0.753982 0.816814 0.879646 0.942478 1.00531 1.06814 1.13097 1.19381 1.25664 1.31947 1.3823 1.44513 1.50796 1.5708 1.63363 1.69646 1.75929 1.82212 1.88496 1.94779 2.01062 2.07345 2.13628 2.19911 2.26195 2.32478 2.38761 2.45044 2.51327 2.57611 2.63894 2.70177 2.7646 2.82743 2.89027 2.9531 3.01593 3.07876 3.14159 3.20442 3.26726 3.33009 3.39292 3.45575 3.51858 3.58142 3.64425 3.70708 3.76991 3.83274 3.89557 3.95841 4.02124 4.08407 4.1469 4.20973 4.27257 4.3354 4.39823 4.46106 4.52389 4.58673 4.64956 4.71239 4.77522 4.83805 4.90088 4.96372 5.02655 5.08938 5.15221 5.21504 5.27788 5.34071 5.40354 5.46637 5.5292 5.59203 5.65487 5.7177 5.78053 5.84336 5.90619 5.96903 6.03186 6.09469 6.15752 6.22035 6.28319 
0.3 0.304 0.308 0.312 0.316 0.32 0.324 0.328 0.332 0.336 0.34 0.344 0.348 0.352 0.356 0.36 0.364 0.368 0.372 0.376 0.38 0.384 0.388 0.392 0.396 0.4 0.404 0.408 0.412 0.416 0.42 0.424 0.428 0.432 0.436 0.44 0.444 0.448 0.452 0.456 0.46 0.464 0.468 0.472 0.476 0.48 0.484 0.488 0.492 0.496 0.5 0.504 0.508 0.512 0.516 0.52 0.524 0.528 0.532 0.536 0.54 0.544 0.548 0.552 0.556 0.56 0.564 0.568 0.572 0.576 0.58 0.584 0.588 0.592 0.596 0.6 0.604 0.608 0.612 0.616 0.62 0.624 0.628 0.632 0.636 0.64 0.644 0.648 0.652 0.656 0.66 0.664 0.668 0.672 0.676 0.68 0.684 0.688 0.692 0.696 0.7 
80.7404 75.3107 70.184 65.3489 60.7938 56.5077 52.4796 48.6989 45.155 41.8377 38.7369 35.843 33.1462 30.6373 28.3071 26.1467 24.1475 22.3009 20.5989 19.0333 17.5964 16.2806 15.0786 13.9834 12.988 12.0858 11.2704 10.5355 9.87526 9.28383 8.75571 8.28562 7.86846 7.49941 7.17382 6.8873 6.63567 6.415 6.22155 6.05183 5.90257 5.77072 5.65345 5.54818 5.45254 5.36437 5.28176 5.20303 5.12669 5.05152 4.97649 4.90083 4.82395 4.74553 4.66546 4.58385 4.50104 4.4176 4.33432 4.25223 4.17256 4.0968 4.02664 3.964 3.91104 3.87014 3.84389 3.83513 3.84692 3.88254 3.94549 4.03952 4.16858 4.33687 4.54879 4.809 5.12234 5.49392 5.92906 6.43329 7.01239 7.67235 8.41939 9.25996 10.2007 11.2486 12.4106 13.6943 15.107 16.6567 18.3513 20.1991 22.2085 24.3882 26.7472 29.2946 32.0396 34.992 38.1615 41.558 45.192 
81.3268 75.8937 70.7637 65.925 61.3665 57.0768 53.0452 49.2608 45.7133 42.3923 39.2878 36.3901 33.6895 31.1768 28.8427 26.6785 24.6754 22.8249 21.1189 19.5493 18.1084 16.7887 15.5827 14.4835 13.484 12.5778 11.7583 11.0194 10.355 9.75949 9.22728 8.75308 8.33183 7.95866 7.62895 7.33832 7.08258 6.85779 6.66022 6.48638 6.333 6.19703 6.07566 5.96628 5.86652 5.77426 5.68755 5.60472 5.5243 5.44505 5.36594 5.2862 5.20527 5.12279 5.03867 4.95302 4.86618 4.77872 4.69143 4.60533 4.52167 4.44192 4.36778 4.30117 4.24425 4.1994 4.16922 4.15653 4.1644 4.19611 4.25517 4.34531 4.4705 4.63492 4.84299 5.09934 5.40886 5.77661 6.20794 6.70837 7.28367 7.93985 8.68312 9.51993 10.4569 11.5011 12.6594 13.9393 15.3483 16.8943 18.5852 20.4293 22.4351 24.6112 26.9665 29.5102 32.2516 35.2004 38.3662 41.7592 45.3895 
81.9288 76.4924 71.359 66.517 61.955 57.6619 53.6267 49.8387 46.2876 42.9629 39.8547 36.9533 34.249 31.7324 29.3946 27.2265 25.2194 23.3651 21.6551 20.0816 18.6368 17.313 16.1031 14.9998 13.9963 13.086 12.2624 11.5194 10.851 10.2514 9.71507 9.23676 8.81139 8.43409 8.10026 7.80549 7.54561 7.31668 7.11498 6.937 6.77947 6.63937 6.51385 6.40033 6.29644 6.20004 6.1092 6.02225 5.9377 5.85433 5.77111 5.68727 5.60223 5.51566 5.42745 5.33771 5.2468 5.15527 5.06392 4.97377 4.88606 4.80228 4.72411 4.65349 4.59256 4.54371 4.50954 4.49287 4.49677 4.52451 4.57962 4.66582 4.78707 4.94757 5.15173 5.40418 5.7098 6.07367 6.50112 6.99769 7.56914 8.22147 8.96091 9.79389 10.7271 11.7674 12.9219 14.1981 15.6033 17.1455 18.8327 20.673 22.675 24.8474 27.199 29.739 32.4767 35.4218 38.5839 41.9732 45.5999 
82.5433 77.1037 71.967 67.1217 62.5563 58.2597 54.221 50.4296 46.8748 43.5466 40.4347 37.5296 34.8216 32.3013 29.9596 27.7877 25.7768 23.9186 22.2048 20.6273 19.1785 17.8508 16.6369 15.5296 14.5221 13.6078 12.7802 12.0331 11.3606 10.7569 10.2165 9.73405 9.30456 8.92315 8.58519 8.28629 8.02228 7.78921 7.58336 7.40123 7.23956 7.09531 6.96564 6.84798 6.73994 6.63939 6.54442 6.45332 6.36464 6.27713 6.18979 6.10182 6.01266 5.92197 5.82965 5.73582 5.6408 5.54518 5.44975 5.35552 5.26375 5.1759 5.09368 5.01901 4.95404 4.90116 4.86296 4.84228 4.84218 4.86593 4.91705 4.99927 5.11655 5.27309 5.4733 5.72181 6.02349 6.38344 6.80698 7.29963 7.86719 8.51564 9.25119 10.0803 11.0096 12.0461 13.1968 14.4691 15.8705 17.4089 19.0922 20.9288 22.927 25.0956 27.4434 29.9796 32.7136 35.6549 38.8133 42.1989 45.8218 
83.1666 77.7239 72.584 67.7355 63.1668 58.8669 54.8248 51.0299 47.4716 44.1398 41.0244 38.1157 35.404 32.88 30.5346 28.3589 26.3443 24.4822 22.7645 21.1832 19.7305 18.3989 17.181 16.0698 15.0583 14.14 13.3084 12.5573 11.8807 11.273 10.7285 10.242 9.80842 9.42292 9.08086 8.77785 8.50973 8.27254 8.06257 7.87632 7.71052 7.56214 7.42834 7.30654 7.19437 7.08969 6.99058 6.89536 6.80255 6.71092 6.61945 6.52736 6.43408 6.33929 6.24286 6.14492 6.04581 5.9461 5.84658 5.74827 5.65243 5.56051 5.47423 5.39551 5.3265 5.26958 5.22735 5.20265 5.19853 5.21827 5.26539 5.34362 5.45692 5.60949 5.80572 6.05028 6.34801 6.70402 7.12362 7.61235 8.17599 8.82053 9.55218 10.3774 11.3029 12.3354 13.4823 14.7507 16.1483 17.6828 19.3623 21.1951 23.1895 25.3542 27.6982 30.2307 32.9609 35.8984 39.053 42.4348 46.054 
83.7948 78.3491 73.2062 68.3545 63.7826 59.4794 55.434 51.6358 48.0741 44.7389 41.62 38.7077 35.9924 33.4648 31.1158 28.9364 26.9181 25.0523 23.3308 21.7457 20.2892 18.9537 17.732 16.6168 15.6015 14.6792 13.8436 13.0886 12.408 11.7963 11.2478 10.7573 10.3197 9.93017 9.58406 9.277 9.00481 8.76355 8.54951 8.35918 8.1893 8.03682 7.89893 7.77304 7.65678 7.54801 7.4448 7.34548 7.24858 7.15286 7.0573 6.96112 6.86376 6.76488 6.66438 6.56237 6.45918 6.35541 6.25182 6.14946 6.04956 5.95361 5.86329 5.78053 5.70749 5.64655 5.60031 5.5716 5.56348 5.57923 5.62236 5.69661 5.80594 5.95454 6.14682 6.38742 6.68121 7.03329 7.44896 7.93377 8.4935 9.13413 9.86189 10.6832 11.6048 12.6335 13.7765 15.041 16.4348 17.9655 19.6411 21.47 23.4606 25.6215 27.9618 30.4904 33.2168 36.1505 39.3014 42.6794 46.2948 
84.4237 78.9751 73.8292 68.9745 64.3995 60.0932 56.0447 52.2431 48.6782 45.3396 42.2174 39.3016 36.5829 34.0518 31.6992 29.5163 27.4943 25.6249 23.8998 22.311 20.8507 19.5115 18.286 17.167 16.1478 15.2217 14.3823 13.6234 12.9389 12.3233 11.7709 11.2764 10.8349 10.4414 10.0913 9.78026 9.50408 9.25883 9.04078 8.84644 8.67255 8.51606 8.37415 8.24423 8.12394 8.01114 7.90391 7.80056 7.69962 7.59987 7.50028 7.40007 7.29868 7.19578 7.09125 6.98522 6.87802 6.77023 6.66264 6.55627 6.45237 6.35242 6.2581 6.17136 6.09434 6.02943 5.97921 5.94654 5.93446 5.94626 5.98544 6.05575 6.16115 6.30582 6.49418 6.73087 7.02076 7.36893 7.78071 8.26163 8.81748 9.45424 10.1781 10.9956 11.9133 12.9382 14.0773 15.338 16.7279 18.2548 19.9267 21.7518 23.7385 25.8957 28.2321 30.757 33.4796 36.4095 39.5566 42.9309 46.5426 
85.0486 79.5972 74.4485 69.5909 65.013 60.7037 56.6521 52.8475 49.2794 45.9376 42.8121 39.8931 37.1711 34.6366 32.2806 30.0942 28.0688 26.1958 24.4672 22.8748 21.4109 20.0681 18.8389 17.7163 16.6934 15.7635 14.9204 14.1577 13.4695 12.85 12.2938 11.7955 11.3501 10.9528 10.5988 10.2839 10.0039 9.75471 9.53276 9.33452 9.15671 8.9963 8.85047 8.71662 8.5924 8.47566 8.36449 8.2572 8.15233 8.04863 7.94511 7.84096 7.73563 7.62879 7.52032 7.41035 7.29922 7.1875 7.07598 6.96568 6.85786 6.75399 6.65576 6.56511 6.48419 6.41537 6.36126 6.32469 6.30872 6.31664 6.35195 6.41839 6.51992 6.66073 6.84523 7.07807 7.36412 7.70845 8.1164 8.5935 9.14553 9.77847 10.4986 11.3122 12.2262 13.2472 14.3826 15.6395 17.0257 18.5488 20.2169 22.0382 24.0212 26.1746 28.5073 31.0284 33.7473 36.6736 39.8169 43.1875 46.7954 
85.6646 80.2107 75.0593 70.199 65.6183 61.3062 57.2517 53.4442 49.8731 46.5283 43.3997 40.4775 37.7523 35.2146 32.8554 30.6657 28.6369 26.7606 25.0286 23.4328 21.9654 20.6191 19.3864 18.2603 17.2338 16.3004 15.4536 14.6873 13.9955 13.3724 12.8125 12.3105 11.8614 11.4604 11.1027 10.784 10.5002 10.2473 10.0216 9.81959 9.638 9.4738 9.32417 9.18653 9.0585 8.93795 8.82297 8.71187 8.60317 8.49566 8.38831 8.28034 8.17119 8.06053 7.94824 7.83445 7.7195 7.60396 7.48862 7.37451 7.26288 7.1552 7.05316 6.95871 6.87398 6.80137 6.74346 6.70311 6.68335 6.68749 6.71902 6.78169 6.87945 7.0165 7.19725 7.42633 7.70863 8.04922 8.45343 8.9268 9.4751 10.1043 10.8207 11.6306 12.5409 13.5582 14.6899 15.9431 17.3256 18.845 20.5094 22.3271 24.3064 26.4562 28.7852 31.3027 34.0179 36.9405 40.0802 43.4471 47.0515 
86.2667 80.8104 75.6566 70.7937 66.2105 61.8957 57.8385 54.0282 50.4544 47.1067 43.9752 41.0501 38.3219 35.7812 33.4189 31.2261 29.1941 27.3146 25.5794 23.9803 22.5097 21.1601 19.9241 18.7946 17.7647 16.8279 15.9777 15.208 14.5127 13.8861 13.3227 12.8172 12.3646 11.96 11.5987 11.2765 10.9891 10.7326 10.5033 10.2977 10.1125 9.94465 9.79139 9.6501 9.51843 9.39424 9.2756 9.16083 9.04848 8.9373 8.82628 8.71464 8.60182 8.48748 8.37152 8.25406 8.13543 8.01622 7.89721 7.77943 7.66413 7.55278 7.44708 7.34896 7.26057 7.18429 7.12274 7.07872 7.05532 7.05581 7.0837 7.14272 7.23685 7.37026 7.54738 7.77284 8.05151 8.38848 8.78908 9.25883 9.80353 10.4291 11.1419 11.9483 12.8549 13.8687 14.9967 16.2464 17.6253 19.1411 20.802 22.6161 24.5919 26.7381 29.0636 31.5775 34.2892 37.2082 40.3444 43.7078 47.3086 
86.8498 81.3912 76.2352 71.37 66.7844 62.4672 58.4075 54.5947 51.0182 47.6679 44.5337 41.6059 38.8749 36.3313 33.9662 31.7705 29.7356 27.8532 26.1149 24.5128 23.0392 21.6864 20.4473 19.3146 18.2816 17.3416 16.4882 15.7152 15.0166 14.3867 13.8201 13.3113 12.8553 12.4474 12.0828 11.7572 11.4664 11.2065 10.9738 10.7647 10.5761 10.4049 10.2482 10.1034 9.96829 9.84063 9.71853 9.60029 9.48446 9.3698 9.2553 9.14018 9.02387 8.90604 8.78659 8.66563 8.54351 8.42081 8.2983 8.17703 8.05823 7.94338 7.83419 7.73258 7.6407 7.56093 7.49589 7.44839 7.4215 7.4185 7.44291 7.49846 7.58911 7.71905 7.8927 8.11469 8.3899 8.72341 9.12054 9.58685 10.1281 10.7503 11.4596 12.2625 13.1657 14.176 15.3006 16.5469 17.9223 19.4348 21.0922 22.9029 24.8753 27.018 29.3401 31.8506 34.5589 37.4746 40.6074 43.9673 47.5647 
87.4085 81.948 76.79 71.9227 67.335 63.0156 58.9536 55.1385 51.5596 48.2069 45.0703 42.1399 39.4064 36.8603 34.4925 32.2941 30.2566 28.3714 26.6303 25.0254 23.549 22.1934 20.9513 19.8158 18.7798 17.8368 16.9805 16.2044 15.5028 14.8699 14.3002 13.7883 13.3293 12.9182 12.5505 12.2218 11.9278 11.6648 11.4289 11.2166 11.0248 10.8503 10.6904 10.5425 10.4041 10.2732 10.1479 10.0264 9.9073 9.78939 9.67162 9.55323 9.43365 9.31254 9.18982 9.06558 8.94018 8.81419 8.6884 8.56384 8.44175 8.32362 8.21114 8.10624 8.01107 7.92802 7.85968 7.8089 7.77873 7.77245 7.79357 7.84584 7.93321 8.05987 8.23024 8.44896 8.72089 9.05113 9.445 9.90803 10.446 11.0649 11.771 12.5706 13.4706 14.4776 15.599 16.842 18.2142 19.7234 21.3776 23.185 25.1542 27.2937 29.6125 32.1198 34.8248 37.7373 40.8668 44.2236 47.8178 
87.9377 82.4755 77.3157 72.4466 67.857 63.5356 59.4717 55.6545 52.0736 48.7187 45.5798 42.6473 39.9114 37.363 34.9928 32.7921 30.7521 28.8644 27.1209 25.5135 24.0344 22.6763 21.4316 20.2934 19.2548 18.3091 17.45 16.6713 15.9669 15.3312 14.7587 14.244 13.7821 13.3682 12.9976 12.666 12.3692 12.1032 11.8644 11.6493 11.4545 11.2771 11.1142 10.9633 10.822 10.6881 10.5597 10.4353 10.3132 10.1923 10.0715 9.95007 9.82746 9.70333 9.57758 9.45031 9.32187 9.19284 9.06401 8.9364 8.81127 8.69009 8.57456 8.46661 8.3684 8.28229 8.2109 8.15707 8.12384 8.11451 8.13258 8.18179 8.26611 8.38972 8.55704 8.77271 9.04159 9.36878 9.75959 10.2196 10.7545 11.3704 12.0734 12.87 13.7669 14.7709 15.8892 17.1292 18.4984 20.0045 21.6557 23.4601 25.4262 27.5627 29.8785 32.3827 35.0847 37.9941 41.1206 44.4744 48.0655 
88.4323 82.9687 77.8074 72.9367 68.3455 64.0225 59.9568 56.1378 52.5551 49.1983 46.0576 43.1231 40.3852 37.8348 35.4625 33.2597 31.2175 29.3277 27.5819 25.9723 24.491 23.1305 21.8835 20.743 19.702 18.7539 17.8924 17.1112 16.4044 15.7662 15.1912 14.674 14.2096 13.7931 13.42 13.0858 12.7864 12.5178 12.2764 12.0586 11.8612 11.6811 11.5155 11.3619 11.2179 11.0814 10.9503 10.8231 10.6983 10.5747 10.4512 10.327 10.2017 10.0748 9.9463 9.81628 9.68508 9.55329 9.42169 9.29132 9.16342 9.03946 8.92115 8.81042 8.70942 8.62053 8.54636 8.48974 8.45372 8.4416 8.45688 8.5033 8.58482 8.70564 8.87016 9.08304 9.34912 9.67351 10.0615 10.5187 11.0509 11.6639 12.3641 13.1579 14.052 15.0533 16.1688 17.406 18.7723 20.2757 21.924 23.7256 25.6889 27.8226 30.1356 32.637 35.3363 38.2428 41.3666 44.7175 48.3058 
88.8874 83.4226 78.26 73.3881 68.7955 64.4712 60.4041 56.5836 52.9994 49.6411 46.4987 43.5626 40.8231 38.2709 35.8969 33.6922 31.6483 29.7566 28.0089 26.3974 24.9141 23.5517 22.3027 21.1601 20.1171 19.167 18.3033 17.52 16.8111 16.1708 15.5935 15.0742 14.6075 14.1888 13.8134 13.477 13.1753 12.9045 12.6607 12.4406 12.2409 12.0585 11.8906 11.7346 11.5883 11.4493 11.3159 11.1863 11.0591 10.9331 10.8071 10.6806 10.5528 10.4235 10.2925 10.1601 10.0264 9.89217 9.75812 9.62528 9.49491 9.36848 9.2477 9.13449 9.031 8.93963 8.86297 8.80385 8.76534 8.75072 8.76351 8.80742 8.88645 9.00476 9.16677 9.37713 9.64071 9.96259 10.3481 10.8028 11.3324 11.9429 12.6406 13.4319 14.3235 15.3222 16.4352 17.6698 19.0337 20.5345 22.1803 23.9793 25.9401 28.0713 30.3817 32.8806 35.5773 38.4814 41.6026 44.9509 48.5367 
89.2982 83.8325 78.6691 73.7962 69.2026 64.8772 60.809 56.9874 53.4019 50.0424 46.8988 43.9613 41.2205 38.6669 36.2915 34.0854 32.04 30.1468 28.3976 26.7845 25.2996 23.9355 22.6849 21.5406 20.4959 19.5441 18.6787 17.8936 17.1829 16.5408 15.9617 15.4405 14.972 14.5515 14.1742 13.8358 13.5322 13.2594 13.0138 12.7917 12.59 12.4056 12.2357 12.0778 11.9294 11.7884 11.6529 11.5213 11.392 11.2639 11.1359 11.0073 10.8774 10.746 10.613 10.4784 10.3426 10.2063 10.0701 9.93513 9.80262 9.67406 9.55113 9.43577 9.33013 9.2366 9.15777 9.09649 9.05581 9.03902 9.04962 9.09136 9.16819 9.28432 9.44414 9.65231 9.91369 10.2334 10.6167 11.0691 11.5965 12.2049 12.9003 13.6894 14.5788 15.5753 16.686 17.9184 19.28 20.7786 22.4222 24.219 26.1776 28.3065 30.6147 33.1113 35.8058 38.7076 41.8265 45.1726 48.7561 
89.6603 84.1942 79.0301 74.1566 69.5624 65.2362 61.1673 57.3449 53.7586 50.3981 47.2536 44.3152 41.5733 39.0188 36.6423 34.4351 32.3886 30.4942 28.7439 27.1295 25.6435 24.2781 23.0262 21.8807 20.8346 19.8814 19.0147 18.2282 17.5161 16.8725 16.2921 15.7694 15.2994 14.8773 14.4986 14.1587 13.8535 13.5792 13.3319 13.1083 12.905 12.719 12.5475 12.3879 12.2379 12.0952 11.9581 11.8248 11.6939 11.5641 11.4344 11.304 11.1725 11.0393 10.9045 10.7682 10.6307 10.4926 10.3547 10.2179 10.0836 9.95329 9.82857 9.71142 9.60398 9.50864 9.42801 9.36491 9.32241 9.30379 9.31257 9.35247 9.42747 9.54174 9.69972 9.90603 10.1656 10.4834 10.8648 11.3154 11.8409 12.4474 13.141 13.9282 14.8156 15.8102 16.9191 18.1496 19.5093 21.006 22.6476 24.4425 26.3991 28.5261 30.8324 33.3271 36.0196 38.9195 42.0365 45.3806 48.9622 
89.97 84.5036 79.3393 74.4655 69.8709 65.5444 61.475 57.6522 54.0654 50.7045 47.5594 44.6204 41.8779 39.3227 36.9455 34.7377 32.6904 30.7953 29.0441 27.429 25.9421 24.5759 23.3231 22.1766 21.1297 20.1755 19.3078 18.5204 17.8072 17.1626 16.5811 16.0574 15.5863 15.1632 14.7833 14.4423 14.136 13.8605 13.6121 13.3873 13.1828 12.9955 12.8228 12.662 12.5107 12.3668 12.2285 12.0939 11.9617 11.8306 11.6996 11.5679 11.435 11.3005 11.1644 11.0267 10.8879 10.7484 10.6091 10.4709 10.3353 10.2035 10.0774 9.95882 9.84997 9.7532 9.67114 9.6066 9.56265 9.54258 9.5499 9.58833 9.66186 9.77466 9.93115 10.136 10.394 10.7103 11.0903 11.5393 12.0633 12.6683 13.3603 14.146 15.0319 16.025 17.1323 18.3613 19.7194 21.2145 22.8546 24.6479 26.603 28.7284 31.0331 33.5262 36.2171 39.1153 42.2307 45.5732 49.1532 
90.2236 84.7573 79.5931 74.7194 70.1248 65.7983 61.7289 57.9059 54.3191 50.958 47.8127 44.8735 42.1309 39.5754 37.1979 34.9898 32.9421 31.0467 29.2951 27.6796 26.1923 24.8256 23.5724 22.4254 21.3779 20.4232 19.555 18.767 18.0532 17.4081 16.8259 16.3015 15.8298 15.406 15.0254 14.6837 14.3767 14.1005 13.8513 13.6257 13.4204 13.2325 13.0589 12.8973 12.7452 12.6005 12.4613 12.3258 12.1927 12.0607 11.9288 11.7963 11.6625 11.5271 11.39 11.2514 11.1116 10.9711 10.8308 10.6918 10.5551 10.4223 10.2952 10.1756 10.0658 9.96798 9.88487 9.81929 9.77429 9.75316 9.75941 9.79677 9.86922 9.98093 10.1363 10.34 10.597 10.9122 11.291 11.7389 12.2618 12.8656 13.5565 14.341 15.2257 16.2176 17.3238 18.5516 19.9085 21.4024 23.0413 24.8334 26.7872 28.9114 31.2149 33.7068 36.3964 39.2934 42.4075 45.7488 49.3275 
90.4181 84.9524 79.7886 74.9153 70.3212 65.995 61.9259 58.1033 54.5167 51.1559 48.0108 45.0718 42.3293 39.774 37.3967 35.1886 33.1411 31.2457 29.4942 27.8786 26.3913 25.0246 23.7713 22.6243 21.5767 20.622 19.7536 18.9654 18.2516 17.6062 17.0239 16.4993 16.0273 15.6033 15.2224 14.8805 14.5732 14.2967 14.0472 13.8213 13.6157 13.4273 13.2534 13.0914 12.9389 12.7938 12.6542 12.5183 12.3848 12.2523 12.12 11.9869 11.8527 11.7168 11.5792 11.4401 11.2997 11.1588 11.0179 10.8783 10.741 10.6077 10.48 10.3598 10.2494 10.151 10.0672 10.001 9.95539 9.93361 9.93919 9.97589 10.0477 10.1587 10.3134 10.5164 10.7726 11.0871 11.4652 11.9124 12.4345 13.0376 13.7277 14.5115 15.3954 16.3865 17.4919 18.7189 20.075 21.5681 23.2062 24.9975 26.9504 29.0738 31.3764 33.8674 36.5562 39.4523 42.5655 45.9059 49.4836 
90.5514 85.0865 79.9235 75.051 70.4576 66.1322 62.0638 58.2419 54.6559 51.2958 48.1514 45.213 42.4711 39.9163 37.5395 35.332 33.2849 31.39 29.639 28.0239 26.537 25.1707 23.9178 22.7712 21.7239 20.7695 19.9015 19.1136 18.4 17.7549 17.1728 16.6485 16.1768 15.7529 15.3723 15.0305 14.7234 14.447 14.1977 13.9719 13.7664 13.5782 13.4044 13.2424 13.09 12.9449 12.8053 12.6695 12.5359 12.4035 12.2711 12.1381 12.0037 11.8678 11.7302 11.591 11.4506 11.3095 11.1685 11.0288 10.8914 10.7579 10.6301 10.5097 10.3991 10.3005 10.2166 10.1502 10.1043 10.0823 10.0876 10.1241 10.1956 10.3064 10.4608 10.6635 10.9195 11.2336 11.6114 12.0583 12.5801 13.1828 13.8726 14.656 15.5396 16.5303 17.6353 18.8618 20.2175 21.7102 23.3479 25.1387 27.0912 29.2141 31.5163 34.0068 36.6951 39.5907 42.7034 46.0433 49.6205 
90.6215 85.1578 79.996 75.1247 70.5324 66.2081 62.1408 58.32 54.7351 51.376 48.2326 45.2953 42.5543 40.0005 37.6247 35.4181 33.372 31.478 29.7279 28.1137 26.6276 25.2622 24.0101 22.8643 21.8179 20.8642 19.997 19.2099 18.497 17.8527 17.2713 16.7476 16.2766 15.8534 15.4735 15.1323 14.8258 14.55 14.3013 14.0761 13.8712 13.6835 13.5102 13.3488 13.1969 13.0523 12.9132 12.7778 12.6448 12.5128 12.3809 12.2482 12.1143 11.9787 11.8415 11.7027 11.5626 11.4219 11.2813 11.1418 11.0048 10.8716 10.744 10.624 10.5136 10.4153 10.3316 10.2654 10.2198 10.198 10.2035 10.2401 10.3118 10.4227 10.5773 10.7802 11.0362 11.3505 11.7284 12.1754 12.6973 13.3 13.9899 14.7733 15.657 16.6477 17.7527 18.9793 20.335 21.8277 23.4653 25.2561 27.2086 29.3314 31.6335 34.1239 36.8121 39.7076 42.8203 46.16 49.7371 
90.6274 85.1652 80.005 75.1352 70.5444 66.2216 62.1559 58.3365 54.7531 51.3954 48.2535 45.3176 42.578 40.0256 37.6512 35.446 33.4013 31.5086 29.7598 28.1469 26.6622 25.298 24.0472 22.9027 21.8575 20.9051 20.039 19.2532 18.5415 17.8983 17.3181 16.7956 16.3257 15.9037 15.5248 15.1848 14.8793 14.6047 14.357 14.1328 13.9289 13.7422 13.57 13.4096 13.2586 13.115 12.9768 12.8424 12.7102 12.5792 12.4481 12.3163 12.1833 12.0486 11.9122 11.7742 11.635 11.495 11.3552 11.2165 11.0802 10.9478 10.821 10.7016 10.592 10.4943 10.4113 10.3458 10.3008 10.2797 10.2858 10.3231 10.3954 10.5069 10.6621 10.8655 11.1221 11.4369 11.8153 12.2628 12.7852 13.3885 14.0788 14.8627 15.7468 16.738 17.8435 19.0704 20.4266 21.9196 23.5576 25.3488 27.3017 29.4248 31.7272 34.218 36.9065 39.8023 42.9152 46.2553 49.8326 
90.5686 85.1084 79.9501 75.0822 70.4933 66.1724 62.1085 58.291 54.7094 51.3536 48.2135 45.2794 42.5417 39.9911 37.6186 35.4151 33.3721 31.4813 29.7342 28.1231 26.6401 25.2777 24.0286 22.8858 21.8423 20.8916 20.0272 19.2429 18.5329 17.8914 17.3128 16.7919 16.3236 15.9032 15.5259 15.1874 14.8835 14.6103 14.3642 14.1415 13.9391 13.7539 13.5831 13.4241 13.2746 13.1324 12.9956 12.8626 12.7318 12.6021 12.4724 12.342 12.2102 12.0769 11.9417 11.805 11.667 11.5283 11.3897 11.2523 11.1172 10.986 10.8603 10.7422 10.6336 10.5371 10.4552 10.3908 10.3469 10.3269 10.3341 10.3724 10.4457 10.5583 10.7145 10.9189 11.1765 11.4923 11.8716 12.3201 12.8434 13.4476 14.1388 14.9236 15.8086 16.8006 17.9069 19.1347 20.4917 21.9855 23.6243 25.4163 27.3699 29.4938 31.797 34.2885 36.9777 39.8742 42.9878 46.3285 49.9065 
90.4455 84.9875 79.8314 74.9658 70.3791 66.0605 61.9988 58.1836 54.6043 51.2507 48.1129 45.181 42.4455 39.8972 37.5268 35.3256 33.2848 31.3961 29.6513 28.0423 26.5615 25.2013 23.9543 22.8136 21.7723 20.8237 19.9614 19.1793 18.4714 17.8319 17.2554 16.7366 16.2703 15.8519 15.4766 15.1401 14.8382 14.567 14.3228 14.1021 13.9017 13.7184 13.5495 13.3924 13.2448 13.1045 12.9696 12.8384 12.7094 12.5815 12.4536 12.325 12.195 12.0634 11.93 11.795 11.6587 11.5217 11.3848 11.249 11.1156 10.986 10.8619 10.7454 10.6384 10.5435 10.4632 10.4003 10.3579 10.3394 10.3481 10.3879 10.4627 10.5767 10.7343 10.9401 11.1991 11.5163 11.8971 12.3469 12.8715 13.477 14.1696 14.9557 15.842 16.8353 17.9428 19.1719 20.5301 22.0252 23.6651 25.4583 27.4131 29.5382 31.8424 34.3351 37.0254 39.923 43.0377 46.3795 49.9585 
90.2589 84.8034 79.65 74.7869 70.2029 65.8868 61.8278 58.0152 54.4385 51.0876 47.9524 45.0231 42.2903 39.7445 37.3768 35.1782 33.14 31.2539 29.5117 27.9053 26.4271 25.0695 23.8251 22.687 21.6482 20.7021 19.8424 19.0628 18.3574 17.7205 17.1465 16.6301 16.1664 15.7504 15.3776 15.0435 14.7441 14.4753 14.2335 14.0152 13.8171 13.6362 13.4697 13.315 13.1697 13.0316 12.899 12.7701 12.6434 12.5178 12.3921 12.2657 12.1379 12.0085 11.8773 11.7444 11.6103 11.4754 11.3406 11.2069 11.0756 10.948 10.8261 10.7115 10.6066 10.5136 10.4353 10.3744 10.334 10.3174 10.328 10.3697 10.4464 10.5623 10.7217 10.9294 11.1902 11.5092 11.8917 12.3433 12.8698 13.477 14.1713 14.9591 15.847 16.8421 17.9512 19.182 20.5418 22.0385 23.6801 25.4748 27.4311 29.5578 31.8636 34.3577 37.0496 39.9487 43.0648 46.408 49.9886 
90.0103 84.5578 79.4072 74.5471 69.9661 65.653 61.5969 57.7873 54.2136 50.8656 47.7334 44.8071 42.0773 39.5346 37.1698 34.9742 32.9391 31.056 29.3168 27.7134 26.2381 24.8835 23.6421 22.507 21.4712 20.5281 19.6713 18.8947 18.1922 17.5582 16.9871 16.4737 16.0129 15.5998 15.2298 14.8987 14.6021 14.3362 14.0972 13.8817 13.6864 13.5083 13.3446 13.1926 13.0501 12.9148 12.7849 12.6587 12.5347 12.4117 12.2887 12.1649 12.0398 11.913 11.7844 11.6541 11.5225 11.3902 11.2579 11.1267 10.9979 10.8728 10.7533 10.6412 10.5387 10.4482 10.3723 10.3137 10.2757 10.2614 10.2744 10.3184 10.3974 10.5155 10.6772 10.8872 11.1502 11.4714 11.8561 12.3099 12.8384 13.4478 14.1442 14.9341 15.8242 16.8213 17.9325 19.1653 20.5271 22.0258 23.6694 25.4661 27.4244 29.5529 31.8607 34.3567 37.0505 39.9514 43.0694 46.4145 49.9968 
89.702 84.2527 79.1054 74.2485 69.6707 65.3609 61.3082 57.5018 53.9315 50.5869 47.458 44.5351 41.8086 39.2692 36.9079 34.7156 32.6839 30.8042 29.0683 27.4683 25.9965 24.6452 23.4072 22.2754 21.243 20.3033 19.4499 18.6766 17.9775 17.3468 16.779 16.2689 15.8114 15.4016 15.035 14.7071 14.4137 14.1511 13.9154 13.7031 13.511 13.3361 13.1756 13.0268 12.8874 12.7552 12.6285 12.5054 12.3845 12.2646 12.1446 12.0239 11.9018 11.778 11.6524 11.5251 11.3965 11.2671 11.1378 11.0095 10.8836 10.7614 10.6447 10.5355 10.4358 10.3481 10.275 10.2192 10.1839 10.1724 10.1881 10.2348 10.3164 10.4372 10.6016 10.8141 11.0798 11.4036 11.7909 12.2472 12.7783 13.3902 14.0891 14.8815 15.774 16.7735 17.8872 19.1224 20.4866 21.9877 23.6336 25.4327 27.3933 29.5241 31.8342 34.3325 37.0285 39.9317 43.0519 46.3991 49.9836 
89.3367 83.8909 78.7471 73.8938 69.3196 65.0134 60.9642 57.1615 53.5948 50.2539 47.1287 44.2095 41.4867 38.951 36.5934 34.4049 32.3769 30.5009 28.7688 27.1725 25.7044 24.3569 23.1226 21.9946 20.9659 20.0299 19.1802 18.4107 17.7153 17.0883 16.5243 16.0179 15.564 15.1579 14.7949 14.4707 14.181 13.922 13.6899 13.4812 13.2928 13.1214 12.9645 12.8192 12.6834 12.5548 12.4315 12.3119 12.1945 12.0781 11.9616 11.8443 11.7256 11.6052 11.483 11.3591 11.2338 11.1077 10.9817 10.8567 10.7341 10.6151 10.5017 10.3957 10.2992 10.2147 10.1447 10.0921 10.0599 10.0515 10.0703 10.12 10.2047 10.3286 10.4959 10.7115 10.9801 11.3069 11.6971 12.1563 12.6903 13.3051 14.0069 14.8021 15.6974 16.6998 17.8162 19.0542 20.4211 21.9249 23.5736 25.3753 27.3386 29.4721 31.7848 34.2857 36.9843 39.8901 43.0129 46.3627 49.9497 
88.9177 83.4756 78.3357 73.4862 68.9158 64.6135 60.5683 56.7695 53.2068 49.8698 46.7486 43.8334 41.1146 38.583 36.2294 34.0449 32.0209 30.149 28.421 26.8288 25.3648 24.0213 22.7912 21.6672 20.6426 19.7107 18.8651 18.0996 17.4083 16.7854 16.2254 15.723 15.2732 14.8711 14.5122 14.1919 13.9063 13.6512 13.4231 13.2184 13.0339 12.8665 12.7135 12.5722 12.4402 12.3155 12.1961 12.0804 11.9668 11.8542 11.7415 11.628 11.5131 11.3964 11.2779 11.1577 11.0362 10.9138 10.7915 10.6701 10.5511 10.4358 10.3259 10.2235 10.1305 10.0495 9.98306 9.93394 9.90525 9.90026 9.92248 9.97567 10.0638 10.191 10.3617 10.5806 10.8525 11.1826 11.5761 12.0386 12.5758 13.1938 13.8988 14.6972 15.5957 16.6011 17.7207 18.9617 20.3318 21.8387 23.4903 25.2951 27.2614 29.3979 31.7135 34.2174 36.9189 39.8276 42.9532 46.3059 49.8958 
88.4487 83.0107 77.8748 73.0294 68.4632 64.165 60.1239 56.3294 52.7708 49.4381 46.3212 43.4102 40.6958 38.1685 35.8192 33.6391 31.6195 29.7519 28.0283 26.4405 24.9808 23.6418 22.416 21.2964 20.2762 19.3487 18.5075 17.7464 17.0594 16.4409 15.8853 15.3873 14.9419 14.5441 14.1895 13.8736 13.5923 13.3416 13.1178 12.9174 12.7371 12.574 12.4252 12.2881 12.1604 12.0399 11.9247 11.8132 11.7038 11.5953 11.4868 11.3774 11.2665 11.154 11.0396 10.9234 10.8059 10.6875 10.5691 10.4518 10.3367 10.2253 10.1194 10.0208 9.93174 9.85459 9.79195 9.74664 9.72174 9.72052 9.7465 9.80341 9.89522 10.0261 10.2005 10.4231 10.6986 11.0323 11.4294 11.8954 12.4362 13.0577 13.7662 14.5681 15.4701 16.479 17.602 18.8464 20.2199 21.7301 23.3851 25.1932 27.1628 29.3026 31.6215 34.1286 36.8333 39.7452 42.874 46.2299 49.8229 
87.9341 82.5003 77.3686 72.5275 67.9656 63.6718 59.6352 55.8451 52.291 48.9628 45.8503 42.944 40.2341 37.7113 35.3667 33.1912 31.1762 29.3133 27.5943 26.0111 24.5561 23.2217 22.0006 20.8857 19.8702 18.9474 18.1108 17.3544 16.6721 16.0583 15.5073 15.014 14.5732 14.1801 13.8301 13.5189 13.2422 12.9961 12.7769 12.5811 12.4054 12.2469 12.1026 11.9701 11.8469 11.7309 11.6202 11.5131 11.4081 11.3041 11.2 11.095 10.9886 10.8804 10.7703 10.6585 10.5453 10.4312 10.3171 10.204 10.0932 9.98603 9.8843 9.78991 9.70502 9.63201 9.57349 9.53229 9.51146 9.5143 9.54432 9.60525 9.70105 9.83593 10.0143 10.2408 10.5202 10.8578 11.2587 11.7287 12.2733 12.8986 13.6109 14.4165 15.3222 16.3349 17.4616 18.7097 20.0868 21.6007 23.2593 25.071 27.0442 29.1875 31.51 34.0206 36.7288 39.6442 42.7765 46.1357 49.7322 
87.3781 81.9488 76.8216 71.985 67.4276 63.1384 59.1064 55.321 51.7716 48.4481 45.3404 42.4388 39.7337 37.2158 34.8759 32.7052 30.6951 28.8371 27.1229 25.5447 24.0946 22.7651 21.5489 20.439 19.4284 18.5104 17.6788 16.9273 16.25 15.6411 15.095 14.6066 14.1707 13.7826 13.4375 13.1311 12.8593 12.618 12.4037 12.2127 12.0419 11.8882 11.7488 11.621 11.5026 11.3914 11.2854 11.1831 11.0828 10.9835 10.8841 10.7838 10.682 10.5784 10.473 10.3658 10.2571 10.1476 10.0381 9.92951 9.82315 9.72048 9.62321 9.53326 9.45279 9.38418 9.33003 9.29319 9.2767 9.28385 9.31816 9.38337 9.48342 9.62253 9.80509 10.0358 10.3194 10.6611 11.0662 11.5402 12.0889 12.7183 13.4346 14.2443 15.154 16.1706 17.3012 18.5533 19.9343 21.4521 23.1146 24.9301 26.9071 29.0543 31.3805 33.8949 36.6069 39.5259 42.6619 46.0249 49.625 
86.7858 81.361 76.2385 71.4065 66.8539 62.5695 58.5423 54.7617 51.2171 47.8985 44.7958 41.8991 39.199 36.6861 34.3513 32.1856 30.1806 28.3276 26.6186 25.0454 23.6005 22.2761 21.065 19.9602 18.9547 18.0419 17.2155 16.4691 15.7969 15.1931 14.6522 14.169 13.7382 13.3552 13.0152 12.7139 12.4472 12.2111 12.0018 11.8159 11.6501 11.5015 11.3671 11.2443 11.1309 11.0247 10.9237 10.8263 10.7311 10.6367 10.5422 10.4467 10.3498 10.2511 10.1505 10.0481 9.94429 9.83958 9.73479 9.63095 9.52931 9.43135 9.33876 9.25347 9.17764 9.11365 9.06411 9.03184 9.01991 9.0316 9.07042 9.14012 9.24465 9.3882 9.57519 9.81027 10.0983 10.4444 10.8538 11.3321 11.8851 12.5188 13.2393 14.0532 14.9672 15.988 17.1228 18.379 19.7641 21.286 22.9526 24.7722 26.7532 28.9044 31.2346 33.753 36.469 39.392 42.5319 45.8987 49.5027 
86.1621 80.742 75.6242 70.7971 66.2494 61.9698 57.9476 54.1719 50.6324 47.3189 44.2212 41.3297 38.6347 36.127 33.7973 31.6369 29.6371 27.7894 26.0856 24.5177 23.078 21.759 20.5532 19.4537 18.4535 17.546 16.7249 15.9839 15.317 14.7185 14.1829 13.705 13.2795 12.9018 12.5671 12.2712 12.0097 11.7789 11.5748 11.3942 11.2337 11.0903 10.9611 10.8436 10.7353 10.6343 10.5385 10.4462 10.3561 10.2668 10.1774 10.0871 9.99523 9.90158 9.806 9.70862 9.60977 9.51003 9.41019 9.31128 9.21455 9.12148 9.03376 8.95332 8.88232 8.82313 8.77837 8.75087 8.74368 8.7601 8.80362 8.878 8.98718 9.13537 9.32698 9.56664 9.85923 10.2098 10.6238 11.1066 11.6641 12.3023 13.0273 13.8456 14.7639 15.7891 16.9282 18.1888 19.5782 21.1044 22.7753 24.5991 26.5844 28.7397 31.0742 33.5967 36.3168 39.2439 42.3879 45.7588 49.3669 
85.512 80.0968 74.9839 70.1617 65.619 61.3445 57.3273 53.5567 50.0224 46.714 43.6216 40.7353 38.0456 35.5431 33.2188 31.0637 29.0692 27.2269 25.5285 23.9661 22.5318 21.2181 20.0178 18.9237 17.929 17.027 16.2114 15.4758 14.8144 14.2214 13.6913 13.2187 12.7988 12.4265 12.0973 11.8067 11.5507 11.3253 11.1267 10.9515 10.7963 10.6583 10.5345 10.4223 10.3194 10.2237 10.1332 10.0463 9.9614 9.87739 9.79322 9.70811 9.62149 9.53304 9.44264 9.35041 9.2567 9.16208 9.06734 8.97351 8.88185 8.79381 8.71111 8.63567 8.56965 8.51542 8.4756 8.45301 8.45071 8.472 8.52037 8.59957 8.71357 8.86654 9.06291 9.30732 9.60463 9.95994 10.3786 10.8661 11.4282 12.0709 12.8005 13.6234 14.5462 15.576 16.7196 17.9847 19.3786 20.9092 22.5845 24.4127 26.4023 28.5621 30.9008 33.4277 36.152 39.0834 42.2317 45.6068 49.219 
84.841 79.4307 74.3227 69.5056 64.9679 60.6984 56.6864 52.9211 49.392 46.0888 43.0017 40.1207 37.4364 34.9393 32.6204 30.4708 28.4818 26.6449 24.952 23.3951 21.9663 20.6582 19.4634 18.3749 17.3857 16.4893 15.6792 14.9492 14.2933 13.7059 13.1814 12.7144 12.3 11.9333 11.6096 11.3246 11.0741 10.8542 10.6612 10.4915 10.3418 10.2093 10.0909 9.98423 9.8868 9.79651 9.71144 9.62991 9.55045 9.47182 9.39301 9.31324 9.23195 9.1488 9.06369 8.97673 8.88828 8.79889 8.70936 8.62073 8.53424 8.45135 8.37378 8.30346 8.24253 8.19337 8.15859 8.14103 8.14374 8.17001 8.22335 8.3075 8.42641 8.58428 8.78553 9.03479 9.33693 9.69705 10.1205 10.6127 11.1796 11.8271 12.5614 13.3889 14.3164 15.3508 16.4991 17.7687 19.1672 20.7023 22.3822 24.2149 26.209 28.3732 30.7164 33.2477 35.9765 38.9122 42.0649 45.4443 49.0609 
84.1541 78.7487 73.6458 68.8337 64.3011 60.0369 56.03 52.27 48.7461 45.4483 42.3665 39.491 36.8121 34.3204 32.007 29.8629 27.8794 26.048 24.3607 22.8093 21.3861 20.0836 18.8945 17.8115 16.828 15.9372 15.1327 14.4083 13.7581 13.1763 12.6574 12.1961 11.7873 11.4262 11.1082 10.8288 10.584 10.3697 10.1822 10.0181 9.87401 9.747 9.63421 9.53305 9.44115 9.35638 9.27681 9.20076 9.12676 9.05358 8.98021 8.90586 8.82996 8.7522 8.67245 8.59084 8.50771 8.42363 8.33939 8.25603 8.17478 8.09713 8.02477 7.95963 7.90386 7.85985 7.8302 7.81775 7.82554 7.85687 7.91525 8.00442 8.12833 8.29117 8.49738 8.75157 9.05863 9.42364 9.85192 10.349 10.9207 11.573 12.3121 13.1444 14.0767 15.1157 16.2687 17.543 18.9461 20.4859 22.1704 24.0077 26.0064 28.1752 30.5229 33.0587 35.7919 38.7322 41.8892 45.2731 48.8941 
83.4566 78.0562 72.9583 68.1513 63.6238 59.3647 55.3632 51.6083 48.0898 44.7974 41.721 38.8508 36.1773 33.6912 31.3833 29.2446 27.2667 25.4409 23.7591 22.2134 20.7958 19.4989 18.3154 17.2381 16.2602 15.3751 14.5762 13.8575 13.213 12.6369 12.1236 11.668 11.2649 10.9094 10.597 10.3233 10.0841 9.87543 9.69359 9.53509 9.39665 9.27524 9.16803 9.07244 8.98611 8.90688 8.83284 8.76231 8.69381 8.62612 8.55822 8.48932 8.41887 8.34652 8.27218 8.19595 8.11818 8.03945 7.96054 7.88248 7.80653 7.73414 7.66703 7.60712 7.55656 7.51774 7.49325 7.48594 7.49886 7.5353 7.59876 7.69298 7.82193 7.9898 8.201 8.46017 8.77218 9.14213 9.57533 10.0773 10.6539 11.311 12.0549 12.8921 13.8291 14.8729 16.0307 17.3097 18.7175 20.262 21.9511 23.7931 25.7964 27.9697 30.322 32.8624 35.6002 38.5449 41.7065 45.0949 48.7203 
82.7535 77.358 72.2651 67.4632 62.9409 58.687 54.6906 50.9411 47.4278 44.1407 41.0697 38.2049 35.5369 33.0562 30.7538 28.6207 26.6483 24.8281 23.1519 21.6117 20.1997 18.9084 17.7305 16.6589 15.6866 14.8071 14.014 13.3009 12.6621 12.0916 11.584 11.134 10.7366 10.3868 10.0801 9.812 9.57842 9.37538 9.19916 9.04627 8.91344 8.79763 8.69601 8.60599 8.52521 8.45153 8.38302 8.31801 8.25502 8.19282 8.13039 8.06694 8.00193 7.935 7.86606 7.79522 7.72282 7.64944 7.57586 7.50312 7.43245 7.36534 7.30348 7.2488 7.20345 7.16982 7.15051 7.14835 7.1664 7.20795 7.2765 7.37579 7.50979 7.68269 7.89889 8.16305 8.48003 8.85492 9.29304 9.79993 10.3814 11.0434 11.7921 12.6341 13.5759 14.6245 15.787 17.0708 18.4833 20.0325 21.7263 23.5729 25.5809 27.7588 30.1157 32.6606 35.403 38.3523 41.5184 44.9112 48.5411 
82.0497 76.6592 71.5712 66.7744 62.2571 58.0083 54.0171 50.2728 46.7649 43.4831 40.4174 37.558 34.8953 32.4201 30.1231 27.9955 26.0285 24.2138 22.5432 21.0085 19.6021 18.3164 17.1441 16.0781 15.1114 14.2376 13.45 12.7426 12.1093 11.5445 11.0426 10.5982 10.2064 9.86219 9.56107 9.29861 9.07063 8.87319 8.70256 8.55525 8.42798 8.31773 8.22165 8.13718 8.06192 7.99375 7.93074 7.87121 7.81369 7.75694 7.69995 7.64193 7.58232 7.52078 7.45721 7.39172 7.32466 7.25659 7.18832 7.12085 7.05545 6.99358 6.93694 6.88747 6.84731 6.81884 6.80467 6.80764 6.83079 6.87742 6.95104 7.05537 7.1944 7.37229 7.59348 7.8626 8.18452 8.56433 9.00735 9.51913 10.1054 10.7723 11.5258 12.3726 13.3192 14.3726 15.5398 16.8283 18.2455 19.7994 21.4978 23.3491 25.3617 27.5442 29.9057 32.4552 35.2021 38.1559 41.3265 44.7239 48.3582 
81.3498 75.9642 70.8812 66.0893 61.577 57.3334 53.3473 49.6081 46.1053 42.8288 39.7683 36.9142 34.2569 31.787 29.4954 27.3732 25.4117 23.6025 21.9373 20.4081 19.0072 17.727 16.5602 15.4997 14.5386 13.6702 12.8882 12.1864 11.5587 10.9994 10.503 10.0642 9.67787 9.33925 9.04368 8.78675 8.5643 8.37238 8.20727 8.06547 7.9437 7.83893 7.74834 7.66933 7.59953 7.5368 7.47922 7.4251 7.37298 7.32162 7.27 7.21734 7.16306 7.10685 7.04859 6.98839 6.9266 6.86379 6.80074 6.7385 6.67829 6.6216 6.57013 6.5258 6.49076 6.4674 6.45832 6.46635 6.49455 6.5462 6.62482 6.73415 6.87813 7.06098 7.28709 7.56112 7.88792 8.2726 8.72047 9.23707 9.82818 10.4998 11.2581 12.1096 13.061 14.1191 15.291 16.5841 18.006 19.5645 21.2676 23.1234 25.1406 27.3277 29.6937 32.2477 34.9991 37.9574 41.1325 44.5343 48.1731 
80.6584 75.2775 70.1994 65.4123 60.905 56.6663 52.6853 48.9512 45.4535 42.1821 39.1268 36.2779 33.6258 31.1612 28.8749 26.7579 24.8018 22.9979 21.338 19.8142 18.4187 17.1439 15.9825 14.9274 13.9718 13.1089 12.3323 11.6359 11.0136 10.4598 9.96883 9.53547 9.15463 8.82145 8.53132 8.27983 8.06281 7.87631 7.71661 7.58021 7.46385 7.36447 7.27925 7.20561 7.14116 7.08377 7.03152 6.98272 6.93591 6.88983 6.84348 6.79608 6.74705 6.69606 6.64301 6.588 6.53139 6.47373 6.41583 6.35871 6.30361 6.25201 6.2056 6.16632 6.13632 6.11797 6.11388 6.12689 6.16005 6.21664 6.30018 6.4144 6.56327 6.75097 6.98193 7.26078 7.59238 7.98184 8.43448 8.95583 9.55166 10.228 10.991 11.8472 12.8032 13.8659 15.0424 16.3402 17.7667 19.3297 21.0373 22.8977 24.9193 27.1109 29.4814 32.0399 34.7957 37.7584 40.9379 44.3441 47.9872 
79.9796 74.6033 69.5299 64.7476 60.2452 56.0113 52.0351 48.306 44.8133 41.5469 38.4966 35.6528 33.0059 30.5463 28.2652 26.1534 24.2024 22.4038 20.7491 19.2306 17.8403 16.5708 15.4147 14.3649 13.4145 12.5569 11.7857 11.0946 10.4776 9.92911 9.44347 9.01543 8.6399 8.31204 8.02721 7.78102 7.5693 7.38809 7.23368 7.10256 6.99146 6.89733 6.81736 6.74895 6.68973 6.63756 6.59051 6.5469 6.50525 6.46434 6.42314 6.38086 6.33695 6.29106 6.24309 6.19316 6.14159 6.08897 6.03609 5.98397 5.93386 5.88722 5.84576 5.81141 5.78632 5.77287 5.77366 5.79152 5.82952 5.89093 5.97927 6.09828 6.25191 6.44437 6.68005 6.96361 7.29991 7.69404 8.15133 8.67731 9.27777 9.95869 10.7263 11.587 12.5476 13.6148 14.7959 16.0981 17.529 19.0965 20.8086 22.6734 24.6994 26.8954 29.2703 31.8331 34.5932 37.5603 40.744 44.1545 47.8019 
79.3171 73.9454 68.8765 64.0989 59.6011 55.372 51.4006 47.6762 44.1884 40.9268 37.8815 35.0426 32.4006 29.946 27.6698 25.5631 23.6172 21.8236 20.174 18.6606 17.2754 16.011 14.86 13.8154 12.8701 12.0177 11.2516 10.5656 9.95382 9.41045 8.92998 8.50709 8.13672 7.814 7.53432 7.29328 7.08669 6.91062 6.76132 6.63532 6.52933 6.4403 6.36543 6.30209 6.24794 6.20082 6.15882 6.12024 6.08361 6.0477 6.01149 5.9742 5.93525 5.89431 5.85127 5.80625 5.75959 5.71186 5.66384 5.61658 5.5713 5.52948 5.49282 5.46326 5.44293 5.43423 5.43975 5.46233 5.50502 5.57111 5.66412 5.78777 5.94603 6.14309 6.38336 6.67149 7.01234 7.41101 7.87282 8.40331 9.00824 9.69363 10.4657 11.3309 12.2958 13.3674 14.5529 15.8595 17.2948 18.8666 20.5829 22.452 24.4824 26.6826 29.0617 31.6288 34.3931 37.3644 40.5523 43.9669 47.6185 
78.6745 73.3072 68.2428 63.4696 58.9763 54.7518 50.785 47.0652 43.582 40.3252 37.2846 34.4504 31.8132 29.3634 27.0921 24.9902 23.0491 21.2604 19.6158 18.1072 16.727 15.4675 14.3215 13.2817 12.3415 11.494 10.7328 10.0518 9.44503 8.90663 8.43113 8.01322 7.64781 7.33007 7.05535 6.81926 6.61763 6.4465 6.30215 6.18108 6.08002 5.99591 5.92593 5.8675 5.81823 5.77599 5.73885 5.70512 5.67334 5.64225 5.61086 5.57836 5.54419 5.50802 5.46974 5.42947 5.38753 5.34451 5.30119 5.2586 5.21798 5.18081 5.14879 5.12384 5.10811 5.10399 5.11407 5.1412 5.18842 5.25903 5.35653 5.48466 5.64738 5.84888 6.09359 6.38613 6.73137 7.13442 7.60059 8.13542 8.74468 9.43438 10.2107 11.0802 12.0494 13.1253 14.3149 15.6257 17.0652 18.6412 20.3617 22.235 24.2695 26.4738 28.857 31.4282 34.1966 37.1719 40.3639 43.7825 47.4381 
78.0551 72.692 67.6318 62.8629 58.3739 54.1537 50.1913 46.476 42.9973 39.7449 36.7089 33.8793 31.2466 28.8015 26.5348 24.4375 22.5011 20.7171 19.0771 17.5733 16.1978 14.943 13.8017 12.7667 11.8312 10.9885 10.2321 9.55586 8.95381 8.42018 7.94945 7.5363 7.17566 6.86267 6.59271 6.36138 6.16449 5.9981 5.85849 5.74214 5.6458 5.5664 5.50113 5.44739 5.4028 5.36523 5.33275 5.30367 5.27652 5.25007 5.22328 5.19538 5.1658 5.13421 5.10048 5.06475 5.02735 4.98884 4.95002 4.91191 4.87577 4.84305 4.81546 4.79493 4.78361 4.78388 4.79834 4.82983 4.88139 4.95632 5.05813 5.19056 5.35756 5.56332 5.81227 6.10904 6.4585 6.86575 7.33609 7.87509 8.48851 9.18234 9.9628 10.8363 11.8097 12.8896 14.0833 15.3982 16.8417 18.4217 20.1462 22.0234 24.0619 26.2702 28.6573 31.2324 34.0047 36.9839 40.1798 43.6023 47.2618 
77.4615 72.1024 67.0462 62.2814 57.7966 53.5806 49.6224 45.9113 42.4368 39.1888 36.157 33.3318 30.7035 28.2627 26.0004 23.9076 21.9756 20.196 18.5605 17.0612 15.6902 14.4399 13.3031 12.2727 11.3417 10.5035 9.75161 9.07993 8.48242 7.95333 7.48713 7.07852 6.72241 6.41396 6.14853 5.92172 5.72936 5.56749 5.43238 5.32054 5.22868 5.15377 5.09298 5.0437 5.00358 4.97046 4.94241 4.91776 4.89503 4.87297 4.85058 4.82706 4.80185 4.7746 4.74522 4.71381 4.68072 4.64651 4.61198 4.57814 4.54625 4.51778 4.49442 4.4781 4.47098 4.47543 4.49405 4.52969 4.58539 4.66444 4.77036 4.90687 5.07795 5.28777 5.54076 5.84156 6.19504 6.60628 7.08062 7.62358 8.24095 8.93872 9.72311 10.6006 11.5778 12.6616 13.8592 15.1779 16.6252 18.2091 19.9374 21.8184 23.8606 26.0727 28.4636 31.0424 33.8185 36.8014 40.001 43.4272 47.0903 
76.8962 71.5409 66.4886 61.7277 57.2467 53.0346 49.0804 45.3733 41.9029 38.6589 35.6313 32.8101 30.186 27.7494 25.4912 23.4026 21.4748 19.6994 18.0682 16.5731 15.2063 13.9603 12.8278 11.8016 10.8749 10.041 9.2934 8.62601 8.03279 7.50799 7.04609 6.64177 6.28995 5.98579 5.72464 5.50212 5.31403 5.15642 5.02558 4.918 4.8304 4.75973 4.70317 4.65812 4.62221 4.5933 4.56945 4.54899 4.53043 4.51254 4.4943 4.47492 4.45384 4.43072 4.40544 4.37812 4.34911 4.31897 4.28849 4.25869 4.23083 4.20636 4.187 4.17467 4.17151 4.17992 4.20249 4.24205 4.30166 4.38462 4.49442 4.6348 4.80973 5.0234 5.28022 5.58483 5.94211 6.35714 6.83524 7.38196 8.00307 8.70457 9.49268 10.3738 11.3547 12.4422 13.6435 14.9658 16.4168 18.0043 19.7362 21.6208 23.6666 25.8823 28.2768 30.8591 33.6387 36.6252 39.8282 43.2579 46.9245 
76.3613 71.0095 65.9608 61.2036 56.7263 52.5179 48.5674 44.8641 41.3975 38.1573 35.1335 32.3162 29.696 27.2633 25.009 22.9244 21.0005 19.2291 17.6018 16.1107 14.7479 13.5059 12.3774 11.3552 10.4325 9.60263 8.85911 8.19574 7.60655 7.08579 6.62792 6.22763 5.87984 5.5797 5.32258 5.10408 4.92 4.76641 4.63957 4.53599 4.45238 4.38569 4.33311 4.29203 4.26009 4.23512 4.21522 4.19869 4.18405 4.17008 4.15574 4.14025 4.12305 4.10379 4.08237 4.0589 4.03371 4.00739 3.98072 3.95472 3.93063 3.90994 3.89433 3.88574 3.88632 3.89844 3.92471 3.96796 4.03125 4.11787 4.23132 4.37534 4.55389 4.77117 5.03159 5.33978 5.70063 6.11922 6.60087 7.15112 7.77575 8.48076 9.27236 10.157 11.1414 12.2323 13.437 14.7628 16.2172 17.8081 19.5434 21.4314 23.4806 25.6996 28.0974 30.6831 33.466 36.4558 39.6622 43.0952 46.7651 
75.8585 70.51 65.4647 60.7108 56.237 52.0321 48.0851 44.3853 40.9222 37.6856 34.6653 31.8517 29.235 26.8059 24.5554 22.4743 20.5542 18.7865 17.1629 15.6755 14.3164 13.0782 11.9534 10.935 10.016 9.18984 8.45007 7.79046 7.20503 6.68802 6.23391 5.83738 5.49335 5.19696 4.94359 4.72883 4.5485 4.39864 4.27554 4.17568 4.09579 4.03282 3.98395 3.94657 3.91831 3.89703 3.8808 3.86793 3.85695 3.84662 3.83592 3.82406 3.81047 3.79482 3.77699 3.75711 3.7355 3.71273 3.68961 3.66714 3.64659 3.6294 3.6173 3.6122 3.61625 3.63184 3.66156 3.70826 3.77498 3.86501 3.98186 4.12927 4.31121 4.53185 4.79563 5.10717 5.47134 5.89325 6.3782 6.93175 7.55967 8.26794 9.0628 9.95069 10.9383 12.0325 13.2404 14.5694 16.027 17.621 19.3595 21.2507 23.303 25.5252 27.9261 30.5149 33.301 36.2938 39.5033 42.9394 46.6123 
75.3891 70.0437 65.0015 60.2507 55.7801 51.5783 47.6346 43.938 40.4782 37.2449 34.2279 31.4176 28.8043 26.3786 24.1314 22.0537 20.137 18.3727 16.7525 15.2685 13.9129 12.6781 11.5568 10.5418 9.62632 8.80363 8.06733 7.41119 6.82923 6.3157 5.86505 5.47199 5.13143 4.83851 4.58861 4.37731 4.20044 4.05404 3.93438 3.83797 3.76152 3.70198 3.65653 3.62257 3.59772 3.57985 3.56702 3.55754 3.54994 3.54298 3.53564 3.52713 3.51688 3.50456 3.49006 3.47348 3.45518 3.43571 3.41586 3.39667 3.37937 3.36544 3.35657 3.3547 3.36197 3.38076 3.41368 3.46356 3.53345 3.62664 3.74664 3.89719 4.08225 4.30601 4.57289 4.88752 5.25478 5.67976 6.16778 6.72438 7.35533 8.06664 8.86452 9.75542 10.746 11.8432 13.0541 14.386 15.8466 17.4436 19.185 21.0791 23.1344 25.3595 27.7633 30.355 33.1439 36.1396 39.352 42.7909 46.4667 
74.954 69.6115 64.5721 59.8243 55.3565 51.1577 47.2169 43.5233 40.0665 36.8361 33.8222 31.0149 28.4047 25.982 23.7379 21.6634 19.7498 17.9886 16.3715 14.8907 13.5382 12.3066 11.1884 10.1766 9.26426 8.44475 7.71161 7.05865 6.47987 5.96952 5.52205 5.13217 4.79478 4.50504 4.25831 4.05018 3.87647 3.73323 3.61673 3.52347 3.45017 3.39378 3.35146 3.32064 3.29891 3.28416 3.27443 3.26806 3.26355 3.25968 3.25542 3.24998 3.2428 3.23353 3.22207 3.20853 3.19325 3.1768 3.15996 3.14377 3.12945 3.1185 3.1126 3.11369 3.1239 3.14563 3.18148 3.23427 3.30707 3.40316 3.52605 3.67948 3.86741 4.09402 4.36375 4.68122 5.05131 5.4791 5.96993 6.52933 7.16307 7.87716 8.67781 9.57147 10.5648 11.6647 12.8784 14.213 15.6763 17.276 19.0202 20.917 22.9749 25.2027 27.6092 30.2035 32.9951 35.9935 39.2084 42.65 46.3285 
74.5541 69.2141 64.1773 59.432 54.9669 50.7707 46.8325 43.1416 39.6875 36.4599 33.4487 30.6442 28.0367 25.6169 23.3755 21.3038 19.393 17.6346 16.0204 14.5424 13.1928 11.964 10.8487 9.83973 8.93027 8.11363 7.38337 6.73328 6.15738 5.6499 5.20532 4.81831 4.4838 4.19693 3.95307 3.74781 3.57697 3.4366 3.32296 3.23256 3.16211 3.10856 3.06909 3.0411 3.02221 3.01028 3.00337 2.99981 2.99811 2.99704 2.99557 2.99291 2.9885 2.98201 2.97331 2.96252 2.94998 2.93626 2.92216 2.90868 2.89708 2.88883 2.88562 2.88939 2.90228 2.92668 2.96518 3.02062 3.09606 3.19478 3.32029 3.47633 3.66686 3.89608 4.16839 4.48844 4.8611 5.29145 5.78483 6.34678 6.98306 7.69967 8.50284 9.39901 10.3949 11.4973 12.7134 14.0505 15.5163 17.1185 18.8651 20.7643 22.8247 25.0549 27.4638 30.0606 32.8546 35.8554 39.0728 42.5168 46.1976 
74.1894 68.8517 63.8172 59.0742 54.6114 50.4176 46.4818 42.7933 39.3416 36.1164 33.1077 30.3056 27.7006 25.2833 23.0444 20.9752 19.0669 17.311 15.6994 14.2239 12.8768 11.6506 10.5378 9.53144 8.62454 7.81046 7.08277 6.43525 5.86192 5.35701 4.915 4.53056 4.19863 3.91433 3.67304 3.47035 3.30207 3.16426 3.05319 2.96534 2.89744 2.84644 2.80952 2.78406 2.76771 2.7583 2.75393 2.75288 2.75369 2.75512 2.75615 2.75599 2.75407 2.75006 2.74383 2.73551 2.72543 2.71417 2.7025 2.69146 2.68229 2.67646 2.67567 2.68185 2.69714 2.72393 2.76481 2.82263 2.90044 3.00152 3.12939 3.28777 3.48064 3.71219 3.98682 4.30919 4.68416 5.11681 5.61249 6.17672 6.81528 7.53417 8.3396 9.23803 10.2361 11.3408 12.5592 13.8985 15.3665 16.9709 18.7197 20.6212 22.6838 24.9162 27.3273 29.9263 32.7224 35.7254 38.945 42.3911 46.0741 
73.8601 68.5244 63.4919 58.751 54.2902 50.0985 46.1648 42.4784 39.0288 35.8057 32.7992 29.9992 27.3964 24.9812 22.7445 20.6775 18.7714 17.0178 15.4083 13.9351 12.5903 11.3663 10.2557 9.2516 8.34696 7.53514 6.80971 6.16445 5.59338 5.09074 4.65099 4.26883 3.93915 3.65712 3.41809 3.21767 3.05165 2.9161 2.80728 2.72169 2.65604 2.60729 2.57261 2.5494 2.53528 2.5281 2.52595 2.52713 2.53016 2.53381 2.53705 2.53909 2.53937 2.53754 2.5335 2.52736 2.51946 2.51036 2.50086 2.49197 2.48495 2.48126 2.48261 2.49092 2.50833 2.53724 2.58024 2.64016 2.72007 2.82324 2.95319 3.11366 3.3086 3.54221 3.81891 4.14333 4.52034 4.95504 5.45275 6.01901 6.65959 7.3805 8.18795 9.08839 10.0885 11.1952 12.4155 13.7569 15.2268 16.8332 18.584 20.4874 22.552 24.7863 27.1994 29.8003 32.5985 35.6034 38.8248 42.2729 45.9578 
73.5659 68.2319 63.2011 58.4619 54.0029 49.813 45.881 42.1964 38.7487 35.5274 32.5227 29.7246 27.1236 24.7103 22.4756 20.4104 18.5062 16.7545 15.147 13.6757 12.3328 11.1107 10.0021 8.99991 8.09721 7.28734 6.56386 5.92055 5.35144 4.85076 4.41296 4.03275 3.70504 3.42497 3.1879 2.98943 2.82537 2.69177 2.58491 2.50127 2.43757 2.39077 2.35803 2.33676 2.32458 2.31934 2.31913 2.32223 2.32719 2.33276 2.33791 2.34186 2.34405 2.34413 2.34199 2.33774 2.33173 2.32452 2.3169 2.30989 2.30474 2.30291 2.30612 2.31628 2.33555 2.3663 2.41113 2.47289 2.55463 2.65963 2.7914 2.95368 3.15043 3.38584 3.66434 3.99055 4.36935 4.80584 5.30533 5.87336 6.51572 7.23839 8.04761 8.9498 9.95166 11.0601 12.2822 13.6253 15.097 16.7051 18.4576 20.3628 22.429 24.6651 27.0799 29.6825 32.4824 35.489 38.7122 42.162 45.8486 
73.3062 67.9736 62.9442 58.2065 53.749 49.5605 45.63 41.947 38.5007 35.281 32.2778 29.4813 26.8818 24.4701 22.2369 20.1734 18.2708 16.5207 14.9147 13.445 12.1037 10.8833 9.77634 8.77578 7.87471 7.06648 6.34465 5.70299 5.13553 4.63649 4.20035 3.82179 3.49574 3.21732 2.9819 2.78509 2.62269 2.49074 2.38553 2.30354 2.24149 2.19634 2.16525 2.14563 2.1351 2.1315 2.13292 2.13767 2.14426 2.15145 2.15824 2.16382 2.16763 2.16933 2.1688 2.16617 2.16176 2.15616 2.15014 2.14473 2.14117 2.14094 2.14573 2.15747 2.17832 2.21064 2.25705 2.32038 2.40368 2.51024 2.64356 2.80739 3.00569 3.24266 3.52269 3.85044 4.23078 4.6688 5.16981 5.73937 6.38325 7.10744 7.91817 8.82188 9.82524 10.9352 12.1588 13.5034 14.9766 16.5862 18.3402 20.2468 22.3146 24.5522 26.9684 29.5726 32.3739 35.382 38.6067 42.0579 45.746 
73.0802 67.7487 62.7205 57.9839 53.5275 49.3402 45.411 41.7291 38.2841 35.0656 32.0637 29.2684 26.6702 24.2597 22.0278 19.9656 18.0643 16.3154 14.7108 13.2424 11.9024 10.6833 9.57768 8.57844 7.67871 6.87182 6.15132 5.51101 4.94489 4.4472 4.01241 3.6352 3.3105 3.03343 2.79937 2.60391 2.44287 2.31228 2.20843 2.12779 2.0671 2.02331 1.99358 1.97531 1.96613 1.96388 1.96666 1.97275 1.98069 1.98923 1.99736 2.00429 2.00944 2.01247 2.01329 2.01199 2.00892 2.00464 1.99995 1.99586 1.99363 1.99472 2.00083 2.01389 2.03605 2.06968 2.1174 2.18203 2.26664 2.37449 2.50912 2.67425 2.87384 3.11209 3.39342 3.72246 4.10408 4.54338 5.04567 5.61651 6.26167 6.98713 7.79913 8.70411 9.70875 10.8199 12.0448 13.3907 14.8652 16.476 18.2313 20.1392 22.2082 24.447 26.8646 29.47 32.2725 35.2819 38.5078 41.9604 45.6497 
72.8868 67.5562 62.5288 57.7931 53.3376 49.1512 45.2229 41.5419 38.0978 34.8803 31.8793 29.0849 26.4877 24.0782 21.8473 19.786 17.8857 16.1378 14.5342 13.0668 11.7279 10.5098 9.40516 8.40695 7.50825 6.7024 5.98294 5.34367 4.77859 4.28195 3.84822 3.47206 3.14842 2.87241 2.63941 2.44501 2.28503 2.15551 2.05272 1.97315 1.91353 1.8708 1.84214 1.82494 1.81683 1.81566 1.8195 1.82666 1.83567 1.84528 1.85448 1.86247 1.86868 1.87279 1.87466 1.87443 1.87242 1.86921 1.86558 1.86255 1.86138 1.86352 1.87069 1.88481 1.90802 1.94271 1.99148 2.05716 2.14281 2.25172 2.38739 2.55357 2.75421 2.9935 3.27587 3.60595 3.98862 4.42896 4.93229 5.50417 6.15036 6.87687 7.68991 8.59593 9.6016 10.7138 11.9397 13.2866 14.7622 16.374 18.1304 20.0393 22.1094 24.3492 26.7678 29.3742 32.1779 35.1883 38.4152 41.8688 45.5592 
72.7248 67.3948 62.368 57.6329 53.178 48.9922 45.0645 41.3841 37.9407 34.7238 31.7234 28.9297 26.3332 23.9244 21.6941 19.6335 17.7339 15.9868 14.3838 12.9172 11.5789 10.3615 9.25766 8.26019 7.36223 6.55711 5.8384 5.19988 4.63556 4.13968 3.7067 3.33131 3.00843 2.7332 2.50097 2.30735 2.14815 2.01941 1.9174 1.83861 1.77978 1.73784 1.70996 1.69356 1.68624 1.68586 1.69049 1.69845 1.70825 1.71866 1.72866 1.73745 1.74446 1.74937 1.75204 1.75261 1.7514 1.74899 1.74616 1.74394 1.74356 1.74651 1.75448 1.7694 1.79342 1.82891 1.87848 1.94497 2.03143 2.14114 2.27761 2.44459 2.64604 2.88614 3.16932 3.5002 3.88367 4.32482 4.82897 5.40166 6.04866 6.77597 7.58982 8.49665 9.50314 10.6162 11.8429 13.1906 14.667 16.2797 18.0368 19.9466 22.0175 24.2582 26.6776 29.2848 32.0893 35.1005 38.3283 41.7827 45.474 
72.5929 67.2632 62.2367 57.5019 53.0473 48.8618 44.9344 41.2544 37.8113 34.5948 31.5948 28.8015 26.2053 23.7969 21.567 19.5068 17.6076 15.8609 14.2584 12.7921 11.4543 10.2374 9.13392 8.1369 7.23939 6.43473 5.71648 5.07842 4.51457 4.01917 3.58667 3.21177 2.88937 2.61463 2.3829 2.18977 2.03107 1.90283 1.80133 1.72306 1.66474 1.62331 1.59596 1.58007 1.57327 1.57342 1.57858 1.58707 1.59741 1.60835 1.61889 1.62821 1.63577 1.64122 1.64444 1.64555 1.64489 1.64303 1.64075 1.63908 1.63926 1.64277 1.6513 1.66678 1.69135 1.72741 1.77755 1.8446 1.93162 2.0419 2.17895 2.3465 2.54853 2.7892 3.07296 3.40442 3.78848 4.23021 4.73494 5.30822 5.95581 6.68371 7.49816 8.40559 9.41267 10.5263 11.7536 13.102 14.5789 16.1922 17.95 19.8604 21.9319 24.1732 26.5932 29.2011 32.0062 35.0181 38.2465 41.7016 45.3935 
72.4895 67.1598 62.1333 57.3985 52.944 48.7586 44.8313 41.1513 37.7083 34.4918 31.4919 28.6987 26.1026 23.6943 21.4645 19.4045 17.5054 15.7588 14.1564 12.6903 11.3526 10.1359 9.03258 8.03573 7.13839 6.33391 5.61585 4.97798 4.41433 3.91913 3.48683 3.11214 2.78996 2.51544 2.28393 2.09103 1.93257 1.80457 1.70331 1.62528 1.56721 1.52604 1.49894 1.48332 1.47679 1.4772 1.48264 1.4914 1.50202 1.51325 1.52407 1.53368 1.54153 1.54728 1.5508 1.55221 1.55186 1.5503 1.54834 1.54698 1.54748 1.55131 1.56017 1.57597 1.60088 1.63727 1.68774 1.75513 1.8425 1.95312 2.09052 2.25842 2.4608 2.70183 2.98595 3.31778 3.7022 4.1443 4.6494 5.22306 5.87103 6.59932 7.41415 8.32197 9.32945 10.4435 11.6712 13.02 14.4973 16.111 17.8692 19.78 21.8519 24.0937 26.5142 29.1225 31.928 34.9403 38.1692 41.6247 45.3171 
72.413 67.083 62.0563 57.3213 52.8665 48.6809 44.7533 41.0732 37.6299 34.4133 31.4132 28.6198 26.0236 23.6151 21.3852 19.3249 17.4257 15.679 14.0765 12.6103 11.2725 10.0556 8.95219 7.95524 7.05781 6.25325 5.5351 4.89716 4.33344 3.83818 3.40583 3.03108 2.70886 2.4343 2.20276 2.00983 1.85134 1.72332 1.62205 1.54402 1.48595 1.44478 1.41769 1.40208 1.39557 1.39601 1.40147 1.41027 1.42092 1.43219 1.44306 1.45273 1.46064 1.46644 1.47003 1.47151 1.47123 1.46976 1.46787 1.46661 1.4672 1.47112 1.48008 1.49599 1.52101 1.55751 1.6081 1.67562 1.76311 1.87387 2.0114 2.17944 2.38196 2.62315 2.90742 3.23941 3.62399 4.06626 4.57153 5.14536 5.79352 6.52199 7.33701 8.24503 9.25271 10.367 11.5949 12.9438 14.4214 16.0354 17.7938 19.7048 21.777 24.019 26.4397 29.0483 31.8541 34.8667 38.0959 41.5516 45.2443 
72.3616 67.0311 62.0039 57.2684 52.8132 48.627 44.699 41.0184 37.5747 34.3576 31.357 28.5632 25.9665 23.5576 21.3273 19.2667 17.367 15.6199 14.017 12.5504 11.2123 9.99498 8.89125 7.89394 6.99617 6.19126 5.47278 4.83452 4.27048 3.7749 3.34224 2.9672 2.64468 2.36983 2.13801 1.94481 1.78605 1.65778 1.55625 1.47797 1.41966 1.37826 1.35094 1.3351 1.32837 1.3286 1.33386 1.34246 1.35293 1.36401 1.3747 1.38419 1.39193 1.39757 1.401 1.40234 1.40191 1.4003 1.39828 1.39689 1.39736 1.40117 1.41001 1.42582 1.45074 1.48715 1.53765 1.60509 1.69251 1.80319 1.94066 2.10865 2.31112 2.55225 2.83648 3.16843 3.55299 3.99523 4.50049 5.07431 5.72246 6.45094 7.26596 8.17399 9.18169 10.296 11.5239 12.8729 14.3505 15.9645 17.723 19.6341 21.7063 23.9484 26.3692 28.9779 31.7838 34.7965 38.0258 41.4817 45.1744 
72.3335 67.0023 61.9743 57.2381 52.7821 48.5953 44.6665 40.9852 37.5408 34.323 31.3218 28.5273 25.9299 23.5203 21.2893 19.2281 17.3278 15.58 13.9765 12.5092 11.1705 9.95257 8.84823 7.85032 6.95196 6.14647 5.42741 4.78858 4.22398 3.72785 3.29465 2.91907 2.59602 2.32065 2.08831 1.89461 1.73535 1.60659 1.50458 1.42582 1.36704 1.32518 1.2974 1.28112 1.27395 1.27375 1.27859 1.28677 1.29683 1.30751 1.3178 1.32691 1.33427 1.33954 1.3426 1.34358 1.3428 1.34085 1.3385 1.33677 1.33692 1.34041 1.34895 1.36445 1.38908 1.4252 1.47543 1.54259 1.62974 1.74017 1.87739 2.04513 2.24736 2.48827 2.77227 3.10401 3.48835 3.93039 4.43546 5.00909 5.65706 6.38536 7.20022 8.10809 9.11564 10.2298 11.4576 12.8065 14.2839 15.8978 17.6562 19.5672 21.6393 23.8813 26.3021 28.9107 31.7165 34.7291 37.9584 41.4143 45.107 
72.327 66.9948 61.9659 57.2287 52.7717 48.5839 44.6542 40.972 37.5266 34.3079 31.3057 28.5103 25.912 23.5015 21.2696 19.2074 17.3063 15.5576 13.9532 12.4851 11.1455 9.92677 8.8216 7.82286 6.92368 6.11738 5.39752 4.75789 4.19251 3.6956 3.26163 2.88529 2.56149 2.28537 2.0523 1.85788 1.6979 1.56843 1.46572 1.38627 1.32681 1.28427 1.25583 1.23889 1.23108 1.23024 1.23445 1.24201 1.25145 1.26153 1.27122 1.27975 1.28653 1.29122 1.29373 1.29415 1.29283 1.29034 1.28746 1.28522 1.28486 1.28785 1.29589 1.31091 1.33506 1.37071 1.42048 1.48719 1.5739 1.68389 1.82068 1.988 2.18982 2.43033 2.71394 3.04529 3.42926 3.87093 4.37564 4.94892 5.59654 6.32451 7.13904 8.04659 9.05383 10.1677 11.3952 12.7438 14.221 15.8346 17.5927 19.5035 21.5754 23.8171 26.2376 28.846 31.6517 34.6641 37.8932 41.3489 45.0414 
72.3403 67.0068 61.9767 57.2383 52.7802 48.5912 44.6604 40.9769 37.5304 34.3105 31.3072 28.5106 25.9112 23.4996 21.2666 19.2033 17.301 15.5512 13.9458 12.4766 11.1359 9.9161 8.80987 7.81009 6.90986 6.10254 5.38166 4.74103 4.17464 3.67674 3.24179 2.86448 2.53973 2.26266 2.02865 1.83329 1.67239 1.54201 1.4384 1.35806 1.29771 1.2543 1.225 1.20721 1.19856 1.19688 1.20027 1.20702 1.21566 1.22494 1.23385 1.2416 1.24762 1.25156 1.25332 1.25301 1.25097 1.24776 1.24418 1.24124 1.24019 1.24251 1.24988 1.26425 1.28775 1.32277 1.3719 1.438 1.5241 1.63349 1.76969 1.93644 2.13769 2.37763 2.66069 2.9915 3.37494 3.81609 4.32028 4.89306 5.54019 6.26767 7.08173 7.98882 8.9956 10.109 11.3361 12.6842 14.161 15.7743 17.5319 19.4423 21.5139 23.7552 26.1754 28.7834 31.5887 34.6008 37.8296 41.285 44.9772 
72.3716 67.0367 62.0052 57.2654 52.8059 48.6155 44.6833 40.9984 37.5505 34.3293 31.3246 28.5267 25.9259 23.513 21.2786 19.214 17.3104 15.5594 13.9526 12.4821 11.1401 9.91908 8.81159 7.81056 6.90911 6.10055 5.37846 4.73661 4.16903 3.66995 3.23382 2.85535 2.52943 2.25122 2.01608 1.8196 1.65759 1.5261 1.4214 1.33998 1.27857 1.2341 1.20376 1.18493 1.17525 1.17257 1.17495 1.18071 1.18837 1.19669 1.20464 1.21144 1.21652 1.21955 1.22039 1.21918 1.21625 1.21216 1.20771 1.20391 1.20202 1.20349 1.21005 1.22359 1.24629 1.28052 1.32887 1.39419 1.47953 1.58818 1.72364 1.88966 2.09019 2.32943 2.61179 2.94192 3.32468 3.76517 4.26871 4.84084 5.48734 6.2142 7.02765 7.93414 8.94033 10.0531 11.2797 12.6273 14.1035 15.7162 17.4734 19.3832 21.4543 23.6951 26.1148 28.7224 31.5272 34.5389 37.7672 41.2222 44.914 
72.4193 67.0828 62.0497 57.3083 52.8472 48.6552 44.7214 41.035 37.5855 34.3627 31.3564 28.557 25.9547 23.5402 21.3043 19.2382 17.3331 15.5805 13.9723 12.5003 11.1569 9.93436 8.82542 7.82296 6.92007 6.1101 5.38661 4.74337 4.17441 3.67396 3.23647 2.85665 2.5294 2.24987 2.01341 1.81563 1.65234 1.51957 1.41361 1.33094 1.26828 1.22259 1.19103 1.171 1.16013 1.15627 1.15748 1.16209 1.1686 1.17579 1.18263 1.18832 1.19231 1.19425 1.19403 1.19176 1.18778 1.18266 1.17719 1.17239 1.1695 1.16999 1.17557 1.18816 1.20991 1.2432 1.29063 1.35504 1.43948 1.54724 1.68182 1.84698 2.04666 2.28505 2.56659 2.8959 3.27785 3.71755 4.22031 4.79167 5.43741 6.16353 6.97624 7.882 8.88749 9.99958 11.2254 12.5724 14.0479 15.66 17.4165 19.3257 21.3961 23.6364 26.0555 28.6625 31.4667 34.4779 37.7056 41.16 44.8514 
72.4818 67.1436 62.1087 57.3655 52.9026 48.7088 44.7732 41.085 37.6338 34.4092 31.4013 28.6001 25.9961 23.5798 21.3423 19.2744 17.3677 15.6134 14.0035 12.5299 11.1848 9.96067 8.85011 7.84604 6.94156 6.13 5.40493 4.76013 4.18962 3.68762 3.24861 2.86728 2.53853 2.2575 2.01957 1.82033 1.65558 1.52138 1.41399 1.32991 1.26586 1.21878 1.18585 1.16447 1.15225 1.14705 1.14695 1.15025 1.15547 1.16138 1.16696 1.1714 1.17415 1.17486 1.17343 1.16996 1.1648 1.15851 1.15188 1.14593 1.1419 1.14128 1.14576 1.15725 1.17792 1.21014 1.25652 1.31989 1.40331 1.51005 1.64363 1.8078 2.0065 2.24394 2.52452 2.8529 3.23393 3.67271 4.17457 4.74505 5.38991 6.11517 6.92704 7.83196 8.83662 9.94791 11.173 12.5191 13.9939 15.6052 17.361 19.2695 21.3391 23.5787 25.9971 28.6034 31.407 34.4174 37.6446 41.0984 44.7891 
72.5578 67.2175 62.1807 57.4355 52.9707 48.775 44.8374 41.1473 37.6942 34.4677 31.4578 28.6547 26.0488 23.6307 21.3913 19.3216 17.413 15.6569 14.0452 12.5697 11.2228 9.99689 8.88455 7.87871 6.97247 6.15916 5.43236 4.78584 4.21362 3.70993 3.26924 2.88624 2.55584 2.27317 2.03362 1.83276 1.66641 1.53063 1.42167 1.33603 1.27044 1.22183 1.18738 1.1645 1.1508 1.14413 1.14257 1.14442 1.14822 1.15272 1.15689 1.15995 1.16133 1.16069 1.15791 1.15311 1.14664 1.13904 1.13113 1.12391 1.11863 1.11677 1.12001 1.13029 1.14977 1.1808 1.22601 1.28822 1.37049 1.47611 1.60858 1.77164 1.96926 2.20562 2.48514 2.81247 3.19247 3.63023 4.13109 4.70057 5.34446 6.06875 6.87967 7.78366 8.78739 9.89777 11.1219 12.4672 13.9411 15.5515 17.3065 19.2141 21.283 23.5218 25.9394 28.5449 31.3477 34.3574 37.5838 41.0369 44.7269 
72.6458 67.3035 62.2645 57.5172 53.0503 48.8525 44.9129 41.2207 37.7655 34.5369 31.525 28.7198 26.1119 23.6917 21.4503 19.3786 17.4679 15.7099 14.0962 12.6188 11.2699 10.042 8.92777 7.92001 7.01187 6.19668 5.468 4.81962 4.24555 3.74002 3.29751 2.9127 2.58051 2.29606 2.05474 1.85214 1.68406 1.54655 1.43589 1.34856 1.28129 1.23103 1.19494 1.17042 1.1551 1.14683 1.14369 1.14398 1.14622 1.14918 1.15183 1.15338 1.15327 1.15115 1.14692 1.14068 1.13277 1.12376 1.11445 1.10584 1.0992 1.09598 1.09788 1.10684 1.125 1.15475 1.19868 1.25963 1.34065 1.44503 1.57628 1.73814 1.93456 2.16975 2.44812 2.7743 3.15317 3.58982 4.08957 4.65797 5.30078 6.02401 6.83389 7.73685 8.73956 9.84894 11.0721 12.4164 13.8894 15.4988 17.2528 19.1596 21.2276 23.4655 25.8822 28.4868 31.2888 34.2977 37.5232 40.9755 44.6647 
72.745 67.4004 62.3591 57.6096 53.1404 48.9404 44.9985 41.3041 37.8467 34.6159 31.6017 28.7944 26.1843 23.762 21.5184 19.4445 17.5317 15.7716 14.1557 12.6762 11.3253 10.0953 8.979 7.96919 7.05901 6.2418 5.51111 4.86074 4.28469 3.7772 3.33274 2.94599 2.61188 2.32553 2.08232 1.87784 1.70791 1.56856 1.45607 1.36693 1.29787 1.24582 1.20797 1.1817 1.16466 1.15467 1.14983 1.14844 1.14902 1.15032 1.15134 1.15128 1.14956 1.14586 1.14005 1.13226 1.12282 1.11229 1.10147 1.09138 1.08326 1.07858 1.07905 1.08659 1.10334 1.13169 1.17425 1.23383 1.31351 1.41656 1.5465 1.70706 1.90221 2.13613 2.41324 2.73819 3.11584 3.55128 4.04984 4.61707 5.25873 5.98082 6.78956 7.6914 8.69302 9.80132 11.0234 12.3666 13.8386 15.447 17.2 19.1058 21.1728 23.4097 25.8254 28.4292 31.2302 34.2382 37.4629 40.9143 44.6026 
72.8543 67.5073 62.4637 57.7118 53.2402 49.0378 45.0936 41.3968 37.937 34.7039 31.6874 28.8778 26.2653 23.8407 21.5948 19.5187 17.6037 15.8412 14.2232 12.7415 11.3883 10.1561 9.03763 8.02566 7.11332 6.29397 5.56115 4.90866 4.33052 3.82095 3.37442 2.98563 2.64948 2.36112 2.1159 1.90944 1.73753 1.59623 1.4818 1.39074 1.31977 1.26584 1.22612 1.198 1.17912 1.16731 1.16067 1.15749 1.1563 1.15585 1.15514 1.15335 1.14994 1.14455 1.13708 1.12764 1.11656 1.10442 1.092 1.08032 1.07064 1.06442 1.06335 1.06937 1.08463 1.1115 1.15259 1.21073 1.28897 1.39061 1.51915 1.67833 1.87211 2.10468 2.38046 2.70409 3.08044 3.5146 4.01189 4.57786 5.21828 5.93915 6.74668 7.64734 8.64778 9.75492 10.9759 12.318 13.7888 15.3962 17.1481 19.0527 21.1187 23.3546 25.7693 28.372 31.1721 34.1791 37.4028 40.8533 44.5407 
72.9732 67.6237 62.5775 57.8231 53.3491 49.1441 45.1974 41.4982 38.036 34.8004 31.7815 28.9694 26.3545 23.9275 21.6792 19.6007 17.6833 15.9185 14.2981 12.814 11.4586 10.2241 9.10328 8.08902 7.17442 6.35282 5.61777 4.96306 4.38271 3.87096 3.42226 3.03131 2.69302 2.40254 2.15522 1.94666 1.77268 1.62933 1.51286 1.41978 1.34681 1.29089 1.2492 1.21913 1.19832 1.1846 1.17606 1.171 1.16794 1.16565 1.16311 1.15951 1.15431 1.14715 1.13792 1.12673 1.11394 1.10009 1.08599 1.07264 1.06131 1.05345 1.05077 1.0552 1.06887 1.09418 1.13372 1.19033 1.26707 1.36721 1.49427 1.65199 1.84433 2.07547 2.34984 2.67208 3.04705 3.47985 3.9758 4.54044 5.17955 5.89913 6.70539 7.60478 8.60398 9.70988 10.9296 12.2705 13.7402 15.3464 17.0971 19.0007 21.0655 23.3003 25.7139 28.3156 31.1146 34.1206 37.3432 40.7927 44.4791 
73.1011 67.749 62.7002 57.9432 53.4666 49.2591 45.3098 41.608 38.1432 34.905 31.8836 29.0689 26.4516 24.022 21.7712 19.6902 17.7703 16.0031 14.3802 12.8937 11.5358 10.299 9.17575 8.15911 7.24215 6.4182 5.68082 5.0238 4.44115 3.92711 3.47615 3.08294 2.74242 2.44972 2.2002 1.98946 1.81332 1.66782 1.54922 1.45403 1.37897 1.32097 1.27722 1.24512 1.22228 1.20656 1.19603 1.189 1.184 1.17978 1.17532 1.16983 1.16275 1.15373 1.14267 1.12967 1.11507 1.09944 1.08357 1.06848 1.05541 1.04585 1.04147 1.04422 1.05624 1.07991 1.11783 1.17284 1.24799 1.34656 1.47208 1.62826 1.81908 2.04873 2.32162 2.64239 3.01592 3.44729 3.94183 4.50508 5.14281 5.86102 6.66594 7.564 8.56189 9.6665 10.885 12.2246 13.693 15.298 17.0475 18.9499 21.0135 23.2471 25.6596 28.2602 31.0581 34.0629 37.2845 40.7329 44.4183 
73.238 67.8832 62.8317 58.072 53.5926 49.3824 45.4305 41.726 38.2585 35.0177 31.9936 29.1764 26.5564 24.1242 21.8708 19.7873 17.8648 16.095 14.4696 12.9806 11.6201 10.3808 9.25508 8.23598 7.31656 6.49017 5.75037 5.09095 4.50591 3.9895 3.53618 3.14064 2.7978 2.50279 2.25099 2.03799 1.85959 1.71186 1.59105 1.49367 1.41642 1.35627 1.31038 1.27615 1.25121 1.2334 1.22081 1.21174 1.20471 1.19848 1.19203 1.18457 1.17554 1.16458 1.1516 1.1367 1.12023 1.10274 1.08503 1.06812 1.05325 1.0419 1.03576 1.03677 1.04706 1.06902 1.10525 1.15858 1.23208 1.32901 1.45291 1.60749 1.79673 2.02482 2.29616 2.61541 2.98742 3.4173 3.91036 4.47215 5.10844 5.82523 6.62874 7.52541 8.52193 9.62518 10.8423 12.1806 13.6477 15.2514 16.9997 18.9008 20.9632 23.1956 25.6069 28.2062 31.0029 34.0066 37.2271 40.6743 44.3586 
73.3838 68.0262 62.9719 58.2094 53.7273 49.5143 45.5596 41.8524 38.3821 35.1386 32.1118 29.2918 26.6691 24.2343 21.9782 19.892 17.9669 16.1944 14.5664 13.0747 11.7117 10.4698 9.34153 8.31987 7.39792 6.56901 5.82671 5.16479 4.57729 4.05842 3.60267 3.20471 2.85947 2.56208 2.30792 2.09256 1.91184 1.7618 1.6387 1.53904 1.45955 1.39716 1.34905 1.31262 1.2855 1.26554 1.25081 1.23961 1.23048 1.22216 1.21365 1.20415 1.19309 1.18013 1.16516 1.1483 1.12987 1.11045 1.09083 1.07203 1.0553 1.04209 1.03412 1.03331 1.0418 1.06199 1.09646 1.14805 1.21983 1.31507 1.43728 1.5902 1.77779 2.00424 2.27398 2.59163 2.96207 3.39039 3.88191 4.44218 5.07697 5.79227 6.59431 7.48954 8.48462 9.58646 10.8022 12.1391 13.6049 15.2072 16.9541 18.8539 20.915 23.1461 25.5562 28.1542 30.9497 33.9522 37.1715 40.6176 44.3007 
73.5389 68.1784 63.1212 58.3559 53.8709 49.6551 45.6975 41.9874 38.5144 35.2681 32.2384 29.4157 26.7902 24.3526 22.0938 20.0048 18.0769 16.3018 14.671 13.1767 11.8111 10.5664 9.43554 8.41125 7.48669 6.65519 5.91031 5.24583 4.65578 4.13439 3.67613 3.27568 2.92796 2.62812 2.37151 2.15374 1.97062 1.81819 1.69272 1.59072 1.5089 1.4442 1.3938 1.35511 1.32574 1.30354 1.2866 1.27321 1.2619 1.25144 1.24079 1.22917 1.21602 1.20099 1.18396 1.16506 1.14462 1.1232 1.10161 1.08085 1.06217 1.04705 1.03718 1.03448 1.04112 1.05946 1.09211 1.1419 1.21189 1.30536 1.42582 1.57701 1.7629 1.98766 2.25572 2.57172 2.94052 3.36722 3.85715 4.41583 5.04906 5.76281 6.56332 7.45704 8.45063 9.55099 10.7652 12.1007 13.5651 15.166 16.9115 18.8099 20.8697 23.0995 25.5082 28.105 30.8992 33.9004 37.1184 40.5632 44.2451 
73.7037 68.3403 63.2802 58.5119 54.024 49.8053 45.8448 42.1318 38.6559 35.4067 32.3742 29.5486 26.9202 24.4798 22.2181 20.1263 18.1957 16.4177 14.7842 13.2872 11.9187 10.6714 9.53779 8.5108 7.58356 6.74939 6.00186 5.33475 4.74209 4.2181 3.75725 3.35424 3.00398 2.70161 2.44249 2.22223 2.03663 1.88175 1.75385 1.64943 1.56521 1.49814 1.44538 1.40435 1.37266 1.34816 1.32894 1.31329 1.29974 1.28705 1.27421 1.26041 1.24509 1.22791 1.20877 1.18776 1.16524 1.14176 1.11812 1.09533 1.07465 1.05755 1.04571 1.04107 1.04578 1.06221 1.09297 1.1409 1.20904 1.30068 1.41933 1.56873 1.75284 1.97585 2.24217 2.55645 2.92355 3.34858 3.83684 4.39388 5.02548 5.73763 6.53655 7.42869 8.42072 9.51955 10.7323 12.0663 13.5291 15.1286 16.8727 18.7696 20.828 23.0563 25.4637 28.0591 30.8519 33.8518 37.0685 40.512 44.1927 
73.8791 68.5126 63.4495 58.6783 54.1874 49.9657 46.0022 42.2863 38.8074 35.5552 32.5198 29.6912 27.06 24.6167 22.3521 20.2574 18.3239 16.5431 14.9068 13.4069 12.0357 10.7855 9.64912 8.61938 7.68938 6.85248 6.10223 5.43243 4.83708 4.31042 3.84693 3.44129 3.08841 2.78344 2.52175 2.29893 2.11079 1.95339 1.82299 1.71608 1.6294 1.55988 1.5047 1.46125 1.42718 1.40031 1.37874 1.36076 1.3449 1.32993 1.31481 1.29876 1.28122 1.26183 1.24049 1.21732 1.19264 1.16703 1.14128 1.11641 1.09366 1.0745 1.06063 1.05398 1.0567 1.07116 1.09997 1.14595 1.21218 1.30192 1.4187 1.56624 1.74851 1.9697 2.23423 2.54672 2.91207 3.33534 3.82188 4.37721 5.00712 5.7176 6.51486 7.40537 8.39579 9.49301 10.7042 12.0366 13.4979 15.0958 16.8384 18.7339 20.7907 23.0176 25.4235 28.0175 30.8089 33.8074 37.0227 40.4649 44.1442 
74.0658 68.6963 63.6302 58.8559 54.3619 50.1372 46.1707 42.4518 38.9699 35.7147 32.6763 29.8447 27.2105 24.7642 22.4967 20.3991 18.4627 16.679 15.0397 13.5369 12.1628 10.9098 9.77058 8.73801 7.8052 6.9655 6.21247 5.5399 4.9418 4.41241 3.9462 3.53786 3.1823 2.87467 2.61033 2.38489 2.19414 2.03415 1.90118 1.79172 1.7025 1.63047 1.57279 1.52688 1.49034 1.46104 1.43705 1.41667 1.39844 1.38111 1.36365 1.34529 1.32544 1.30378 1.28018 1.25477 1.22788 1.20007 1.17214 1.14511 1.12022 1.09894 1.08297 1.07424 1.0749 1.08732 1.11411 1.1581 1.22234 1.31012 1.42495 1.57057 1.75094 1.97024 2.23289 2.54354 2.90706 3.32852 3.81326 4.36682 4.99497 5.70371 6.49926 7.38806 8.37679 9.47235 10.6818 12.0126 13.4723 15.0686 16.8096 18.7036 20.7589 22.9842 25.3886 27.9811 30.7711 33.7681 36.982 40.4227 44.1005 
74.2652 68.8925 63.8233 59.0459 54.5489 50.321 46.3515 42.6294 39.1445 35.8863 32.8448 30.0102 27.373 24.9236 22.6531 20.5525 18.6131 16.8264 15.1842 13.6785 12.3014 11.0455 9.90334 8.86787 7.93219 7.08962 6.33374 5.65834 5.05743 4.52524 4.05625 3.64514 3.28684 2.97648 2.70943 2.48129 2.28787 2.12522 1.9896 1.87753 1.78571 1.71109 1.65085 1.60239 1.56333 1.53152 1.50505 1.4822 1.46152 1.44176 1.4219 1.40115 1.37893 1.35492 1.329 1.30128 1.27209 1.24202 1.21184 1.18258 1.15548 1.13201 1.11387 1.10299 1.10152 1.11183 1.13652 1.17844 1.24063 1.32638 1.43919 1.58281 1.7612 1.97855 2.23927 2.54799 2.9096 3.32919 3.81206 4.36378 4.9901 5.69702 6.49078 7.37781 8.36478 9.4586 10.6664 11.9955 13.4534 15.0481 16.7874 18.6797 20.7334 22.9572 25.36 27.9509 30.7393 33.7348 36.9471 40.3864 44.0627 
74.4783 69.1025 64.0302 59.2496 54.7494 50.5184 46.5458 42.8206 39.3325 36.0712 33.0266 30.1889 27.5486 25.0962 22.8226 20.7189 18.7765 16.9867 15.3415 13.8328 12.4527 11.1938 10.0487 9.01028 8.07165 7.22616 6.46737 5.78906 5.18527 4.65022 4.17838 3.76444 3.40332 3.09016 2.82033 2.58942 2.39326 2.22788 2.08956 1.97479 1.8803 1.80303 1.74015 1.68907 1.64742 1.61303 1.584 1.55861 1.53541 1.51315 1.49081 1.46759 1.44294 1.4165 1.38818 1.35807 1.32653 1.29411 1.26161 1.23004 1.20066 1.17492 1.15454 1.14144 1.13775 1.14588 1.16841 1.20817 1.26823 1.35187 1.4626 1.60415 1.78049 1.9958 2.2545 2.56123 2.92086 3.33849 3.81942 4.36921 4.99363 5.69867 6.49055 7.37573 8.36087 9.45287 10.6589 11.9862 13.4424 15.0353 16.7729 18.6635 20.7155 22.9376 25.3387 27.9279 30.7147 33.7086 36.9193 40.357 44.0318 
74.7066 69.3276 64.2521 59.4683 54.965 50.7308 46.7549 43.0266 39.5353 36.2709 33.2231 30.3823 27.7388 25.2833 23.0066 20.8998 18.9542 17.1614 15.5131 14.0013 12.6182 11.3562 10.2081 9.16662 8.22498 7.3765 6.61473 5.93346 5.32671 4.78873 4.31397 3.89713 3.53312 3.2171 2.94442 2.71067 2.51169 2.34351 2.20241 2.08487 1.98763 1.90764 1.84205 1.78828 1.74395 1.70691 1.67524 1.64725 1.62145 1.59661 1.57171 1.54595 1.51878 1.48984 1.45904 1.42647 1.39248 1.35764 1.32274 1.28879 1.25704 1.22896 1.20626 1.19084 1.18488 1.19073 1.21101 1.24855 1.3064 1.38785 1.49641 1.6358 1.81001 2.0232 2.27981 2.58446 2.94203 3.35761 3.83653 4.38431 5.00674 5.70981 6.49974 7.38298 8.3662 9.4563 10.6604 11.9858 13.4402 15.0313 16.7671 18.6559 20.7061 22.9264 25.3258 27.9133 30.6984 33.6905 36.8996 40.3356 44.0087 
74.9515 69.5693 64.4905 59.7036 55.197 50.9596 46.9805 43.2489 39.7545 36.4868 33.4358 30.5918 27.9451 25.4864 23.2065 21.0966 19.1478 17.3518 15.7004 14.1854 12.7992 11.5341 10.3829 9.33835 8.39364 7.54209 6.77727 6.09297 5.48321 4.94222 4.46447 4.04466 3.67769 3.35872 3.08311 2.84646 2.64459 2.47353 2.32957 2.20919 2.10913 2.02632 1.95795 1.90141 1.85433 1.81456 1.78017 1.74948 1.721 1.6935 1.66596 1.63759 1.60781 1.57629 1.54292 1.50781 1.4713 1.43395 1.39656 1.36014 1.32594 1.29544 1.27032 1.25252 1.24418 1.24768 1.26563 1.30085 1.35641 1.43558 1.54187 1.67903 1.85101 2.062 2.31642 2.61891 2.97433 3.38778 3.86458 4.41027 5.03062 5.73163 6.51952 7.40074 8.38195 9.47006 10.6722 11.9957 13.4481 15.0372 16.7711 18.658 20.7064 22.9248 25.3224 27.9081 30.6913 33.6817 36.889 40.3232 43.9946 
75.2145 69.8291 64.747 59.9568 55.4469 51.2063 47.2239 43.4891 39.9913 36.7204 33.6662 30.8189 28.169 25.707 23.4239 21.3107 19.3587 17.5595 15.9049 14.3867 12.9973 11.729 10.5746 9.52695 8.57909 7.72442 6.95648 6.26907 5.65622 5.11215 4.63134 4.20847 3.83847 3.51648 3.23787 2.99823 2.79338 2.61937 2.47247 2.34917 2.2462 2.16051 2.08926 2.02987 1.97995 1.93736 1.90018 1.8667 1.83546 1.80522 1.77495 1.74386 1.7114 1.67721 1.64119 1.60344 1.56432 1.52437 1.4844 1.44543 1.40869 1.37567 1.34805 1.32776 1.31696 1.31801 1.33354 1.36635 1.41952 1.49632 1.60026 1.73508 1.90475 2.11344 2.36558 2.66581 3.01899 3.43021 3.9048 4.4483 5.06648 5.76533 6.55108 7.43017 8.40928 9.4953 10.6954 12.0168 13.4672 15.0543 16.7862 18.6711 20.7174 22.934 25.3295 27.9133 30.6947 33.6831 36.8885 40.3209 43.9904 
75.4971 70.1084 65.023 60.2295 55.7163 51.4723 47.4866 43.7485 40.2475 36.9732 33.9157 31.0651 28.4118 25.9466 23.6602 21.5437 19.5884 17.7859 16.128 14.6066 13.2139 11.9424 10.7848 9.73388 8.78281 7.92493 7.1538 6.46321 5.84719 5.29997 4.81601 4.39002 4.01691 3.69182 3.41012 3.16741 2.9595 2.78245 2.63253 2.50622 2.40026 2.31159 2.23739 2.17505 2.12221 2.07671 2.03664 2.00029 1.96619 1.93311 1.90003 1.86614 1.83089 1.79394 1.75517 1.7147 1.67286 1.63022 1.58758 1.54595 1.50658 1.47094 1.44072 1.41785 1.40449 1.403 1.416 1.44631 1.49698 1.57131 1.6728 1.80519 1.97244 2.17874 2.4285 2.72636 3.07719 3.48609 3.95836 4.49957 5.11547 5.81206 6.59557 7.47244 8.44933 9.53316 10.731 12.0503 13.4985 15.0835 16.8133 18.6961 20.7404 22.9548 25.3484 27.9301 30.7094 33.6959 36.8993 40.3297 43.9973 
75.8007 70.4086 65.3199 60.523 56.0065 51.7592 47.7702 44.0287 40.5242 37.2466 34.1857 31.3318 28.6752 26.2066 23.9168 21.7969 19.8383 18.0325 16.3713 14.8465 13.4505 12.1757 11.0148 9.96055 9.00619 8.14503 7.37063 6.67679 6.05752 5.50706 5.01988 4.59068 4.21437 3.88609 3.60122 3.35536 3.14431 2.96413 2.81109 2.68169 2.57264 2.48091 2.40366 2.33829 2.28243 2.23393 2.19087 2.15155 2.11451 2.07849 2.04249 2.00571 1.96758 1.92776 1.88614 1.84284 1.7982 1.75277 1.70736 1.66297 1.62086 1.5825 1.54958 1.52403 1.508 1.50386 1.51423 1.54192 1.59 1.66176 1.76069 1.89054 2.05526 2.25905 2.50632 2.80171 3.15009 3.55655 4.0264 4.5652 5.17872 5.87294 6.65409 7.52862 8.5032 9.58472 10.7803 12.0973 13.5433 15.126 16.8536 18.7342 20.7763 22.9885 25.3799 27.9595 30.7367 33.721 36.9223 40.3506 44.0161 
76.1266 70.7311 65.6391 60.8388 56.3189 52.0682 48.0757 44.3308 40.823 37.542 34.4777 31.6203 28.9603 26.4882 24.1951 22.0718 20.1098 18.3006 16.6359 15.1078 13.7084 12.4302 11.2658 10.2083 9.25054 8.38602 7.60827 6.91109 6.28849 5.73472 5.24423 4.81173 4.43214 4.10059 3.81247 3.56335 3.34907 3.16568 3.00943 2.87684 2.76462 2.66972 2.58932 2.52082 2.46184 2.41025 2.3641 2.32172 2.28162 2.24257 2.20355 2.16377 2.12265 2.07987 2.03531 1.98907 1.94151 1.89319 1.84489 1.79764 1.75269 1.71149 1.67576 1.64742 1.62861 1.62172 1.62934 1.65432 1.69969 1.76876 1.86502 1.99221 2.1543 2.35547 2.60014 2.89294 3.23875 3.64265 4.10997 4.64626 5.25727 5.949 6.72768 7.59976 8.5719 9.651 10.8442 12.1588 13.6024 15.1828 16.908 18.7862 20.826 23.036 25.4251 28.0024 30.7773 33.7594 36.9585 40.3846 44.0479 
76.4759 71.0771 65.9816 61.1779 56.6546 52.4005 48.4046 44.6562 41.1449 37.8604 34.7927 31.9318 29.2684 26.7928 24.4962 22.3695 20.404 18.5913 16.9231 15.3915 13.9887 12.707 11.5392 10.4782 9.51703 8.64907 7.8679 7.1673 6.54128 5.9841 5.49023 5.05434 4.67138 4.33647 4.04499 3.79254 3.57493 3.38822 3.22868 3.09279 2.9773 2.87914 2.7955 2.72377 2.66157 2.60677 2.55744 2.51189 2.46864 2.42645 2.3843 2.34141 2.29721 2.25135 2.20372 2.15445 2.10386 2.05253 2.00124 1.95102 1.9031 1.85897 1.82032 1.78907 1.76737 1.7576 1.76237 1.7845 1.82706 1.89332 1.98679 2.11121 2.27054 2.46897 2.71092 3.00102 3.34413 3.74537 4.21003 4.74367 5.35206 6.04118 6.81727 7.68677 8.65634 9.7329 10.9235 12.2356 13.6767 15.2546 16.9774 18.8532 20.8905 23.098 25.4847 28.0596 30.8322 33.8119 37.0086 40.4324 44.0933 
76.8496 71.4474 66.3485 61.5414 57.0146 52.757 48.7577 45.0058 41.491 38.203 35.1318 32.2674 29.6004 27.1213 24.8211 22.6909 20.7219 18.9056 17.2339 15.6988 14.2924 13.0072 11.8359 10.7713 9.80664 8.93517 8.15049 7.44638 6.81687 6.2562 5.75884 5.31949 4.93306 4.59469 4.29977 4.04389 3.82286 3.63274 3.46979 3.33052 3.21166 3.11014 3.02315 2.94808 2.88257 2.82446 2.77184 2.723 2.67649 2.63105 2.58568 2.53957 2.49216 2.44311 2.39232 2.33989 2.28616 2.23171 2.17731 2.124 2.07301 2.02582 1.98413 1.94985 1.92515 1.91239 1.91418 1.93335 1.97297 2.0363 2.12686 2.24839 2.40484 2.60041 2.83951 3.12678 3.46708 3.86552 4.3274 4.85827 5.46391 6.1503 6.92366 7.79046 8.75734 9.83122 11.0192 12.3286 13.7671 15.3424 17.0625 18.9357 20.9705 23.1755 25.5596 28.132 30.902 33.8792 37.0735 40.4947 44.1532 
77.2486 71.8429 66.7406 61.93 57.3997 53.1386 49.1358 45.3804 41.8621 38.5705 35.4957 32.6277 29.9571 27.4745 25.1707 23.0368 21.0642 19.2444 17.5691 16.0303 14.6203 13.3315 12.1566 11.0885 10.1202 9.2451 8.45682 7.74912 7.11603 6.55178 6.05085 5.60793 5.21795 4.87604 4.57758 4.31817 4.09362 3.89999 3.73355 3.59079 3.46845 3.36347 3.27302 3.19452 3.12558 3.06406 3.00804 2.95582 2.90593 2.85714 2.80842 2.75898 2.70825 2.65591 2.60183 2.54613 2.48915 2.43146 2.37384 2.31732 2.26314 2.21277 2.16791 2.13049 2.10266 2.08679 2.08548 2.10157 2.13812 2.1984 2.28593 2.40443 2.55789 2.75047 2.98659 3.27091 3.60827 4.00378 4.46275 4.99073 5.59348 6.27701 7.04752 7.91148 8.87554 9.94661 11.1318 12.4385 13.8742 15.4467 17.1641 19.0346 21.0666 23.2689 25.6504 28.2201 30.9875 33.962 37.1536 40.5723 44.2282 
77.6731 72.264 67.1583 62.3442 57.8104 53.5458 49.5393 45.7804 42.2585 38.9633 35.8849 33.0133 30.3391 27.8528 25.5454 23.4079 21.4316 19.6081 17.9291 16.3867 14.973 13.6805 12.5019 11.4301 10.4581 9.57936 8.78741 8.07604 7.43928 6.87137 6.36678 5.92021 5.52658 5.18103 4.87894 4.61591 4.38774 4.19051 4.02047 3.87413 3.74821 3.63966 3.54566 3.46361 3.39114 3.3261 3.26657 3.21086 3.15749 3.10523 3.05305 3.00017 2.94602 2.89026 2.83278 2.7737 2.71335 2.65229 2.59134 2.53149 2.474 2.42033 2.37219 2.33151 2.30042 2.28131 2.27679 2.28967 2.32303 2.38013 2.4645 2.57986 2.73019 2.91965 3.15268 3.43391 3.7682 4.16065 4.61658 5.14154 5.74128 6.42181 7.18934 8.05033 9.01144 10.0796 11.2618 12.5656 13.9984 15.5681 17.2826 19.1502 21.1794 23.3788 25.7575 28.3244 31.089 34.0608 37.2496 40.6655 44.3187 
78.1235 72.7109 67.6016 62.7841 58.2467 53.9785 49.9685 46.206 42.6805 39.3817 36.2996 33.4244 30.7465 28.2565 25.9454 23.8041 21.8241 19.9969 18.3142 16.768 15.3506 14.0544 12.872 11.7964 10.8207 9.93821 9.1425 8.42738 7.78687 7.21522 6.70688 6.25657 5.85921 5.50993 5.20412 4.93736 4.70549 4.50455 4.33082 4.18079 4.0512 3.93898 3.84133 3.75563 3.67952 3.61086 3.54772 3.4884 3.43144 3.3756 3.31986 3.26343 3.20574 3.14645 3.08546 3.02288 2.95904 2.89452 2.8301 2.76681 2.70588 2.6488 2.59727 2.55319 2.51873 2.49627 2.4884 2.49796 2.528 2.5818 2.66288 2.77498 2.92204 3.10827 3.33807 3.61608 3.94718 4.33645 4.78921 5.311 5.9076 6.585 7.34942 8.20731 9.16533 10.2304 11.4096 12.7103 14.1401 15.7067 17.4182 19.2829 21.3091 23.5056 25.8812 28.4452 31.2068 34.1757 37.3617 40.7746 44.4249 
78.5994 73.1834 68.0706 63.2495 58.7086 54.4368 50.4232 46.6571 43.1279 39.8254 36.7397 33.8607 31.1791 28.6854 26.3705 24.2255 22.2418 20.4107 18.7242 17.1743 15.7531 14.453 13.2668 12.1874 11.2079 10.3216 9.52202 8.80307 8.15873 7.58325 7.07109 6.61696 6.21577 5.86268 5.55306 5.2825 5.04682 4.84209 4.66457 4.51077 4.3774 4.26142 4.16001 4.07057 3.99072 3.91833 3.85147 3.78845 3.7278 3.66827 3.60886 3.54877 3.48743 3.42451 3.35989 3.2937 3.22626 3.15815 3.09016 3.02331 2.95885 2.89823 2.84318 2.7956 2.75765 2.73171 2.72037 2.72648 2.75309 2.80347 2.88115 2.98985 3.13353 3.31639 3.54284 3.81752 4.14529 4.53125 4.98071 5.49922 6.09255 6.7667 7.52787 8.38253 9.33734 10.3992 11.5752 12.8727 14.2993 15.8628 17.5712 19.4327 21.4558 23.6492 26.0218 28.5826 31.3412 34.3071 37.4899 40.8999 44.5472 
79.1002 73.6807 68.5645 63.7398 59.1954 54.9201 50.9029 47.1331 43.6002 40.294 37.2045 34.3219 31.6365 29.139 26.8204 24.6716 22.684 20.8491 19.1588 17.605 16.1799 14.876 13.6859 12.6026 11.6192 10.729 9.92553 9.20269 8.55445 7.97507 7.45901 7.00098 6.5959 6.23891 5.92539 5.65094 5.41139 5.20277 5.02138 4.8637 4.72647 4.60664 4.50138 4.4081 4.32443 4.24821 4.17754 4.11072 4.04627 3.98296 3.91977 3.85592 3.79083 3.72416 3.65582 3.58591 3.51477 3.44297 3.3713 3.30078 3.23265 3.1684 3.10971 3.05851 3.01696 2.98743 2.97252 2.97506 2.99811 3.04496 3.11911 3.2243 3.36449 3.54386 3.76684 4.03805 4.36238 4.74491 5.19095 5.70606 6.29599 6.96676 7.72457 8.57587 9.52733 10.5859 11.7586 13.0528 14.4761 16.0363 17.7414 19.5996 21.6195 23.8096 26.179 28.7367 31.4921 34.4547 37.6344 41.0412 44.6853 
79.625 74.2021 69.0824 64.2542 59.7062 55.4273 51.4064 47.633 44.0965 40.7866 37.6933 34.8069 32.1178 29.6165 27.294 25.1414 23.1499 21.3112 19.617 18.0592 16.6302 15.3224 14.1284 13.0412 12.0538 11.1597 10.3523 9.62547 8.97327 8.38992 7.86989 7.4079 6.99884 6.63789 6.32041 6.04199 5.79848 5.58591 5.40056 5.23894 5.09776 4.97399 4.8648 4.76759 4.68 4.59988 4.5253 4.45458 4.38625 4.31906 4.25201 4.18429 4.11536 4.04486 3.97269 3.89896 3.82402 3.74842 3.67297 3.59868 3.5268 3.4588 3.39637 3.34145 3.29619 3.26296 3.24436 3.24323 3.26263 3.30583 3.37634 3.47791 3.61448 3.79026 4.00965 4.2773 4.59806 4.97704 5.41955 5.93113 6.51756 7.18483 7.93915 8.78698 9.73498 10.7901 11.9593 13.2501 14.67 16.2268 17.9285 19.7834 21.7999 23.9867 26.3527 28.907 31.6591 34.6184 37.7948 41.1983 44.8391 
80.1724 74.746 69.6228 64.7912 60.2396 55.9571 51.9326 48.1555 44.6153 41.3017 38.2047 35.3145 32.6216 30.1165 27.7901 25.6336 23.6383 21.7957 20.0975 18.5359 17.1029 15.7912 14.5932 13.502 12.5106 11.6125 10.8011 10.0703 9.41404 8.82667 8.30263 7.8366 7.42352 7.05854 6.73703 6.45459 6.20705 5.99045 5.80108 5.63544 5.49025 5.36247 5.24927 5.14806 5.05647 4.97236 4.8938 4.81911 4.74681 4.67567 4.60466 4.53301 4.46014 4.38571 4.30963 4.232 4.15316 4.07368 3.99435 3.9162 3.84047 3.76863 3.70238 3.64364 3.59457 3.55754 3.53517 3.53026 3.5459 3.58535 3.65213 3.74997 3.88284 4.05491 4.27062 4.53459 4.85169 5.22701 5.66588 6.17384 6.75665 7.42031 8.17104 9.01528 9.95972 11.0112 12.1769 13.4642 14.8806 16.4339 18.1321 19.9834 21.9964 24.1798 26.5423 29.0932 31.8418 34.7977 37.9707 41.3708 45.0082 
80.7404 75.3107 70.184 65.3489 60.7938 56.5077 52.4796 48.6989 45.155 41.8377 38.7369 35.843 33.1462 30.6373 28.3071 26.1467 24.1475 22.3009 20.5989 19.0333 17.5964 16.2806 15.0786 13.9834 12.988 12.0858 11.2704 10.5355 9.87526 9.28383 8.75571 8.28562 7.86846 7.49941 7.17382 6.8873 6.63567 6.415 6.22155 6.05183 5.90257 5.77072 5.65345 5.54818 5.45254 5.36437 5.28176 5.20303 5.12669 5.05152 4.97649 4.90083 4.82395 4.74553 4.66546 4.58385 4.50104 4.4176 4.33432 4.25223 4.17256 4.0968 4.02664 3.964 3.91104 3.87014 3.84389 3.83513 3.84692 3.88254 3.94549 4.03952 4.16858 4.33687 4.54879 4.809 5.12234 5.49392 5.92906 6.43329 7.01239 7.67235 8.41939 9.25996 10.2007 11.2486 12.4106 13.6943 15.107 16.6567 18.3513 20.1991 22.2085 24.3882 26.7472 29.2946 32.0396 34.992 38.1615 41.558 45.192 
