# Please cite arXiv:2008.01110
# The chisq test statistic between a given point in parameter space and the data including pulls from Daya Bay and KamLAND and marginalization over the other four oscillation parameters for a fixed MO
# The first two rows define the grid:
#   delta
#   s23sq
# The remaining rows are the chisq test statistic where the first row is at delta=0 and at increasing values of s23sq. The remaining rows are increasing values of delta.
0 0.0628319 0.125664 0.188496 0.251327 0.314159 0.376991 0.439823 0.502655 0.565487 0.628319 0.69115 0.753982 0.816814 0.879646 0.942478 1.00531 1.06814 1.13097 1.19381 1.25664 1.31947 1.3823 1.44513 1.50796 1.5708 1.63363 1.69646 1.75929 1.82212 1.88496 1.94779 2.01062 2.07345 2.13628 2.19911 2.26195 2.32478 2.38761 2.45044 2.51327 2.57611 2.63894 2.70177 2.7646 2.82743 2.89027 2.9531 3.01593 3.07876 3.14159 3.20442 3.26726 3.33009 3.39292 3.45575 3.51858 3.58142 3.64425 3.70708 3.76991 3.83274 3.89557 3.95841 4.02124 4.08407 4.1469 4.20973 4.27257 4.3354 4.39823 4.46106 4.52389 4.58673 4.64956 4.71239 4.77522 4.83805 4.90088 4.96372 5.02655 5.08938 5.15221 5.21504 5.27788 5.34071 5.40354 5.46637 5.5292 5.59203 5.65487 5.7177 5.78053 5.84336 5.90619 5.96903 6.03186 6.09469 6.15752 6.22035 6.28319 
0.3 0.304 0.308 0.312 0.316 0.32 0.324 0.328 0.332 0.336 0.34 0.344 0.348 0.352 0.356 0.36 0.364 0.368 0.372 0.376 0.38 0.384 0.388 0.392 0.396 0.4 0.404 0.408 0.412 0.416 0.42 0.424 0.428 0.432 0.436 0.44 0.444 0.448 0.452 0.456 0.46 0.464 0.468 0.472 0.476 0.48 0.484 0.488 0.492 0.496 0.5 0.504 0.508 0.512 0.516 0.52 0.524 0.528 0.532 0.536 0.54 0.544 0.548 0.552 0.556 0.56 0.564 0.568 0.572 0.576 0.58 0.584 0.588 0.592 0.596 0.6 0.604 0.608 0.612 0.616 0.62 0.624 0.628 0.632 0.636 0.64 0.644 0.648 0.652 0.656 0.66 0.664 0.668 0.672 0.676 0.68 0.684 0.688 0.692 0.696 0.7 
69.3419 64.0528 59.0685 54.3774 49.9678 45.8288 41.9491 38.3182 34.9254 31.7605 28.8134 26.0742 23.5332 21.1812 19.009 17.0074 15.168 13.4821 11.9415 10.5382 9.26428 8.11223 7.07466 6.14444 5.31465 4.57862 3.92987 3.36218 2.86954 2.44617 2.08651 1.78524 1.53726 1.33768 1.18186 1.06537 0.984011 0.93382 0.911048 0.912175 0.933909 0.973185 1.02716 1.09323 1.169 1.25231 1.34122 1.43405 1.52929 1.6257 1.72225 1.81815 1.91282 2.0059 2.0973 2.18711 2.27566 2.36353 2.45149 2.54057 2.63201 2.72728 2.82808 2.93633 3.05418 3.18401 3.32844 3.49029 3.67262 3.87873 4.11212 4.37655 4.67597 5.01459 5.39683 5.82733 6.31098 6.85288 7.45837 8.13298 8.88252 9.71299 10.6306 11.6419 12.7535 13.9723 15.3054 16.7603 18.3446 20.0659 21.9324 23.9524 26.1343 28.4868 31.0189 33.7397 36.6587 39.7853 43.1295 46.7012 50.5108 
69.4854 64.1882 59.1958 54.4966 50.079 45.932 42.0445 38.4057 35.0052 31.8326 28.8778 26.131 23.5826 21.2232 19.0436 17.0348 15.1881 13.4951 11.9474 10.537 9.2562 8.09728 7.05292 6.11598 5.27954 4.53693 3.88168 3.30756 2.80856 2.37891 2.01304 1.70563 1.45158 1.24601 1.08427 0.961939 0.874813 0.818923 0.790525 0.7861 0.802355 0.836223 0.884866 0.945669 1.01625 1.09444 1.17831 1.26616 1.35649 1.44807 1.53986 1.63107 1.72111 1.80965 1.89656 1.98196 2.06617 2.14976 2.23352 2.31846 2.40583 2.49709 2.59395 2.69833 2.81238 2.93848 3.07923 3.23747 3.41627 3.6189 3.84888 4.10995 4.40609 4.74149 5.12057 5.54798 6.0286 6.56753 7.1701 7.84187 8.58862 9.41636 10.3313 11.34 12.449 13.6653 14.9961 16.4486 18.0305 19.7496 21.614 23.6318 25.8116 28.1622 30.6923 33.4112 36.3283 39.4532 42.7956 46.3657 50.1737 
69.6599 64.3542 59.3533 54.6457 50.2199 46.0646 42.1688 38.5219 35.1133 31.9327 28.97 26.2153 23.6591 21.2919 19.1046 17.0882 15.234 13.5335 11.9784 10.5608 9.27266 8.10656 7.05509 6.11111 5.26771 4.5182 3.85614 3.27527 2.76961 2.33336 1.96097 1.64711 1.38669 1.17482 1.00686 0.878373 0.785172 0.723282 0.688958 0.67868 0.689157 0.717322 0.760334 0.815581 0.880676 0.953459 1.03199 1.11458 1.19972 1.28619 1.37293 1.45916 1.5443 1.62801 1.71016 1.79087 1.87046 1.94951 2.02879 2.10932 2.19235 2.27935 2.37201 2.47225 2.58224 2.70434 2.84116 2.99554 3.17054 3.36944 3.59576 3.85324 4.14584 4.47777 4.85345 5.27752 5.75486 6.29058 6.89001 7.55869 8.30242 9.1272 10.0393 11.0451 12.1514 13.365 14.6931 16.143 17.7224 19.439 21.301 23.3165 25.494 27.8423 30.3703 33.0871 36.0022 39.125 42.4656 46.0338 49.84 
69.8651 64.5506 59.5411 54.8247 50.3903 46.2264 42.3222 38.6669 35.2499 32.061 29.09 26.3272 23.7629 21.3876 19.1923 17.168 15.306 13.5977 12.035 10.6097 9.31402 8.14044 7.08156 6.13025 5.27959 4.5229 3.85372 3.26582 2.75319 2.31006 1.93086 1.61027 1.34318 1.12473 0.950252 0.815334 0.715773 0.647599 0.607067 0.590656 0.595075 0.617257 0.654362 0.703776 0.763113 0.830212 0.903139 0.980187 1.05987 1.14095 1.22238 1.30337 1.38335 1.46196 1.53909 1.61485 1.68957 1.7638 1.83835 1.91422 1.99266 2.07513 2.16334 2.2592 2.36488 2.48273 2.61538 2.76566 2.93662 3.13155 3.35396 3.6076 3.89644 4.22467 4.59671 5.01721 5.49105 6.02332 6.61937 7.28475 8.02523 8.84683 9.75578 10.7585 11.8618 13.0725 14.3977 15.8449 17.4215 19.1355 20.9948 23.0077 25.1828 27.5286 30.0542 32.7688 35.6816 38.8023 42.1407 45.7068 49.511 
70.1005 64.777 59.7585 55.0332 50.5899 46.4172 42.5042 38.8402 35.4146 32.2171 29.2377 26.4664 23.8937 21.5101 19.3066 17.2741 15.404 13.6877 12.1169 10.6838 9.38029 8.19896 7.13241 6.1735 5.31531 4.55117 3.87461 3.27941 2.75955 2.30926 1.92299 1.59539 1.32138 1.09608 0.914831 0.773215 0.667033 0.592314 0.545312 0.522508 0.520611 0.536552 0.567492 0.610818 0.664142 0.725303 0.792368 0.863629 0.937605 1.01304 1.08891 1.16441 1.23898 1.31225 1.38412 1.45468 1.52428 1.59347 1.66304 1.73401 1.80762 1.88533 1.96885 2.0601 2.16123 2.27461 2.40286 2.54879 2.71549 2.90622 3.1245 3.37409 3.65893 3.98323 4.35141 4.76812 5.23823 5.76685 6.35931 7.02116 7.75818 8.57638 9.482 10.4815 11.5816 12.7891 14.1113 15.5554 17.1291 18.8402 20.6967 22.7069 24.8792 27.2224 29.7455 32.4575 35.3678 38.4861 41.8222 45.3862 49.1882 
70.3653 65.0325 60.0047 55.2703 50.8179 46.6362 42.7142 39.0413 35.6068 32.4005 29.4123 26.6324 24.051 21.6589 19.4469 17.406 15.5275 13.803 12.224 10.7827 9.4712 8.28188 7.20742 6.24066 5.37471 4.60287 3.91869 3.31595 2.78862 2.33094 1.93735 1.60251 1.32134 1.08894 0.900682 0.75213 0.639089 0.557588 0.50388 0.474448 0.465998 0.475464 0.500006 0.53701 0.584088 0.63908 0.700052 0.765296 0.83333 0.902901 0.972982 1.04277 1.11169 1.1794 1.24578 1.31092 1.37518 1.4391 1.50348 1.56933 1.63788 1.71062 1.78924 1.87565 1.97202 2.08071 2.20434 2.34573 2.50794 2.69426 2.90821 3.15352 3.43416 3.75433 4.11845 4.53116 4.99735 5.5221 6.11077 6.76888 7.50224 8.31685 9.21894 10.215 11.3116 12.5158 13.8347 15.2757 16.8462 18.5542 20.4077 22.4149 24.5844 26.9248 29.4451 32.1544 35.0621 38.1779 41.5115 45.0729 48.8726 
70.658 65.3158 60.2786 55.5349 51.0732 46.8822 42.9511 39.269 35.8255 32.6102 29.613 26.8242 24.2341 21.8332 19.6125 17.563 15.676 13.9429 12.3556 10.9059 9.58613 8.38862 7.30602 6.33122 5.45728 4.67754 3.98554 3.37503 2.84003 2.37474 1.97362 1.63133 1.34278 1.10309 0.907605 0.751907 0.631797 0.543303 0.482681 0.446411 0.431201 0.433983 0.451918 0.482392 0.523017 0.571633 0.626306 0.685326 0.747215 0.810715 0.874801 0.938671 1.00175 1.06369 1.12437 1.1839 1.24262 1.30107 1.36005 1.42058 1.48389 1.55145 1.62497 1.70635 1.79776 1.90157 2.02038 2.15703 2.31457 2.49629 2.70571 2.94656 3.22281 3.53866 3.89852 4.30705 4.76912 5.28983 5.87451 6.52871 7.25822 8.06905 8.96743 9.95981 11.0529 12.2536 13.569 15.0066 16.5738 18.2786 20.1288 22.133 24.2994 26.6368 29.1541 31.8606 34.7655 37.8785 41.2094 44.7683 48.5654 
70.9771 65.6252 60.5786 55.8254 51.3542 47.1538 43.2134 39.522 36.0693 32.8448 29.8385 27.0407 24.4415 22.0318 19.8022 17.7439 15.8482 14.1065 12.5105 11.0524 9.72413 8.51825 7.42735 6.44432 5.56223 4.77441 4.07439 3.45596 2.91309 2.44002 2.03119 1.68127 1.38517 1.13799 0.935108 0.772084 0.644725 0.54906 0.481343 0.438055 0.415904 0.411823 0.422971 0.446736 0.480729 0.52279 0.570984 0.623603 0.679167 0.736419 0.794332 0.852106 0.909164 0.965161 1.01997 1.07371 1.1267 1.17951 1.23293 1.28796 1.34584 1.40806 1.4763 1.55248 1.63876 1.73751 1.85134 1.98307 2.13577 2.31272 2.51743 2.75365 3.02534 3.3367 3.69214 4.09631 4.5541 5.07059 5.65112 6.30125 7.02675 7.83363 8.72813 9.7167 10.806 12.003 13.3149 14.7489 16.3126 18.0139 19.8609 21.8617 24.0249 26.3591 28.8734 31.5768 34.4788 37.5889 40.917 44.4731 48.2675 
71.3205 65.959 60.9026 56.1398 51.6591 47.4492 43.4993 39.7986 36.3364 33.1027 30.0872 27.2801 24.6719 22.2531 20.0146 17.9474 16.0427 14.2922 12.6876 11.2208 9.88395 8.66955 7.57022 6.57881 5.68842 4.89238 4.18421 3.5577 3.00683 2.52583 2.10915 1.75145 1.44765 1.19285 0.982412 0.811915 0.67716 0.574175 0.499215 0.448761 0.419521 0.408428 0.412642 0.429549 0.456761 0.492118 0.533684 0.579753 0.628842 0.679697 0.731289 0.782817 0.833706 0.883609 0.932404 0.980198 1.02732 1.07434 1.12203 1.17142 1.22373 1.28045 1.34327 1.4141 1.4951 1.58865 1.69734 1.82401 1.97172 2.14375 2.34362 2.57506 2.84204 3.14876 3.49963 3.8993 4.35266 4.86479 5.44102 6.08692 6.80826 7.61105 8.50153 9.48614 10.5716 11.7648 13.0728 14.5031 16.0633 17.761 19.6045 21.6019 23.7617 26.0926 28.6037 31.3039 34.2028 37.3098 40.635 44.1881 47.9797 
71.6858 66.3145 61.2485 56.476 51.9856 47.7662 43.8067 40.0965 36.6249 33.3818 30.357 27.5407 24.9233 22.4953 20.2477 18.1715 16.2579 14.4985 12.8851 11.4095 10.064 8.84098 7.7331 6.73322 5.83443 5.03006 4.31364 3.67894 3.11996 2.63093 2.20628 1.8407 1.52908 1.26655 1.04845 0.87037 0.728107 0.617689 0.535373 0.47764 0.441197 0.422977 0.420141 0.430075 0.45039 0.478927 0.513749 0.55315 0.595648 0.639987 0.68514 0.730304 0.774906 0.818596 0.861254 0.902986 0.944123 0.985226 1.02708 1.0707 1.11733 1.16843 1.2257 1.29106 1.36666 1.45488 1.55832 1.67981 1.8224 1.98939 2.18429 2.41083 2.67298 2.97494 3.32112 3.71617 4.16497 4.67262 5.24444 5.88599 6.60305 7.40163 8.28795 9.26849 10.3499 11.5392 12.8433 14.2698 15.8262 17.5203 19.3601 21.354 23.5103 25.8378 28.3455 31.0424 33.9381 37.042 40.364 43.9141 47.7027 
72.0702 66.6892 61.6134 56.8312 52.3312 48.1022 44.1331 40.4134 36.9324 33.6798 30.6457 27.82 25.1934 22.7562 20.4995 18.4142 16.4916 14.7233 13.101 11.6166 10.2624 9.03067 7.91419 6.90578 5.99853 5.18576 4.46101 3.81807 3.25092 2.75378 2.3211 1.94756 1.62806 1.35772 1.13189 0.946151 0.796304 0.678379 0.588631 0.523541 0.479817 0.454392 0.444427 0.447307 0.460645 0.48228 0.510277 0.542928 0.578751 0.616492 0.655121 0.693837 0.732065 0.769457 0.805891 0.841473 0.876536 0.911637 0.947565 0.985332 1.02618 1.07157 1.12321 1.18301 1.25312 1.33592 1.43401 1.55022 1.68761 1.84947 2.0393 2.26085 2.51807 2.81518 3.15657 3.54691 3.99106 4.49412 5.06143 5.69853 6.41121 7.20548 8.08756 9.06392 10.1412 11.3264 12.6266 14.0492 15.6017 17.292 19.1281 21.1183 23.271 25.595 28.0993 30.7928 33.6851 36.7857 40.1046 43.6516 47.4371 
72.4708 67.08 61.9945 57.2026 52.6929 48.4543 44.4757 40.7464 37.256 33.994 30.9505 28.1156 25.4797 23.0334 20.7675 18.6731 16.7415 14.9643 13.3331 11.8399 10.4769 9.23649 8.11139 7.09443 6.17869 5.35751 4.62442 3.9732 3.39785 2.89258 2.45185 2.07032 1.74291 1.46473 1.23113 1.0377 0.880236 0.754767 0.65755 0.585066 0.534022 0.501352 0.484217 0.480002 0.486319 0.501008 0.522135 0.54799 0.577092 0.608185 0.640242 0.672461 0.704265 0.735308 0.765466 0.794846 0.82378 0.852826 0.882771 0.914628 0.949638 0.989266 1.03521 1.08939 1.15395 1.23127 1.32395 1.43482 1.56695 1.72361 1.90831 2.1248 2.37704 2.66922 3.00576 3.39131 3.83074 4.32916 4.89188 5.52447 6.2327 7.02258 7.90034 8.87245 9.94558 11.1266 12.4228 13.8414 15.39 17.0764 18.9087 20.8952 23.0442 25.3646 27.8653 30.5554 33.4443 36.5416 39.8571 43.4009 47.1832 
72.884 67.4835 62.3884 57.5869 53.0676 48.8194 44.8314 41.0927 37.5928 34.3215 31.2687 28.4245 25.7794 23.3239 21.0489 18.9455 17.005 15.2188 13.5788 12.0768 10.7051 9.45603 8.32234 7.29685 6.37266 5.54309 4.80168 4.14221 3.55867 3.04529 2.59651 2.20702 1.8717 1.58569 1.34434 1.14323 0.978153 0.845146 0.740464 0.660588 0.602226 0.562312 0.538005 0.526692 0.525986 0.533725 0.547974 0.567026 0.589398 0.613835 0.639309 0.665018 0.690386 0.715064 0.738931 0.762092 0.78488 0.807852 0.831794 0.857721 0.886871 0.920711 0.960935 1.00947 1.06845 1.14026 1.22751 1.33302 1.45984 1.61127 1.79082 2.00221 2.24942 2.53665 2.8683 3.24903 3.6837 4.17743 4.73553 5.36356 6.0673 6.85276 7.72616 8.69397 9.76287 10.9398 12.2318 13.6463 15.191 16.8735 18.702 20.6846 22.83 25.1467 27.6438 30.3303 33.2157 36.3096 39.6218 43.1623 46.9414 
73.3062 67.8962 62.7915 57.9805 53.4518 49.1942 45.1967 41.4487 37.9395 34.6589 31.5969 28.7436 26.0894 23.6249 21.3409 19.2286 17.2791 15.4841 13.8353 12.3246 10.9443 9.68666 8.54445 7.51051 6.57793 5.74004 4.99038 4.32272 3.73106 3.20963 2.75287 2.35547 2.01231 1.71853 1.46947 1.26073 1.08809 0.947597 0.835498 0.748276 0.68264 0.635523 0.604086 0.585715 0.578022 0.578847 0.586254 0.598536 0.61421 0.632021 0.65094 0.670165 0.689122 0.70746 0.725058 0.742022 0.758682 0.775599 0.793556 0.813567 0.836871 0.864936 0.899454 0.942348 0.995764 1.06208 1.14389 1.24404 1.36557 1.51177 1.68616 1.89246 2.13464 2.41691 2.74367 3.11957 3.54948 4.03851 4.59198 5.21544 5.91467 6.69569 7.56471 8.52821 9.59286 10.7656 12.0535 13.464 15.0046 16.6832 18.5078 20.4866 22.6282 24.9413 27.4347 30.1177 32.9996 36.0901 39.3989 42.9361 46.7119 
73.7336 68.3141 63.2001 58.3797 53.8417 49.5749 45.5682 41.8109 38.2926 35.003 31.9319 29.0696 26.4064 23.933 21.6402 19.519 17.5608 15.7572 14.0997 12.5804 11.1916 9.92551 8.77491 7.73264 6.7918 5.9457 5.1879 4.51217 3.91251 3.38314 2.91851 2.51329 2.1624 1.86095 1.60429 1.38801 1.20791 1.06002 0.940596 0.846118 0.773296 0.719063 0.68058 0.655233 0.640634 0.634623 0.635265 0.640851 0.649899 0.661155 0.673589 0.686399 0.699009 0.711071 0.722463 0.733289 0.743881 0.754798 0.766825 0.780974 0.798484 0.820823 0.849684 0.886987 0.934881 0.995739 1.07217 1.16699 1.28326 1.42427 1.59353 1.79477 2.03197 2.3093 2.63119 3.00229 3.42747 3.91182 4.46068 5.0796 5.77435 6.55094 7.41561 8.37481 9.43522 10.6038 11.8876 13.294 14.8306 16.5053 18.326 20.3011 22.4389 24.7483 27.2381 29.9175 32.7959 35.8829 39.1883 42.7222 46.4948 
74.162 68.7333 63.6101 58.7807 54.2336 49.9577 45.942 42.1758 38.6485 35.3499 32.27 29.3989 26.7269 24.2448 21.9433 19.8136 17.8469 16.0347 14.3688 12.8411 11.4439 10.1696 9.01076 7.96033 7.0114 6.15727 5.39149 4.70785 4.10034 3.56319 3.09084 2.67798 2.31949 2.01052 1.74641 1.52274 1.33532 1.18017 1.05356 0.951959 0.872083 0.810865 0.765464 0.733267 0.711886 0.699161 0.693157 0.692165 0.694703 0.699516 0.705576 0.712079 0.718451 0.724341 0.729629 0.734418 0.73904 0.744054 0.750244 0.758623 0.77043 0.787131 0.81042 0.842218 0.88467 0.940153 1.01127 1.10084 1.21194 1.34783 1.51203 1.70828 1.94055 2.21302 2.53011 2.89646 3.31696 3.7967 4.34101 4.95543 5.64575 6.41797 7.27832 8.23327 9.2895 10.4539 11.7336 13.1361 14.6687 16.3395 18.1564 20.1277 22.2618 24.5675 27.0537 29.7296 32.6045 35.6881 38.9902 42.5207 46.2901 
74.5871 69.1496 64.0175 59.1792 54.6233 50.3386 46.3142 42.5392 39.0033 35.6961 32.6076 29.7279 27.0475 24.5569 22.247 20.1089 18.1338 16.3134 14.6392 13.1034 11.6981 10.4157 9.24892 8.19056 7.23374 6.37179 5.59826 4.90692 4.29178 3.74705 3.26719 2.84687 2.481 2.1647 1.89332 1.66246 1.4679 1.30569 1.17207 1.06353 0.976779 0.90875 0.856605 0.817729 0.789734 0.770461 0.757974 0.750565 0.746751 0.745279 0.745117 0.745465 0.745745 0.74561 0.744938 0.743831 0.742622 0.741869 0.742357 0.745097 0.75133 0.762521 0.780362 0.806776 0.843907 0.894132 0.960051 1.04449 1.15052 1.2814 1.44065 1.63202 1.85946 2.12716 2.43954 2.80126 3.21717 3.69238 4.23222 4.84224 5.52821 6.29614 7.15226 8.10304 9.15515 10.3155 11.5912 12.9897 14.5185 16.1855 17.9986 19.9661 22.0966 24.3987 26.8814 29.5538 32.4253 35.5055 38.8042 42.3315 46.0977 
75.0048 69.5587 64.4181 59.5713 55.0069 50.7137 46.6808 42.8975 39.3532 36.0376 32.9408 30.0529 27.3642 24.8655 22.5475 20.4013 18.4182 16.5898 14.9077 13.364 11.9509 10.6607 9.48622 8.42019 7.45577 6.58627 5.80525 5.10647 4.48395 3.9319 3.44477 3.01725 2.64424 2.32086 2.04247 1.80464 1.60318 1.43413 1.29374 1.17849 1.08509 1.01047 0.951799 0.906459 0.872064 0.846453 0.82769 0.814068 0.804104 0.796544 0.790357 0.784742 0.779123 0.77315 0.766701 0.759881 0.75302 0.746677 0.741636 0.73891 0.739737 0.745583 0.758141 0.779331 0.811299 0.856421 0.917298 0.996757 1.09785 1.22387 1.37832 1.56494 1.78769 2.05076 2.35857 2.71577 3.12723 3.59804 4.13354 4.73926 5.421 6.18476 7.03677 7.98348 9.03158 10.188 11.4598 12.8545 14.3795 16.0427 17.8521 19.8161 21.943 24.2416 26.7208 29.3898 32.2579 35.3348 38.6303 42.1544 45.9174 
75.4106 69.9563 64.8075 59.9526 55.3801 51.0788 47.0378 43.2465 39.6942 36.3707 33.2659 30.3701 27.6736 25.167 22.8412 20.6873 18.6966 16.8605 15.1708 13.6196 12.199 10.9014 9.71947 8.64611 7.6744 6.79766 6.00946 5.30355 4.67396 4.11489 3.62081 3.18638 2.80652 2.47635 2.19123 1.94673 1.73866 1.56305 1.41615 1.29446 1.19468 1.11374 1.04881 0.997266 0.956727 0.925031 0.900243 0.880656 0.864786 0.85138 0.839406 0.828064 0.816776 0.805194 0.793196 0.780885 0.768592 0.756876 0.74652 0.738538 0.734166 0.734872 0.742348 0.758513 0.785515 0.825727 0.88175 0.956413 1.05277 1.17411 1.32393 1.50598 1.72421 1.98282 2.28623 2.63907 3.04624 3.51281 4.04411 4.64571 5.32337 6.0831 6.93113 7.87392 8.91816 10.0707 11.3388 12.7297 14.2511 15.9107 17.7166 19.677 21.8005 24.0957 26.5715 29.2372 32.1021 35.1758 38.4682 41.9892 45.7492 
75.8003 70.3383 65.1818 60.3191 55.7389 51.4299 47.3813 43.5823 40.0224 36.6914 33.5791 30.6758 27.9718 25.4579 23.1247 20.9635 18.9654 17.1221 15.4252 13.8669 12.4391 11.1345 9.94552 8.86519 7.88656 7.00295 6.20793 5.49526 4.85894 4.29321 3.79252 3.35153 2.96517 2.62855 2.33702 2.08618 1.87182 1.68998 1.53691 1.4091 1.30325 1.2163 1.14541 1.08796 1.04158 1.0041 0.97358 0.948317 0.926828 0.907858 0.890378 0.873584 0.856901 0.83998 0.822698 0.805158 0.787693 0.770859 0.755442 0.742452 0.733129 0.728937 0.73157 0.742946 0.765213 0.800745 0.852142 0.922232 1.01407 1.13094 1.27635 1.45403 1.66796 1.92231 2.22151 2.57021 2.97327 3.43579 3.9631 4.56074 5.23451 5.99039 6.83463 7.77367 8.81421 9.96315 11.2276 12.615 14.1329 15.789 17.5915 19.5486 21.6687 23.9607 26.4333 29.0959 31.9577 35.0283 38.3176 41.8357 45.5928 
76.1698 70.7005 65.5367 60.6668 56.0793 51.7632 47.7074 43.9012 40.3342 36.9961 33.8767 30.9664 28.2554 25.7345 23.3944 21.2263 19.2214 17.3713 15.6677 14.1025 12.6681 11.3568 10.1613 9.0744 8.08927 7.1992 6.39777 5.67874 5.03611 4.46411 3.9572 3.51005 3.11756 2.77487 2.47733 2.22052 2.00025 1.81254 1.65366 1.52008 1.40852 1.31591 1.23942 1.17642 1.12454 1.08161 1.04569 1.01508 0.988304 0.964094 0.941426 0.919497 0.897732 0.87578 0.853518 0.831052 0.808712 0.787055 0.766865 0.749155 0.735163 0.726353 0.724418 0.731279 0.74908 0.780196 0.827228 0.893003 0.980576 1.09323 1.23447 1.40804 1.6179 1.86823 2.16346 2.50824 2.90742 3.36612 3.88964 4.48356 5.15364 5.90589 6.74653 7.68204 8.71908 9.86457 11.1256 12.5097 14.0242 15.6771 17.4764 19.4303 21.5473 23.8361 26.3058 28.9653 31.8242 34.8919 38.1784 41.6936 45.448 
76.5151 71.039 65.8684 60.9918 56.3976 52.0748 48.0124 44.1996 40.626 37.2812 34.1553 31.2384 28.521 25.9936 23.6471 21.4725 19.4613 17.6048 15.8949 14.3236 12.8829 11.5655 10.3638 9.27085 8.27968 7.38361 6.57622 5.85127 5.20278 4.62495 4.11226 3.65938 3.2612 2.91287 2.60974 2.34738 2.1216 1.92844 1.76415 1.62522 1.50835 1.41048 1.32877 1.2606 1.2036 1.1556 1.11466 1.07908 1.04737 1.01828 0.990787 0.964077 0.937578 0.910941 0.884043 0.856988 0.830107 0.803956 0.779321 0.757213 0.738869 0.725756 0.719565 0.722215 0.735854 0.762853 0.805815 0.867566 0.951161 1.05988 1.19724 1.36697 1.57303 1.81961 2.11114 2.45225 2.84782 3.30294 3.82294 4.41337 5.08001 5.82886 6.66615 7.59835 8.63212 9.77439 11.0323 12.4132 13.9246 15.5744 17.3707 19.3216 21.4357 23.7217 26.1885 28.8452 31.7013 34.7663 38.0501 41.5628 45.3145 
76.8324 71.3501 66.1734 61.2906 56.6903 52.3613 48.2928 44.4739 40.8942 37.5435 34.4116 31.4887 28.7653 26.232 23.8796 21.6992 19.6821 17.8198 16.1042 14.5271 13.0808 11.7577 10.5504 9.45184 8.45512 7.55356 6.7407 6.01033 5.35645 4.77329 4.2553 3.79715 3.39376 3.04026 2.73199 2.46454 2.23372 2.03555 1.8663 1.72245 1.60071 1.498 1.41151 1.3386 1.2769 1.22424 1.17869 1.13854 1.10231 1.06875 1.03681 1.00571 0.974865 0.943924 0.912766 0.881495 0.85044 0.820161 0.79144 0.765288 0.742945 0.725875 0.715771 0.71455 0.72436 0.747574 0.786792 0.844841 0.924777 1.02988 1.16366 1.32985 1.53242 1.77555 2.06367 2.40141 2.79365 3.24548 3.76223 4.34945 5.01292 5.75864 6.59285 7.52199 8.55275 9.69205 10.947 12.325 13.8336 15.4806 17.2741 19.2223 21.3337 23.617 26.0811 28.7353 31.5888 34.6513 37.9327 41.4429 45.1922 
77.1183 71.6305 66.4482 61.5598 56.954 52.6195 48.5455 44.7211 41.136 37.7798 34.6425 31.7142 28.9854 26.4468 24.0891 21.9034 19.881 18.0136 16.2927 14.7105 13.259 11.9308 10.7185 9.61489 8.61317 7.70664 6.88886 6.1536 5.49486 4.90688 4.38411 3.92122 3.51312 3.15494 2.84204 2.57 2.33462 2.13193 1.9582 1.80991 1.68376 1.5767 1.48588 1.40869 1.34274 1.28588 1.23616 1.19189 1.15157 1.11395 1.07801 1.04294 1.00817 0.973334 0.938324 0.90324 0.868412 0.834398 0.801981 0.772174 0.746213 0.725563 0.711917 0.707194 0.71354 0.733327 0.769156 0.823855 0.900478 1.00231 1.13285 1.29584 1.49524 1.73525 2.02027 2.35496 2.74418 3.19303 3.70684 4.29115 4.95175 5.69463 6.52603 7.45241 8.48044 9.61704 10.8693 12.2447 13.7507 15.3952 17.1861 19.1318 21.2408 23.5216 25.9834 28.6352 31.4864 34.5467 37.8258 41.3338 45.0809 
77.3699 71.8772 66.6899 61.7967 57.1859 52.8466 48.7677 44.9385 41.3485 37.9875 34.8454 31.9124 29.1789 26.6355 24.2731 22.0827 20.0557 18.1836 16.4582 14.8714 13.4154 12.0827 10.8658 9.75782 8.75168 7.84077 7.01863 6.27904 5.616 5.02376 4.49675 4.02966 3.6174 3.25509 2.93808 2.66197 2.42256 2.21588 2.03818 1.88596 1.75591 1.64499 1.55034 1.46935 1.39964 1.33906 1.28565 1.23772 1.19378 1.15258 1.11308 1.07449 1.03623 0.997952 0.959528 0.921064 0.88289 0.845564 0.80987 0.776819 0.747649 0.723824 0.707036 0.699205 0.702476 0.719223 0.752044 0.803769 0.87745 0.97637 1.10404 1.26418 1.46078 1.69801 1.98029 2.31226 2.6988 3.145 3.65619 4.23792 4.89596 5.63632 6.46523 7.38914 8.41474 9.54894 10.7989 12.1719 13.6756 15.3178 17.1065 19.05 21.1567 23.4355 25.8951 28.5448 31.394 34.4522 37.7293 41.2353 44.9805 
77.5845 72.0875 66.8961 61.9986 57.3836 53.0401 48.957 45.1236 41.5295 38.1643 35.0181 32.081 29.3434 26.7959 24.4294 22.2351 20.2041 18.328 16.5986 15.0079 13.548 12.2113 10.9907 9.87879 8.86884 7.95414 7.12824 6.38492 5.71818 5.12225 4.5916 4.12088 3.70502 3.33915 3.01861 2.73898 2.49609 2.28595 2.10483 1.94921 1.81581 1.70154 1.60358 1.51932 1.44637 1.38256 1.32596 1.27487 1.2278 1.1835 1.14093 1.0993 1.05803 1.01677 0.975393 0.934005 0.892938 0.852747 0.814217 0.77836 0.746412 0.719839 0.700332 0.68981 0.69042 0.704533 0.73475 0.783899 0.855032 0.951432 1.07661 1.23429 1.42845 1.66327 1.94317 2.27279 2.65701 3.10091 3.60983 4.18931 4.84514 5.58331 6.41005 7.33183 8.35533 9.48744 10.7353 12.1063 13.608 15.2482 17.035 18.9765 21.0814 23.3582 25.816 28.4639 31.3113 34.3677 37.6431 41.1474 44.8909 
77.7601 72.2596 67.0646 62.1636 57.5451 53.1981 49.1115 45.2746 41.677 38.3084 35.1587 32.2182 29.4772 26.9263 24.5565 22.3588 20.3244 18.445 16.7123 15.1183 13.6552 12.3153 11.0914 9.97633 8.9632 8.04534 7.21631 6.46987 5.80004 5.20105 4.66734 4.19361 3.77475 3.40589 3.0824 2.79985 2.55405 2.34103 2.15705 1.9986 1.86238 1.74533 1.64461 1.55761 1.48194 1.41544 1.35618 1.30245 1.25276 1.20587 1.16073 1.11656 1.07277 1.02901 0.985162 0.941328 0.897838 0.855249 0.814346 0.776139 0.741865 0.71299 0.691205 0.67843 0.676809 0.688715 0.71675 0.763738 0.832736 0.927023 1.05011 1.20573 1.39784 1.63064 1.90854 2.23619 2.61845 3.06043 3.56744 4.14504 4.799 5.53533 6.36026 7.28025 8.30197 9.43233 10.6785 12.0478 13.5478 15.1863 16.9714 18.9114 21.0146 23.2899 25.7462 28.3925 31.2384 34.2933 37.5672 41.07 44.8121 
77.8951 72.3917 67.194 62.2901 57.6689 53.319 49.2297 45.3901 41.7897 38.4184 35.266 32.3227 29.579 27.0255 24.6529 22.4526 20.4156 18.5336 16.7982 15.2016 13.7358 12.3934 11.167 10.0494 9.0337 8.11334 7.28181 6.5329 5.86062 5.25918 4.72306 4.24692 3.82568 3.45446 3.12861 2.84373 2.59562 2.38031 2.19405 2.03334 1.89488 1.77561 1.6727 1.58351 1.50568 1.43704 1.37565 1.31982 1.26804 1.21908 1.1719 1.1257 1.0799 1.03415 0.988326 0.942538 0.897114 0.85261 0.809809 0.769724 0.733591 0.702876 0.67927 0.664691 0.661286 0.671427 0.697714 0.742974 0.81026 0.902856 1.02427 1.17823 1.36871 1.59989 1.87619 2.20225 2.58295 3.02338 3.52886 4.10494 4.75741 5.49226 6.31573 7.23427 8.25457 9.38353 10.6283 11.9962 13.4948 15.132 16.9158 18.8545 20.9564 23.2305 25.6854 28.3306 31.1752 34.2289 37.5016 41.0033 44.7442 
77.9885 72.483 67.2832 62.3773 57.754 53.4021 49.3107 45.4691 41.8667 38.4933 35.3389 32.3937 29.648 27.0925 24.718 22.5157 20.4768 18.5928 16.8555 15.257 13.7894 12.445 11.2167 10.0972 9.07971 8.1575 7.32415 6.57342 5.89933 5.2961 4.7582 4.28029 3.85729 3.48432 3.15675 2.87015 2.62033 2.40333 2.21539 2.05302 1.91291 1.792 1.68746 1.59666 1.51723 1.44701 1.38405 1.32665 1.27334 1.22284 1.17414 1.12644 1.07915 1.03192 0.984637 0.9374 0.890539 0.844613 0.800404 0.758923 0.721409 0.689325 0.664364 0.648444 0.64371 0.652536 0.677522 0.721493 0.787505 0.878838 0.999001 1.15173 1.34098 1.57095 1.84606 2.17094 2.55046 2.98973 3.49407 4.06902 4.72037 5.45412 6.27649 7.19395 8.21317 9.34107 10.5848 11.9517 13.4493 15.0855 16.8683 18.8059 20.9069 23.18 25.634 28.2782 31.1219 34.1748 37.4465 40.9473 44.6874 
78.0397 72.533 67.3318 62.4247 57.8001 53.4469 49.3542 45.5113 41.9076 38.533 35.3773 32.4308 29.6839 27.1271 24.7514 22.5478 20.5077 18.6225 16.884 15.2843 13.8154 12.4699 11.2404 10.1197 9.10103 8.17766 7.34313 6.59125 5.91601 5.31164 4.7726 4.29357 3.86944 3.49537 3.16669 2.87899 2.62808 2.41 2.22099 2.05755 1.91638 1.79442 1.68883 1.597 1.51655 1.4453 1.38133 1.32293 1.26862 1.21714 1.16746 1.11878 1.07053 1.02235 0.974118 0.925942 0.878151 0.831301 0.786177 0.74379 0.705377 0.672403 0.646559 0.629764 0.624165 0.632132 0.656267 0.699397 0.764574 0.855081 0.974426 1.12634 1.3148 1.54397 1.81829 2.14239 2.52114 2.95965 3.46323 4.03744 4.68804 5.42106 6.24271 7.15945 8.17796 9.30516 10.5482 11.9144 13.4113 15.0468 16.829 18.766 20.8663 23.1387 25.5921 28.2357 31.0788 34.131 37.4022 40.9024 44.6419 
78.0491 72.5418 67.3401 62.4324 57.8073 53.4536 49.3603 45.5169 41.9127 38.5376 35.3814 32.4343 29.6869 27.1296 24.7533 22.5492 20.5086 18.6229 16.8839 15.2837 13.8143 12.4683 11.2382 10.1171 9.0979 8.17403 7.33901 6.58664 5.91091 5.30605 4.76653 4.28701 3.86241 3.48785 3.15869 2.87052 2.61914 2.40059 2.21111 2.0472 1.90557 1.78315 1.6771 1.58482 1.50391 1.43221 1.36779 1.30894 1.25419 1.20226 1.15214 1.10303 1.05434 1.00573 0.957065 0.908462 0.860246 0.812974 0.767431 0.724627 0.685799 0.652414 0.626161 0.60896 0.602957 0.610524 0.634261 0.676995 0.74178 0.831897 0.950854 1.10239 1.29046 1.51925 1.7932 2.11692 2.49531 2.93344 3.43666 4.0105 4.66075 5.39341 6.21471 7.1311 8.14926 9.27612 10.5188 11.8846 13.3813 15.0164 16.7982 18.7349 20.8349 23.107 25.5601 28.2034 31.0461 34.098 37.3689 40.8688 44.608 
78.0173 72.5103 67.3088 62.4013 57.7763 53.4228 49.3298 45.4866 41.8826 38.5077 35.3517 32.4049 29.6576 27.1005 24.7245 22.5206 20.4802 18.5947 16.8559 15.2558 13.7866 12.4408 11.211 10.09 9.07099 8.14729 7.31245 6.56024 5.88468 5.27999 4.74062 4.26126 3.83682 3.46241 3.1334 2.84538 2.59414 2.37572 2.18638 2.0226 1.8811 1.7588 1.65287 1.56071 1.47991 1.40832 1.34401 1.28527 1.23062 1.17879 1.12877 1.07975 1.03115 0.98262 0.934044 0.885521 0.837383 0.790186 0.744715 0.70198 0.66322 0.629898 0.603706 0.586564 0.580616 0.588236 0.612024 0.654806 0.719637 0.809797 0.928795 1.08037 1.26847 1.4973 1.77127 2.09503 2.47344 2.9116 3.41484 3.9887 4.63897 5.37164 6.19295 7.10935 8.12753 9.25439 10.4971 11.8629 13.3595 14.9947 16.7765 18.7132 20.8132 23.0853 25.5384 28.1816 31.0243 34.0762 37.3471 40.847 44.5861 
77.9457 72.4396 67.239 62.3325 57.7085 53.356 49.2639 45.4217 41.8186 38.4446 35.2896 32.3437 29.5974 27.0412 24.6661 22.4631 20.4236 18.539 16.8011 15.2019 13.7336 12.3886 11.1597 10.0395 9.02138 8.09852 7.26451 6.51313 5.83838 5.2345 4.69593 4.21736 3.79369 3.42006 3.09181 2.80454 2.55405 2.33637 2.14775 1.9847 1.8439 1.72231 1.61708 1.52559 1.44547 1.37455 1.3109 1.2528 1.19879 1.1476 1.0982 1.04979 1.00179 0.953865 0.905877 0.857935 0.810369 0.763736 0.718821 0.676633 0.638411 0.605621 0.579952 0.563325 0.557884 0.566004 0.590283 0.633549 0.698855 0.789484 0.908942 1.06097 1.24952 1.47879 1.75319 2.07737 2.45619 2.89477 3.3984 3.97266 4.62332 5.35637 6.17805 7.09482 8.11335 9.24057 10.4836 11.8498 13.3467 14.9822 16.7644 18.7013 20.8017 23.074 25.5274 28.1709 31.014 34.0661 37.3372 40.8374 44.5768 
77.836 72.3316 67.1328 62.2279 57.6057 53.2548 49.1644 45.3238 41.7225 38.3501 35.1967 32.2525 29.5078 26.9532 24.5798 22.3784 20.3404 18.4574 16.7211 15.1235 13.6567 12.3133 11.0858 9.96723 8.95058 8.02921 7.19667 6.44675 5.77345 5.171 4.63385 4.15668 3.73441 3.36215 3.03527 2.74935 2.50019 2.28383 2.09653 1.93476 1.79525 1.67492 1.57093 1.48069 1.40179 1.33207 1.26961 1.2127 1.15985 1.10981 1.06155 1.01426 0.967374 0.920539 0.873633 0.826758 0.780245 0.734652 0.690762 0.649587 0.612365 0.58056 0.555863 0.540195 0.535701 0.544753 0.569952 0.614125 0.680326 0.771836 0.892163 1.04504 1.23444 1.46454 1.73976 2.06474 2.44437 2.88372 3.38813 3.96314 4.61454 5.34833 6.17073 7.08821 8.10745 9.23535 10.479 11.8459 13.3435 14.9797 16.7624 18.7 20.8009 23.0739 25.5279 28.1719 31.0155 34.0683 37.3399 40.8406 44.5805 
77.6907 72.1887 66.9923 62.0898 57.4699 53.1215 49.0335 45.1953 41.5963 38.2263 35.0752 32.1333 29.3909 26.8387 24.4675 22.2684 20.2327 18.352 16.6179 15.0225 13.5579 12.2167 10.9914 9.87496 8.86043 7.94118 7.11074 6.36289 5.69165 5.09124 4.55611 4.08095 3.66066 3.29037 2.96543 2.68144 2.43419 2.21971 2.03428 1.87436 1.73667 1.61815 1.51596 1.42748 1.35033 1.28234 1.2216 1.16637 1.11519 1.0668 1.02017 0.9745 0.929208 0.883948 0.838596 0.793258 0.748262 0.704168 0.661758 0.622044 0.586263 0.555882 0.532591 0.51831 0.515184 0.525587 0.552119 0.597606 0.665103 0.757892 0.87948 1.0336 1.22422 1.45553 1.73195 2.05811 2.43888 2.87938 3.38491 3.96103 4.61352 5.34838 6.17184 7.09036 8.11062 9.23953 10.4842 11.8521 13.3506 14.9877 16.7714 18.7099 20.8117 23.0856 25.5404 28.1853 31.0297 34.0833 37.3557 40.8572 44.5979 
77.5124 72.0136 66.8202 61.9209 57.3041 52.9587 48.8738 45.0386 41.4427 38.0757 34.9277 31.9888 29.2494 26.7001 24.3319 22.1357 20.1029 18.225 16.4938 14.9013 13.4395 12.1011 10.8786 9.76491 8.75313 7.83659 7.00884 6.26367 5.59508 4.99729 4.46476 3.99217 3.57443 3.20667 2.88424 2.60272 2.35792 2.14588 1.96284 1.8053 1.66997 1.55378 1.45389 1.36769 1.29279 1.22704 1.1685 1.11545 1.06643 1.02017 0.975646 0.932055 0.88882 0.845592 0.802249 0.758895 0.715859 0.673701 0.633203 0.595377 0.561462 0.532922 0.511449 0.498962 0.497607 0.509758 0.538015 0.585204 0.654381 0.748826 0.872049 1.02778 1.22 1.45287 1.73083 2.05851 2.44079 2.88277 3.38976 3.96732 4.62123 5.35748 6.18232 7.10219 8.12378 9.254 10.5 11.8691 13.3689 15.0072 16.7921 18.7318 20.8348 23.1098 25.5657 28.2118 31.0573 34.1119 37.3854 40.8879 44.6296 
77.3045 71.8094 66.6198 61.7242 57.1112 52.7696 48.6884 44.8569 41.2646 37.9013 34.757 31.8217 29.0859 26.5402 24.1755 21.9829 19.9536 18.0793 16.3515 14.7624 13.3041 11.9691 10.7499 9.6396 8.63113 7.71788 6.8934 6.15146 5.48607 4.89146 4.36208 3.89261 3.47796 3.11326 2.79386 2.51534 2.27352 2.06441 1.88429 1.72963 1.59715 1.48378 1.38669 1.30325 1.23109 1.16804 1.11216 1.06176 1.01535 0.971679 0.929708 0.888641 0.847901 0.807139 0.766232 0.725285 0.684628 0.644818 0.606641 0.571107 0.539455 0.513149 0.493883 0.483574 0.48437 0.498644 0.528995 0.578251 0.649467 0.745925 0.871133 1.02883 1.22297 1.45775 1.73759 2.06712 2.45123 2.895 3.40377 3.98308 4.6387 5.37666 6.20316 7.12468 8.14789 9.27971 10.5273 11.8979 13.3992 15.0391 16.8254 18.7666 20.871 23.1474 25.6047 28.2521 31.0989 34.1548 37.4296 40.9333 44.6762 
77.0704 71.5797 66.3945 61.5033 56.8946 52.5573 48.4805 44.6533 41.0654 37.7063 34.5662 31.6352 28.9036 26.3621 24.0016 21.8131 19.7879 17.9176 16.1939 14.6088 13.1545 11.8234 10.6082 9.50175 8.49714 7.58772 6.76704 6.02886 5.3672 4.77629 4.25057 3.78474 3.37368 3.01254 2.69667 2.42164 2.18328 1.9776 1.80086 1.64956 1.5204 1.41032 1.31647 1.23625 1.16727 1.10736 1.0546 1.00728 0.963908 0.92324 0.884242 0.846113 0.808277 0.770385 0.732314 0.694169 0.65628 0.619205 0.583729 0.550862 0.521845 0.498141 0.481443 0.47367 0.476969 0.493713 0.526503 0.578165 0.651756 0.750556 0.878075 1.03805 1.23444 1.47144 1.75346 2.08515 2.47139 2.91725 3.42808 4.00943 4.66706 5.40699 6.23544 7.15887 8.18397 9.31764 10.567 11.9395 13.4426 15.0841 16.8722 18.815 20.9211 23.1991 25.658 28.307 31.1554 34.2128 37.489 40.9942 44.7386 
76.8138 71.3281 66.1479 61.2617 56.658 52.3256 48.2537 44.4314 40.8483 37.4942 34.3589 31.4326 28.7058 26.169 23.8132 21.6294 19.6088 17.7432 16.024 14.4435 12.9937 11.6671 10.4563 9.35427 8.35403 7.44895 6.63255 5.89864 5.2412 4.65447 4.1329 3.67116 3.26418 2.90706 2.59518 2.3241 2.08965 1.88784 1.71494 1.56743 1.44202 1.33565 1.24548 1.16889 1.1035 1.04716 0.997912 0.954065 0.914135 0.876865 0.841227 0.806418 0.771864 0.737215 0.702349 0.66737 0.632609 0.598624 0.566199 0.536347 0.510306 0.489541 0.475744 0.470836 0.476962 0.496497 0.53204 0.586421 0.662693 0.764139 0.894267 1.05682 1.25575 1.49525 1.77974 2.11387 2.5025 2.95073 3.46389 4.04753 4.70742 5.44958 6.28023 7.20582 8.23305 9.36881 10.6203 11.9947 13.4998 15.1433 16.9333 18.8781 20.986 23.2659 25.7266 28.3773 31.2274 34.2865 37.5645 41.0713 44.8172 
76.5388 71.0586 65.884 61.0033 56.4051 52.0782 48.0117 44.1949 40.6172 37.2684 34.1384 31.2175 28.4959 25.9644 23.6138 21.4352 19.4198 17.5592 15.8452 14.2697 12.8249 11.5032 10.2974 9.20019 8.2048 7.3045 6.49286 5.76366 5.11089 4.52879 4.0118 3.55461 3.15213 2.79947 2.492 2.22529 1.99516 1.79764 1.62897 1.48566 1.3644 1.26214 1.17603 1.10346 1.04205 0.989628 0.944271 0.904268 0.868137 0.834623 0.802698 0.771559 0.740631 0.709566 0.67824 0.646759 0.615453 0.58488 0.555826 0.529303 0.506548 0.489028 0.478434 0.476688 0.485935 0.50855 0.547133 0.604513 0.683744 0.788109 0.921117 1.0865 1.28823 1.5305 1.81771 2.15452 2.5458 2.99664 3.51237 4.09853 4.76092 5.50553 6.3386 7.26657 8.29614 9.43421 10.6879 12.0646 13.5719 15.2176 17.0097 18.9565 21.0665 23.3484 25.8111 28.4637 31.3158 34.3768 37.6565 41.1651 44.9128 
76.2493 70.7753 65.6067 60.732 56.1398 51.8189 47.7584 43.9475 40.3757 37.0327 33.9086 30.9934 28.2777 25.7519 23.4069 21.2339 19.2242 17.3692 15.6606 14.0906 12.6512 11.335 10.1345 9.04261 8.05248 7.1574 6.35094 5.62686 4.97917 4.4021 3.8901 3.43785 3.04026 2.69244 2.38977 2.12782 1.90239 1.70951 1.54546 1.4067 1.28995 1.19215 1.11045 1.04225 0.985153 0.937004 0.895869 0.860039 0.828033 0.798597 0.770702 0.743547 0.716555 0.689378 0.661894 0.634207 0.60665 0.579779 0.554381 0.531467 0.512276 0.498274 0.491154 0.492836 0.505466 0.531419 0.573296 0.633925 0.716362 0.823889 0.960015 1.12848 1.33324 1.57849 1.86865 2.20837 2.6025 3.05616 3.57467 4.16358 4.82866 5.57592 6.4116 7.34215 8.37425 9.51481 10.771 12.1501 13.6598 15.3078 17.1022 19.0512 21.1634 23.4475 25.9123 28.5671 31.4211 34.4841 37.7659 41.2764 45.026 
75.9496 70.4821 65.32 60.4518 55.8661 51.5516 47.4975 43.693 40.1275 36.7909 33.673 30.7641 28.0545 25.5348 23.196 21.0291 19.0253 17.1763 15.4737 13.9095 12.476 11.1655 9.97079 8.88461 7.90013 7.01065 6.20973 5.49115 4.84891 4.27724 3.77059 3.32363 2.93128 2.58866 2.29113 2.03426 1.81387 1.62598 1.46686 1.33299 1.22107 1.12804 1.05107 0.98754 0.935065 0.891485 0.854867 0.823503 0.795911 0.770838 0.747255 0.724359 0.701576 0.678557 0.655181 0.631551 0.608001 0.585087 0.563595 0.544538 0.529155 0.518911 0.5155 0.520842 0.537085 0.566602 0.611995 0.676092 0.761949 0.87285 1.0123 1.18404 1.39204 1.64048 1.93378 2.27659 2.67377 3.13044 3.6519 4.24372 4.91168 5.66177 6.50022 7.43351 8.4683 9.61151 10.8703 12.252 13.7641 15.4146 17.2115 19.1629 21.2775 23.5638 26.0309 28.6879 31.5441 34.6093 37.8931 41.4057 45.1573 
75.6436 70.1831 65.028 60.1667 55.5878 51.2802 47.2329 43.4351 39.8764 36.5465 33.4352 30.5329 27.8299 25.3168 22.9845 20.824 18.8266 16.9839 15.2876 13.7297 12.3024 10.998 9.80936 8.72923 7.75073 6.86718 6.07214 5.35939 4.72293 4.15697 3.65598 3.21464 2.82784 2.49072 2.19863 1.94716 1.7321 1.54949 1.39559 1.26688 1.16007 1.07209 1.00012 0.941532 0.893944 0.855196 0.823353 0.79671 0.773784 0.753321 0.734293 0.715898 0.697561 0.678934 0.659895 0.640549 0.621228 0.60249 0.585121 0.570134 0.558768 0.552488 0.552989 0.562191 0.582242 0.615515 0.664614 0.732365 0.821826 0.936279 1.07923 1.25443 1.46583 1.71762 2.01423 2.36029 2.76068 3.22051 3.74508 4.33996 5.01093 5.76399 6.60536 7.54152 8.57914 9.72513 10.9866 12.371 13.8858 15.5389 17.3383 19.2922 21.4092 23.698 26.1674 28.8267 31.6853 34.7526 38.0387 41.5534 45.3071 
75.3354 69.8822 64.7344 59.8804 55.3088 51.0084 46.9682 43.1776 39.626 36.3031 33.1988 30.3035 27.6074 25.1011 22.7756 20.6219 18.6312 16.7952 15.1055 13.5541 12.1333 10.8354 9.65317 8.57937 7.60715 6.72983 5.94097 5.23433 4.60392 4.04396 3.54891 3.11345 2.73247 2.40111 2.11473 1.8689 1.65943 1.48234 1.33391 1.21061 1.10915 1.02647 0.959728 0.906313 0.863839 0.830145 0.803299 0.781593 0.763546 0.747903 0.733638 0.719947 0.706257 0.692219 0.677712 0.66284 0.647937 0.63356 0.620495 0.609756 0.602582 0.600439 0.605021 0.61825 0.642271 0.679462 0.732422 0.803982 0.897198 1.01535 1.16196 1.34075 1.55569 1.81097 2.11101 2.46046 2.86419 3.3273 3.85511 4.45317 5.12727 5.8834 6.72781 7.66695 8.7075 9.85637 11.1207 12.5079 14.0254 15.6812 17.4832 19.4397 21.5593 23.8505 26.3224 28.9841 31.845 34.9147 38.2029 41.7199 45.4757 
75.0287 69.5831 64.443 59.5966 55.0326 50.7397 46.707 42.9238 39.3796 36.064 32.9671 30.079 27.3901 24.891 22.5726 20.4259 18.4423 16.6132 14.9303 13.3858 11.9718 10.6806 9.50499 8.43779 7.47211 6.60126 5.81881 5.11853 4.49441 3.94069 3.45181 3.02246 2.64753 2.32216 2.0417 1.80173 1.59806 1.42672 1.28396 1.16627 1.07037 0.993174 0.931859 0.883808 0.846636 0.818183 0.796516 0.779927 0.766936 0.756288 0.746955 0.738137 0.729258 0.719971 0.710154 0.699913 0.68958 0.679714 0.671102 0.664756 0.661915 0.664048 0.672848 0.690236 0.71836 0.759594 0.816543 0.892034 0.989124 1.1111 1.26146 1.44396 1.66255 1.92143 2.22502 2.57796 2.98512 3.4516 3.98274 4.58407 5.26139 6.02069 6.86822 7.81042 8.85398 10.0058 11.273 12.663 14.1834 15.8419 17.6467 19.6058 21.728 24.0218 26.4962 29.1603 32.0236 35.0956 38.3862 41.9053 45.6634 
74.727 69.2894 64.1572 59.3187 54.7625 50.4774 46.4525 42.677 39.1405 35.8325 32.7432 29.8626 27.1811 24.6894 22.3784 20.239 18.2625 16.4406 14.7649 13.2274 11.8204 10.5361 9.3674 8.30701 7.34807 6.48391 5.70808 5.01435 4.39673 3.84944 3.36692 2.94387 2.57518 2.25598 1.98163 1.7477 1.55 1.38457 1.24765 1.13574 1.04555 0.974008 0.918276 0.875745 0.844027 0.820964 0.804621 0.793293 0.785498 0.779982 0.775718 0.771905 0.767967 0.763558 0.758557 0.753068 0.747426 0.742188 0.738142 0.7363 0.737904 0.744419 0.757541 0.77919 0.811515 0.856891 0.917922 0.997436 1.09849 1.22437 1.37858 1.56487 1.78719 2.04975 2.35695 2.71345 3.12412 3.59405 4.12858 4.73325 5.41385 6.17638 7.02707 7.97239 9.01901 10.1739 11.444 12.8369 14.3602 16.0215 17.8289 19.7908 21.9156 24.212 26.6889 29.3555 32.2212 35.2956 38.5885 42.1099 45.8702 
74.4336 69.0043 63.8802 59.0498 54.5017 50.2247 46.2077 42.4402 38.9115 35.6114 32.5298 29.6569 26.9831 24.4991 22.1955 20.0636 18.0946 16.28 14.6117 13.0814 11.6815 10.4044 9.24271 8.1893 7.23728 6.37997 5.61092 4.92391 4.31294 3.77223 3.29623 2.87963 2.51732 2.20443 1.93633 1.70858 1.51699 1.3576 1.22666 1.12066 1.03631 0.970538 0.920512 0.883617 0.85747 0.83991 0.829003 0.823044 0.820551 0.820271 0.821177 0.822467 0.823568 0.824132 0.824037 0.823391 0.822526 0.822002 0.822605 0.825348 0.831473 0.842447 0.859965 0.885947 0.922543 0.972128 1.03731 1.12091 1.22598 1.35583 1.51394 1.70408 1.93018 2.19646 2.50733 2.86744 3.28165 3.75508 4.29304 4.90109 5.585 6.35079 7.20469 8.15316 9.20287 10.3607 11.6339 13.0297 14.5558 16.2199 18.0302 19.9948 22.1222 24.4211 26.9006 29.5697 32.4378 35.5146 38.8098 42.3335 46.0959 
74.1515 68.7306 63.6149 58.7928 54.253 49.9842 45.9754 42.2159 38.6953 35.4032 32.3296 29.4646 26.7986 24.3223 22.0264 19.9022 17.9407 16.1337 14.4727 12.9499 11.5573 10.2874 9.13293 8.08663 7.14165 6.29132 5.52918 4.84901 4.24481 3.7108 3.24144 2.83139 2.47558 2.16911 1.90736 1.68589 1.50051 1.34726 1.2224 1.1224 1.04398 0.984066 0.939831 0.908658 0.888162 0.876185 0.870792 0.870277 0.87316 0.878188 0.884332 0.890793 0.896997 0.902596 0.90747 0.911725 0.915694 0.919938 0.925242 0.932622 0.943318 0.958798 0.980755 1.01111 1.05202 1.10586 1.17522 1.26294 1.37208 1.50592 1.66797 1.86197 2.09189 2.36192 2.67648 3.04021 3.45799 3.93493 4.47634 5.08777 5.77502 6.54408 7.40119 8.35281 9.40562 10.5665 11.8427 13.2414 14.7704 16.4373 18.2503 20.2176 22.3476 24.6492 27.1312 29.8027 32.6733 35.7524 39.0499 42.5758 46.3405 
73.8832 68.4709 63.3637 58.5501 54.0187 49.7582 45.7577 42.0066 38.4941 35.2101 32.1446 29.2876 26.6296 24.1611 21.8731 19.7566 17.8028 16.0034 14.35 12.8347 11.4495 10.187 9.03974 8.00065 7.06281 6.21954 5.4644 4.79116 4.19381 3.66658 3.20392 2.80052 2.45127 2.1513 1.89596 1.68084 1.50174 1.3547 1.23597 1.14203 1.06959 1.0156 0.97721 0.951811 0.937018 0.930671 0.930838 0.935812 0.944113 0.954488 0.965911 0.977579 0.988921 0.999589 1.00946 1.01865 1.02748 1.03652 1.04655 1.05859 1.07388 1.09388 1.1203 1.15505 1.20029 1.25838 1.33194 1.42379 1.537 1.67484 1.84083 2.03871 2.27245 2.54622 2.86447 3.23183 3.65318 4.13361 4.67846 5.29328 5.98385 6.75618 7.61649 8.57125 9.62714 10.7911 12.0702 13.4718 15.0036 16.6734 18.4891 20.459 22.5917 24.8958 27.3803 30.0543 32.9272 36.0086 39.3084 42.8366 46.6034 
73.631 68.2273 63.1287 58.3237 53.8008 49.5488 45.5568 41.8139 38.3098 35.034 31.9766 29.1277 26.4777 24.0173 21.7371 19.6285 17.6825 15.8907 14.245 12.7372 11.3595 10.1044 8.96447 7.93264 7.002 6.16586 5.41776 4.75149 4.16105 3.64065 3.18475 2.78802 2.44538 2.15194 1.90306 1.69433 1.52154 1.38073 1.26816 1.18031 1.11389 1.06584 1.03332 1.01372 1.00465 1.00395 1.00969 1.02017 1.0339 1.04964 1.06635 1.08324 1.09973 1.11547 1.13035 1.14447 1.15817 1.172 1.18676 1.20345 1.22333 1.24786 1.27873 1.31786 1.36742 1.42976 1.50751 1.60348 1.72074 1.86257 2.03248 2.23422 2.47174 2.74925 3.07117 3.44213 3.86702 4.35093 4.8992 5.51737 6.21123 6.98678 7.85026 8.80813 9.86707 11.034 12.316 13.7206 15.2552 16.9276 18.746 20.7186 22.8538 25.1605 27.6474 30.3238 33.199 36.2828 39.5847 43.115 46.884 
73.3964 68.0015 62.9117 58.1153 53.601 49.3575 45.374 41.6395 38.1437 34.8763 31.8271 28.9863 26.3444 23.892 21.6198 19.519 17.5808 15.7968 14.1587 12.6584 11.2883 10.0406 8.90808 7.88355 6.96012 6.13112 5.3901 4.73082 4.14729 3.63374 3.1846 2.79457 2.45854 2.17165 1.92924 1.72689 1.56042 1.42585 1.31945 1.23769 1.17728 1.13517 1.10851 1.0947 1.09134 1.09629 1.1076 1.12357 1.14272 1.16381 1.18579 1.20788 1.2295 1.2503 1.27016 1.2892 1.30774 1.32634 1.3458 1.36713 1.39157 1.42059 1.45588 1.49938 1.55322 1.61978 1.70168 1.80174 1.92301 2.06879 2.24259 2.44815 2.68943 2.97063 3.29617 3.67069 4.09908 4.58643 5.13806 5.75954 6.45664 7.23538 8.10198 9.06291 10.1248 11.2947 12.5796 13.987 15.5243 17.1995 19.0205 20.9956 23.1334 25.4425 27.9318 30.6105 33.4881 36.574 39.8781 43.4105 47.1814 
73.181 67.7949 62.7138 57.9261 53.4204 49.1855 45.2105 41.4845 37.997 34.7379 31.6969 28.8643 26.2305 23.7861 21.5219 19.4289 17.4986 15.7223 14.0918 12.5992 11.2366 9.99632 8.87115 7.85391 6.93769 6.11583 5.38186 4.72957 4.15295 3.64622 3.20384 2.82049 2.49106 2.21068 1.97472 1.77874 1.61856 1.49021 1.38994 1.31425 1.25983 1.22363 1.20281 1.19475 1.19708 1.20763 1.22448 1.24591 1.27044 1.29684 1.32406 1.35131 1.37802 1.40384 1.42864 1.45255 1.47589 1.49923 1.52334 1.54926 1.57822 1.61168 1.65135 1.69915 1.75723 1.82796 1.91396 2.01805 2.14329 2.29297 2.4706 2.67992 2.92491 3.20974 3.53884 3.91687 4.34869 4.83941 5.39436 6.01909 6.71937 7.50123 8.37089 9.33481 10.3997 11.5724 12.8601 14.2702 15.8102 17.488 19.3116 21.2893 23.4295 25.7409 28.2326 30.9136 33.7933 36.8813 40.1876 43.722 47.4949 
72.9855 67.6082 62.5359 57.7569 53.2598 49.0335 45.0669 41.3494 37.8703 34.6194 31.5867 28.7623 26.1365 23.7001 21.4438 19.3587 17.4362 15.6676 14.0448 12.5597 11.2045 9.97172 8.85388 7.8439 6.93486 6.1201 5.39315 4.7478 4.17805 3.67811 3.24244 2.86572 2.54285 2.26896 2.03939 1.84974 1.6958 1.57362 1.47944 1.40976 1.36128 1.33093 1.31589 1.31355 1.3215 1.33761 1.35993 1.38677 1.41664 1.44828 1.48068 1.51304 1.54478 1.57555 1.60524 1.63396 1.66204 1.69004 1.71875 1.74919 1.7826 1.82045 1.86443 1.91647 1.97872 2.05355 2.14358 2.25164 2.38078 2.53429 2.71568 2.9287 3.17731 3.4657 3.7983 4.17976 4.61495 5.10897 5.66715 6.29505 6.99844 7.78335 8.65598 9.62282 10.6905 11.8661 13.1565 14.5693 16.1119 17.7923 19.6183 21.5984 23.741 26.0547 28.5486 31.2318 34.1136 37.2037 40.5119 44.0483 47.823 
72.8104 67.4419 62.3784 57.608 53.1196 48.9018 44.9437 41.2345 37.7637 34.5211 31.4966 28.6803 26.0626 23.6341 21.3857 19.3084 17.3936 15.6327 14.0175 12.5399 11.1921 9.96667 8.85611 7.85331 6.9514 6.14367 5.42369 4.78522 4.22227 3.72906 3.30004 2.92989 2.6135 2.34602 2.12279 1.93939 1.79163 1.67555 1.58739 1.52365 1.48103 1.45648 1.44715 1.45043 1.46395 1.48554 1.51327 1.54543 1.58055 1.61737 1.65488 1.69226 1.72895 1.76461 1.79911 1.83256 1.8653 1.89789 1.93112 1.966 2.00378 2.04593 2.09414 2.15034 2.21668 2.29554 2.38952 2.50146 2.63442 2.79167 2.97675 3.19338 3.44553 3.7374 4.07342 4.45823 4.8967 5.39393 5.95527 6.58625 7.29267 8.08053 8.95607 9.92574 10.9962 12.1745 13.4676 14.8829 16.4281 18.1109 19.9393 21.9217 24.0666 26.3825 28.8786 31.5638 34.4477 37.5398 40.8499 44.3881 48.1646 
72.6559 67.2961 62.2412 57.4795 52.9996 48.7902 44.8405 41.1397 37.6772 34.4428 31.4263 28.618 26.0083 23.5877 21.3471 19.2776 17.3704 15.6171 14.0094 12.5392 11.1989 9.98065 8.87727 7.8816 6.98671 6.18595 5.47284 4.84117 4.28494 3.79837 3.37591 3.01224 2.70226 2.4411 2.22412 2.04689 1.90522 1.79514 1.71292 1.65503 1.61819 1.59934 1.59563 1.60446 1.62344 1.65042 1.68346 1.72086 1.76115 1.80306 1.84558 1.8879 1.92945 1.9699 2.00911 2.04721 2.08452 2.1216 2.15926 2.19849 2.24055 2.28691 2.33926 2.39953 2.46987 2.55266 2.6505 2.76623 2.90291 3.06382 3.25248 3.47263 3.72824 4.0235 4.36284 4.7509 5.19256 5.69292 6.25731 6.89129 7.60064 8.39137 9.26971 10.2421 11.3153 12.4961 13.7918 15.2096 16.7572 18.4424 20.2731 22.2578 24.4048 26.7229 29.221 31.9082 34.794 37.888 41.1999 44.7399 48.5181 
72.5214 67.1703 62.124 57.3708 52.8994 48.6984 44.757 41.0644 37.6101 34.3837 31.3753 28.575 25.9731 23.5603 21.3274 19.2656 17.3659 15.6201 14.0198 12.557 11.2238 10.0128 8.9165 7.92784 7.03989 6.24597 5.53964 4.91467 4.36505 3.88502 3.46902 3.11173 2.80805 2.55311 2.34226 2.1711 2.03541 1.93124 1.85484 1.80271 1.77154 1.75828 1.76009 1.77436 1.79871 1.83097 1.86922 1.91176 1.9571 2.004 2.05143 2.09858 2.1449 2.19003 2.23386 2.27649 2.31827 2.35975 2.40173 2.44521 2.49145 2.54192 2.59831 2.66255 2.73678 2.8234 2.925 3.04443 3.18473 3.34919 3.54134 3.76491 4.02387 4.32242 4.66498 5.0562 5.50095 6.00433 6.57169 7.20857 7.92075 8.71425 9.59529 10.5703 11.6461 12.8295 14.1276 15.5478 17.0977 18.7851 20.6181 22.6049 24.754 27.0741 29.5742 32.2633 35.151 38.2467 41.5604 45.102 48.8818 
72.4064 67.0638 62.026 57.2812 52.8181 48.6254 44.6922 41.0077 37.5615 34.3431 31.3426 28.5501 25.956 23.5508 21.3256 19.2712 17.379 15.6405 14.0475 12.5919 11.2659 10.0619 8.97258 7.9908 7.10966 6.32248 5.62281 5.00441 4.46129 3.98767 3.57801 3.22697 2.92947 2.68063 2.47581 2.31059 2.18077 2.08239 2.0117 1.9652 1.93958 1.9318 1.93901 1.95861 1.9882 2.02564 2.06899 2.11655 2.16683 2.2186 2.27082 2.3227 2.37367 2.42337 2.4717 2.51876 2.5649 2.61066 2.65685 2.70447 2.75479 2.80925 2.86957 2.93767 3.0157 3.10603 3.21129 3.3343 3.47811 3.64603 3.84156 4.06845 4.33066 4.63239 4.97807 5.37233 5.82007 6.32639 6.8966 7.53627 8.25119 9.04735 9.931 10.9086 11.9868 13.1726 14.4731 15.8956 17.4477 19.1373 20.9724 22.9613 25.1124 27.4344 29.9363 32.6273 35.5167 38.6141 41.9294 45.4725 49.2539 
72.3097 66.9756 61.9461 57.2096 52.7547 48.5701 44.645 40.9685 37.5301 34.3196 31.3268 28.542 25.9555 23.5579 21.3401 19.2931 17.4082 15.677 14.0911 12.6426 11.3235 10.1265 9.04398 8.06896 7.1945 6.41392 5.72076 5.1088 4.57204 4.10471 3.70125 3.35634 3.06489 2.82202 2.62309 2.46368 2.33959 2.24687 2.18176 2.14076 2.12058 2.11815 2.13063 2.15542 2.19014 2.23262 2.28095 2.3334 2.38851 2.44503 2.50192 2.5584 2.61389 2.66805 2.72076 2.77214 2.82251 2.87244 2.92272 2.97437 3.02864 3.08699 3.15113 3.22297 3.30468 3.39862 3.50742 3.6339 3.78113 3.95238 4.15119 4.38128 4.64664 4.95144 5.30013 5.69735 6.14797 6.6571 7.23007 7.87244 8.58998 9.38871 10.2749 11.2549 12.3355 13.5236 14.8263 16.2511 17.8053 19.497 21.3341 23.3249 25.4779 27.8018 30.3055 32.9981 35.8892 38.9882 42.305 45.8496 49.6324 
72.23 66.9041 61.8828 57.1544 52.7076 48.531 44.6137 40.9451 37.5145 34.3116 31.3265 28.5492 25.9702 23.5799 21.3694 19.3297 17.4519 15.7278 14.1489 12.7072 11.3951 10.2047 9.12895 8.16053 7.2926 6.51846 5.83167 5.22601 4.69546 4.23426 3.83686 3.49794 3.21239 2.97535 2.78216 2.62843 2.50994 2.42273 2.36307 2.32743 2.31254 2.31532 2.33295 2.3628 2.40251 2.44991 2.50307 2.56029 2.62009 2.68123 2.74267 2.80362 2.86352 2.92201 2.97898 3.03454 3.08902 3.143 3.19726 3.25282 3.31092 3.37304 3.44087 3.51635 3.60162 3.69906 3.81129 3.94113 4.09165 4.26613 4.4681 4.70129 4.96968 5.27746 5.62905 6.02911 6.48251 6.99436 7.56998 8.21493 8.93501 9.7362 10.6248 11.6071 12.69 13.8804 15.1852 16.6121 18.1684 19.862 21.7011 23.6937 25.8485 28.1741 30.6795 33.3738 36.2664 39.3669 42.6851 46.2312 50.0152 
72.1655 66.8477 61.8345 57.114 52.6751 48.5063 44.5968 40.9358 37.5128 34.3174 31.3397 28.5698 25.998 23.615 21.4116 19.3789 17.5082 15.7909 14.2188 12.784 11.4785 10.2947 9.22546 8.26349 7.40192 6.63407 5.95349 5.35396 4.82948 4.37426 3.98276 3.64966 3.36986 3.1385 2.95091 2.8027 2.68966 2.60782 2.55346 2.52304 2.51329 2.52115 2.54377 2.57855 2.62311 2.67528 2.73315 2.795 2.85936 2.92498 2.99084 3.05614 3.1203 3.18299 3.24409 3.30372 3.36219 3.42009 3.4782 3.53755 3.59936 3.66513 3.73655 3.81553 3.90425 4.00507 4.12061 4.2537 4.40741 4.58501 4.79003 5.02622 5.29753 5.60817 5.96257 6.36536 6.82143 7.33589 7.91407 8.56151 9.28401 10.0876 10.9784 11.9631 13.0482 14.2406 15.5475 16.9764 18.5346 20.2302 22.071 24.0655 26.222 28.5492 31.0562 33.752 36.6461 39.748 43.0676 46.615 50.4003 
72.1145 66.8047 61.7992 57.0865 52.6552 48.4941 44.5921 40.9386 37.5229 34.3349 31.3645 28.6017 26.037 23.6611 21.4646 19.4388 17.5748 15.8643 14.2989 12.8706 11.5716 10.3943 9.33133 8.37563 7.52025 6.75852 6.08399 5.49042 4.97183 4.52242 4.13667 3.80923 3.53503 3.30917 3.12703 2.98418 2.87644 2.79982 2.7506 2.72526 2.72051 2.73329 2.76076 2.80032 2.84958 2.90639 2.96882 3.03517 3.10395 3.17392 3.24406 3.31357 3.38187 3.44863 3.51374 3.57729 3.63963 3.70133 3.76317 3.82617 3.89159 3.96088 4.03576 4.11814 4.21019 4.31428 4.43302 4.56925 4.72603 4.90664 5.11461 5.35367 5.62781 5.94121 6.2983 6.70373 7.16238 7.67935 8.25997 8.90981 9.63464 10.4405 11.3336 12.3203 13.4075 14.602 15.9109 17.3417 18.9018 20.5991 22.4417 24.4379 26.596 28.9248 31.4333 34.1306 37.0261 40.1294 43.4502 46.9988 50.7853 
72.075 66.7727 61.7749 57.0698 52.6459 48.4922 44.5976 40.9513 37.5428 34.3619 31.3985 28.6427 26.085 23.7158 21.5261 19.507 17.6496 15.9456 14.3867 12.9647 11.672 10.501 9.44421 8.49459 7.64523 6.88944 6.22077 5.633 5.12012 4.67636 4.29618 3.97424 3.70546 3.48496 3.30809 3.17045 3.06783 2.99628 2.95205 2.93162 2.93172 2.94927 2.98145 3.02564 3.07946 3.14076 3.20761 3.27831 3.35137 3.42556 3.49984 3.57342 3.64574 3.71644 3.78541 3.85277 3.91885 3.98422 4.04967 4.11621 4.1851 4.2578 4.33603 4.42169 4.51696 4.6242 4.74603 4.88529 5.04503 5.22854 5.43935 5.6812 5.95805 6.27411 6.6338 7.04176 7.50289 8.02228 8.60526 9.2574 9.98447 10.7925 11.6877 12.6765 13.7657 14.9622 16.273 17.7056 19.2675 20.9665 22.8108 24.8085 26.9682 29.2986 31.8085 34.5072 37.404 40.5085 43.8306 47.3803 51.1679 
72.0446 66.7498 61.7594 57.0616 52.645 48.4984 44.6109 40.9716 37.5702 34.3962 31.4396 28.6906 26.1395 23.7769 21.5938 19.5811 17.7302 16.0325 14.4798 13.064 11.7775 10.6124 9.56164 8.61793 7.77439 7.02435 6.36137 5.7792 5.27186 4.83357 4.45878 4.14217 3.87864 3.66332 3.49157 3.35896 3.26132 3.19466 3.15526 3.13959 3.14438 3.16655 3.20328 3.25195 3.31019 3.37584 3.44696 3.52187 3.59907 3.67733 3.75562 3.83314 3.90933 3.98384 4.05656 4.1276 4.19729 4.26621 4.33514 4.4051 4.47735 4.55335 4.6348 4.72363 4.822 4.93229 5.0571 5.19928 5.36188 5.5482 5.76175 6.00627 6.28575 6.60436 6.96655 7.37696 7.84047 8.36219 8.94744 9.60179 10.331 11.1411 12.0384 13.0292 14.1203 15.3186 16.6313 18.0656 19.6292 21.33 23.1758 25.1751 27.3363 29.668 32.1793 34.8793 37.7774 40.8832 44.2064 47.7573 51.5459 
72.0211 66.7336 61.7503 57.0595 52.6499 48.5103 44.6297 40.9972 37.6025 34.4352 31.4852 28.7427 26.1981 23.842 21.6652 19.6587 17.814 16.1224 14.5758 13.166 11.8853 10.7261 9.68112 8.7431 7.9052 7.16072 6.50323 5.92649 5.4245 4.9915 4.62192 4.31045 4.052 3.84169 3.67488 3.54715 3.4543 3.39238 3.35764 3.34658 3.35589 3.38253 3.42366 3.47666 3.53916 3.60901 3.68427 3.76324 3.84445 3.92664 4.0088 4.09013 4.17007 4.24825 4.32459 4.39918 4.47236 4.5447 4.617 4.69027 4.76575 4.84493 4.9295 5.02139 5.12276 5.23598 5.36368 5.50867 5.67403 5.86305 6.07924 6.32635 6.60835 6.92944 7.29404 7.7068 8.17261 8.69657 9.28401 9.94049 10.6718 11.4839 12.3831 13.3759 14.4689 15.669 16.9834 18.4194 19.9847 21.687 23.5344 25.5351 27.6977 30.0309 32.5435 35.2448 38.144 41.251 44.5753 48.1272 51.9168 
72.0023 66.7217 61.7453 57.0614 52.6585 48.5256 44.6516 41.0257 37.6375 34.4766 31.533 28.7968 26.2584 23.9084 21.7377 19.7373 17.8986 16.2129 14.6721 13.2681 11.9931 10.8396 9.8001 8.86758 8.03511 7.296 6.6438 6.0723 5.57547 5.14756 4.78302 4.47652 4.22296 4.01748 3.85543 3.7324 3.64419 3.58684 3.55661 3.54998 3.56367 3.59461 3.63998 3.69716 3.76378 3.83768 3.91693 3.99982 4.08489 4.17089 4.25678 4.34179 4.42533 4.50707 4.5869 4.66491 4.74146 4.81711 4.89266 4.96911 5.04773 5.12997 5.21755 5.3124 5.41666 5.53272 5.66319 5.8109 5.97892 6.17055 6.38929 6.6389 6.92333 7.2468 7.61373 8.02877 8.4968 9.02293 9.61248 10.271 11.0043 11.8184 12.7195 13.7141 14.8089 16.0107 17.3268 18.7645 20.3313 22.0351 23.884 25.8862 28.0502 30.3846 32.8985 35.601 38.5015 41.6095 44.935 48.4879 52.2785 
71.9858 66.7119 61.7421 57.0647 52.6684 48.5419 44.6742 41.0547 37.6727 34.518 31.5805 28.8503 26.318 23.9739 21.8091 19.8145 17.9814 16.3015 14.7662 13.3678 12.0983 10.9502 9.91608 8.98885 8.16161 7.42766 6.78056 6.21409 5.72223 5.29923 4.93953 4.63781 4.38897 4.18814 4.03068 3.91217 3.82843 3.77547 3.74958 3.74722 3.76512 3.80022 3.84968 3.91089 3.98147 4.05928 4.14237 4.22905 4.31784 4.40749 4.49699 4.58554 4.67257 4.75773 4.84092 4.92225 5.00204 5.08089 5.15956 5.23909 5.32072 5.40593 5.49642 5.59411 5.70116 5.81996 5.95311 6.10345 6.27405 6.46819 6.68939 6.94141 7.2282 7.55397 7.92315 8.34039 8.81056 9.33878 9.93037 10.5909 11.3261 12.1421 13.0451 14.0414 15.1379 16.3415 17.6592 19.0984 20.6668 22.3721 24.2224 26.226 28.3913 30.727 33.2422 35.9459 38.8475 41.9566 45.2831 48.8369 52.6285 
71.9694 66.7019 61.7384 57.0673 52.6772 48.5568 44.6953 41.0818 37.7058 34.557 31.6253 28.901 26.3744 24.036 21.8768 19.8878 18.0602 16.3857 14.8559 13.4627 12.1985 11.0556 10.0266 9.10446 8.28223 7.55323 6.91103 6.34939 5.86231 5.44402 5.08897 4.79184 4.54753 4.35117 4.19812 4.08396 4.00451 3.95578 3.93406 3.93581 3.95777 3.99685 4.05025 4.11533 4.18973 4.27129 4.35808 4.4484 4.54078 4.63396 4.72693 4.81889 4.90927 4.99774 5.08417 5.16868 5.25161 5.33353 5.41523 5.49772 5.58226 5.67033 5.76362 5.86406 5.97381 6.09525 6.23099 6.38387 6.55695 6.75352 6.97711 7.23145 7.52052 7.84853 8.21988 8.63924 9.11149 9.64173 10.2353 10.8977 11.6349 12.4527 13.3574 14.3555 15.4537 16.6588 17.9781 19.4189 20.9888 22.6956 24.5473 26.5522 28.7188 31.0558 33.5721 36.2769 39.1797 42.2898 45.6173 49.1722 52.9646 
71.951 66.6895 61.7321 57.067 52.6828 48.5683 44.7125 41.1048 37.7345 34.5914 31.6653 28.9465 26.4254 24.0925 21.9386 19.9549 18.1326 16.4633 14.9386 13.5506 12.2914 11.1534 10.1293 9.21205 8.39462 7.67037 7.03285 6.47584 5.99333 5.57955 5.22896 4.93623 4.69626 4.50419 4.35537 4.24538 4.17004 4.12537 4.10765 4.11335 4.13919 4.18211 4.23928 4.30809 4.38616 4.47133 4.56167 4.6555 4.75132 4.84789 4.9442 5.03944 5.13305 5.2247 5.31425 5.40183 5.48778 5.57266 5.65727 5.74262 5.82997 5.92079 6.01679 6.11988 6.23223 6.35623 6.49447 6.6498 6.82528 7.02421 7.2501 7.50669 7.79797 8.12813 8.50159 8.92301 9.39727 9.92948 10.525 11.1893 11.9282 12.7478 13.6543 14.654 15.7539 16.9606 18.2815 19.7237 21.2951 23.0032 24.8563 26.8625 29.0304 31.3686 33.8862 36.5921 39.4959 42.6072 45.9357 49.4915 53.2848 
71.9284 66.6728 61.721 57.0616 52.683 48.5741 44.7239 41.1217 37.7568 34.619 31.6983 28.9848 26.4689 24.1411 21.9924 20.0137 18.1964 16.532 15.0123 13.6291 12.3747 11.2415 10.2221 9.30943 8.49658 7.77686 7.14381 6.59122 6.11307 5.70361 5.35727 5.06874 4.83292 4.64495 4.50017 4.39418 4.32277 4.28199 4.2681 4.27758 4.30714 4.35374 4.41453 4.4869 4.56848 4.65712 4.75088 4.84806 4.94719 5.04702 5.14653 5.24493 5.34165 5.43634 5.5289 5.61943 5.70828 5.79602 5.88343 5.97154 6.0616 6.15507 6.25368 6.35933 6.47419 6.60065 6.74131 6.89901 7.07681 7.27802 7.50613 7.76491 8.05833 8.39057 8.76608 9.1895 9.66572 10.1998 10.7972 11.4633 12.204 13.0253 13.9335 14.9349 16.0363 17.2446 18.567 20.0107 21.5835 23.293 25.1475 27.155 29.3241 31.6635 34.1822 36.8893 39.7942 42.9065 46.236 49.7927 53.587 
71.9 66.6498 61.7035 57.0494 52.6762 48.5725 44.7276 41.1305 37.7707 34.638 31.7224 29.0138 26.5028 24.18 22.0361 20.0622 18.2497 16.59 15.0749 13.6963 12.4464 11.3177 10.3028 9.39456 8.58606 7.87064 7.24185 6.69346 6.21947 5.81411 5.47183 5.18731 4.95544 4.77138 4.63045 4.52827 4.46062 4.42354 4.41331 4.4264 4.45952 4.50963 4.57388 4.64966 4.73461 4.82656 4.92358 5.02398 5.12628 5.22924 5.33182 5.43325 5.53294 5.63057 5.72601 5.81938 5.91102 6.0015 6.09161 6.18237 6.27504 6.37107 6.47219 6.58031 6.6976 6.82644 6.96943 7.12942 7.30947 7.51287 7.74315 8.00404 8.29953 8.6338 9.01129 9.43666 9.91477 10.4507 11.0499 11.7178 12.4603 13.2833 14.193 15.1961 16.2991 17.5089 18.8327 20.2779 21.8521 23.563 25.4187 27.4275 29.5979 31.9385 34.4584 37.1666 40.0726 43.1859 46.5164 50.0741 53.8693 
71.8641 66.619 61.6777 57.0287 52.6604 48.5618 44.7217 41.1295 37.7746 34.6467 31.7357 29.0319 26.5256 24.2073 22.068 20.0987 18.2906 16.6354 15.1247 13.7504 12.5049 11.3804 10.3697 9.46562 8.66124 7.9499 7.32514 6.78073 6.31068 5.90922 5.57078 5.29006 5.06195 4.88159 4.74434 4.64577 4.58169 4.54815 4.54139 4.55792 4.59443 4.64788 4.71543 4.79448 4.88263 4.97775 5.07789 5.18136 5.2867 5.39264 5.49816 5.60248 5.70503 5.80547 5.90367 5.99977 6.09409 6.1872 6.2799 6.37321 6.46838 6.56688 6.67042 6.78092 6.90055 7.03168 7.17692 7.33912 7.52135 7.72688 7.95924 8.22218 8.51968 8.85592 9.23534 9.66259 10.1425 10.6803 11.2813 11.9509 12.695 13.5197 14.4311 15.4357 16.5402 17.7515 19.0768 20.5235 22.099 23.8112 25.6683 27.6784 29.85 32.1918 34.7128 37.4221 40.3292 43.4435 46.775 50.3337 54.1298 
71.8192 66.5789 61.6424 56.998 52.6344 48.5404 44.7049 41.1172 37.7669 34.6435 31.737 29.0375 26.5356 24.2217 22.0866 20.1215 18.3177 16.6666 15.16 13.7899 12.5483 11.4279 10.4212 9.521 8.72051 8.01301 7.39205 6.85141 6.38507 5.98728 5.65248 5.37536 5.1508 4.97395 4.84017 4.74502 4.68433 4.65413 4.65068 4.67046 4.7102 4.76683 4.83751 4.91965 5.01086 5.10898 5.2121 5.3185 5.42672 5.53551 5.64384 5.75093 5.8562 5.95932 6.06017 6.15887 6.25576 6.35139 6.44658 6.54234 6.63991 6.74078 6.84664 6.95944 7.08131 7.21465 7.36207 7.52641 7.71073 7.91832 8.1527 8.41763 8.71706 9.05521 9.43651 9.86559 10.3473 10.8869 11.4895 12.1609 12.9067 13.7329 14.6459 15.6521 16.7581 17.9709 19.2976 20.7456 22.3225 24.0361 25.8945 27.9058 30.0786 32.4217 34.9438 37.6543 40.5624 43.6778 47.0103 50.57 54.367 
71.7643 66.5284 61.5962 56.9563 52.597 48.5072 44.676 41.0926 37.7464 34.6271 31.7248 29.0295 26.5315 24.2217 22.0906 20.1295 18.3296 16.6824 15.1796 13.8133 12.5756 11.4589 10.4559 9.55937 8.76252 8.05862 7.44123 6.90411 6.44127 6.04693 5.71555 5.4418 5.22059 5.04705 4.91653 4.82461 4.76711 4.74007 4.73973 4.7626 4.80537 4.86501 4.93866 5.02373 5.11783 5.21881 5.32474 5.43392 5.54489 5.65638 5.76738 5.8771 5.98497 6.09065 6.19403 6.29521 6.39454 6.49259 6.59016 6.68825 6.78813 6.89127 6.99937 7.11436 7.23839 7.37386 7.52337 7.68977 7.87611 8.08569 8.32202 8.58887 8.89019 9.23019 9.6133 10.0442 10.5277 11.0689 11.6733 12.3462 13.0937 13.9215 14.836 15.8437 16.9512 18.1655 19.4936 20.943 22.5213 24.2362 26.0958 28.1084 30.2825 32.6267 35.15 37.8616 40.7708 43.8873 47.2208 50.7815 54.5795 
71.6985 66.4666 61.5385 56.9025 52.5472 48.4614 44.6341 41.0545 37.7122 34.5968 31.6982 29.0067 26.5125 24.2064 22.079 20.1216 18.3253 16.6817 15.1825 13.8197 12.5855 11.4723 10.4727 9.57965 8.78619 8.08564 7.47157 6.93774 6.47816 6.08705 5.75886 5.48827 5.27018 5.09973 4.97227 4.88338 4.82888 4.80479 4.80738 4.83314 4.87878 4.94124 5.01769 5.10551 5.20234 5.30602 5.41461 5.52642 5.63998 5.75403 5.86756 5.97978 6.09011 6.19822 6.30399 6.40753 6.5092 6.60955 6.70937 6.8097 6.91178 7.01709 7.12732 7.24442 7.37053 7.50804 7.65956 7.82793 8.01621 8.22771 8.46593 8.73462 9.03777 9.37956 9.76443 10.197 10.6822 11.2252 11.8311 12.5057 13.2547 14.0841 15.0001 16.0093 17.1183 18.334 19.6635 21.1143 22.6939 24.4101 26.271 28.2849 30.4601 32.8056 35.33 38.0428 40.9531 44.0707 47.4053 50.9669 54.766 
71.6211 66.3929 61.4684 56.8361 52.4844 48.4022 44.5784 41.0024 37.6636 34.5517 31.6566 28.9686 26.4778 24.1751 22.0511 20.097 18.3041 16.6638 15.1679 13.8084 12.5774 11.4674 10.471 9.58105 8.79071 8.09326 7.48226 6.95148 6.49491 6.10678 5.78155 5.51389 5.29871 5.13113 5.00652 4.92045 4.86873 4.84741 4.85273 4.88119 4.9295 4.9946 5.07366 5.16408 5.26346 5.36966 5.48075 5.59503 5.71103 5.8275 5.94341 6.05798 6.17063 6.28103 6.38907 6.49485 6.59872 6.70125 6.80323 6.90568 7.00985 7.11722 7.22949 7.34859 7.47668 7.61614 7.76959 7.93985 8.13 8.34334 8.58337 8.85385 9.15875 9.50227 9.88884 10.3231 10.81 11.3545 11.9621 12.6382 13.3888 14.2197 15.1372 16.1478 17.2582 18.4753 19.8062 21.2584 22.8393 24.5568 26.419 28.4341 30.6106 32.9572 35.4829 38.1968 41.1082 44.2269 47.5625 51.1253 54.9253 
71.5321 66.3071 61.3859 56.7568 52.4083 48.3293 44.5088 40.936 37.6003 34.4916 31.5996 28.9147 26.427 24.1274 22.0065 20.0554 18.2655 16.6282 15.1353 13.7787 12.5507 11.4436 10.4501 9.56306 8.77558 8.08096 7.47277 6.94477 6.49097 6.10559 5.78307 5.51811 5.3056 5.14067 5.01868 4.93521 4.88607 4.86729 4.87514 4.9061 4.95689 5.02445 5.10594 5.19875 5.30052 5.40907 5.52249 5.63908 5.75735 5.87607 5.99421 6.11098 6.22582 6.33837 6.44854 6.55643 6.66238 6.76696 6.87097 6.97542 7.08157 7.1909 7.3051 7.42611 7.55608 7.69739 7.85267 8.02474 8.21668 8.43177 8.67354 8.94573 9.25232 9.5975 9.98571 10.4216 10.91 11.4562 12.0653 12.743 13.495 14.3274 15.2463 16.2584 17.3702 18.5887 19.921 21.3744 22.9567 24.6755 26.539 28.5553 30.733 33.0808 35.6077 38.3227 41.2353 44.355 47.6918 51.2556 55.0567 
71.4313 66.2092 61.2908 56.6646 52.3189 48.2428 44.4251 40.8551 37.5222 34.4163 31.5271 28.8449 26.3601 24.0631 21.945 19.9966 18.2094 16.5748 15.0846 13.7307 12.5053 11.4008 10.4099 9.52548 8.74057 8.04851 7.44286 6.91739 6.46609 6.0832 5.76315 5.50064 5.29056 5.12804 5.00844 4.92735 4.88056 4.86412 4.87428 4.90754 4.9606 5.03041 5.11413 5.20916 5.31312 5.42385 5.53942 5.65814 5.77852 5.89933 6.01954 6.13836 6.25522 6.36979 6.48194 6.59179 6.69969 6.80619 6.9121 7.01844 7.12645 7.23762 7.35364 7.47644 7.60819 7.75127 7.90828 8.08207 8.2757 8.49247 8.73589 9.00972 9.31792 9.66469 10.0545 10.4919 10.9819 11.5295 12.1401 12.8193 13.5728 14.4066 15.327 16.3404 17.4536 18.6734 20.007 21.4618 23.0454 24.7655 26.6302 28.6478 30.8267 33.1757 35.7037 38.4199 41.3336 44.4545 47.7923 51.3572 55.1594 
71.319 66.0994 61.1835 56.5597 52.2165 48.1428 44.3275 40.76 37.4296 34.326 31.4393 28.7595 26.2771 23.9825 21.8668 19.9208 18.136 16.5037 15.0159 13.6643 12.4412 11.3391 10.3505 9.46838 8.68575 7.99598 7.39259 6.86936 6.4203 6.03963 5.7218 5.46148 5.25358 5.09323 4.97579 4.89683 4.85216 4.83783 4.85009 4.88542 4.94055 5.0124 5.09816 5.1952 5.30116 5.41387 5.53141 5.65208 5.7744 5.89713 6.01924 6.13994 6.25867 6.37509 6.48907 6.60074 6.71044 6.81873 6.92641 7.0345 7.14425 7.25713 7.37485 7.49934 7.63276 7.77748 7.93613 8.11153 8.30677 8.52512 8.77011 9.04548 9.35521 9.70351 10.0948 10.5337 11.0252 11.5742 12.1863 12.8668 13.6217 14.4569 15.3787 16.3935 17.508 18.7292 20.0641 21.5202 23.105 24.8263 26.6923 28.7111 30.8912 33.2414 35.7706 38.4879 41.4028 44.5248 47.8638 51.4297 55.233 
71.196 65.9784 61.0645 56.4428 52.1016 48.03 44.2168 40.6512 37.3229 34.2214 31.3367 28.659 26.1786 23.8861 21.7724 19.8285 18.0456 16.4154 14.9296 13.58 12.359 11.2589 10.2723 9.39214 8.6115 7.9237 7.32229 6.80103 6.35393 5.97521 5.65931 5.40093 5.19495 5.03651 4.92097 4.8439 4.80112 4.78866 4.80278 4.83997 4.89694 4.97062 5.0582 5.15705 5.2648 5.37929 5.49861 5.62104 5.74511 5.86957 5.99341 6.11582 6.23625 6.35436 6.47002 6.58335 6.6947 6.80463 6.91393 7.02363 7.13498 7.24945 7.36875 7.4948 7.62976 7.77602 7.93619 8.11311 8.30983 8.52967 8.77613 9.05296 9.36414 9.71387 10.1066 10.5469 11.0397 11.5902 12.2036 12.8855 13.6418 14.4783 15.4014 16.4175 17.5333 18.7557 20.0919 21.5492 23.1353 24.8579 26.725 28.745 30.9264 33.2777 35.8081 38.5266 41.4426 44.5657 47.9058 51.4729 55.2772 
71.063 65.847 60.9348 56.3146 51.9751 47.9051 44.0935 40.5297 37.203 34.1032 31.2202 28.5441 26.0654 23.7745 21.6625 19.7203 17.9391 16.3106 14.8264 13.4786 12.2592 11.1608 10.1759 9.29741 8.51845 7.83233 7.23259 6.713 6.26757 5.89051 5.57628 5.31954 5.11522 4.95843 4.84453 4.7691 4.72796 4.71712 4.73286 4.77166 4.83024 4.90553 4.9947 5.09514 5.20447 5.32054 5.44142 5.56541 5.69104 5.81705 5.94242 6.06637 6.18832 6.30794 6.42511 6.53994 6.65277 6.76418 6.87496 6.98613 7.09893 7.21485 7.33558 7.46306 7.59944 7.74712 7.90869 8.087 8.28511 8.50632 8.75415 9.03234 9.34487 9.69594 10.09 10.5316 11.0258 11.5775 12.1922 12.8754 13.6329 14.4707 15.3951 16.4124 17.5295 18.7531 20.0906 21.5491 23.1364 24.8601 26.7285 28.7497 30.9322 33.2847 35.8162 38.5358 41.453 44.5772 47.9184 51.4866 55.292 
70.9213 65.7064 60.7954 56.1764 51.8381 47.7693 43.959 40.3964 37.0709 33.9724 31.0906 28.4159 25.9384 23.6489 21.5382 19.5973 17.8174 16.1903 14.7074 13.3609 12.1429 11.0458 10.0622 9.18511 8.40751 7.72275 7.12438 6.60615 6.16209 5.78639 5.47353 5.21817 5.01522 4.8598 4.74727 4.67321 4.63344 4.62397 4.64108 4.68125 4.74119 4.81785 4.90838 5.01018 5.12087 5.2383 5.36053 5.48587 5.61284 5.74019 5.86691 5.9922 6.11548 6.23643 6.35492 6.47108 6.58523 6.69796 6.81004 6.92252 7.03662 7.15383 7.27586 7.40463 7.5423 7.69125 7.85409 8.03367 8.23305 8.45552 8.7046 8.98404 9.29781 9.65011 10.0454 10.4883 10.9836 11.5366 12.1525 12.8369 13.5956 14.4346 15.3602 16.3787 17.4969 18.7218 20.0603 21.52 23.1085 24.8334 26.7029 28.7252 30.9088 33.2625 35.7951 38.5159 41.4342 44.5595 47.9018 51.4711 55.2776 
70.7722 65.558 60.6477 56.0295 51.692 47.624 43.8145 40.2527 36.9281 33.8304 30.9495 28.2756 25.7991 23.5105 21.4007 19.4607 17.6818 16.0556 14.5737 13.2282 12.0112 10.9151 9.93252 9.05642 8.27985 7.59612 6.99879 6.48161 6.0386 5.66397 5.35218 5.09789 4.89602 4.74168 4.63024 4.55728 4.5186 4.51024 4.52845 4.56973 4.63078 4.70855 4.8002 4.90312 5.01494 5.13349 5.25685 5.38332 5.51142 5.6399 5.76775 5.89417 6.01859 6.14067 6.2603 6.37759 6.49288 6.60675 6.71997 6.83358 6.94882 7.06717 7.19033 7.32023 7.45903 7.60912 7.7731 7.95381 8.15432 8.37792 8.62813 8.90869 9.22359 9.57702 9.97341 10.4174 10.9139 11.468 12.085 12.7706 13.5304 14.3705 15.2971 16.3168 17.4361 18.6621 20.0017 21.4626 23.0521 24.7781 26.6487 28.6721 30.8568 33.2116 35.7453 38.4672 41.3865 44.5129 47.8563 51.4266 55.2342 
70.6173 65.4034 60.4934 55.8755 51.5384 47.4707 43.6615 40.1001 36.776 33.6787 30.7983 28.1249 25.6488 23.3607 21.2515 19.312 17.5337 15.9081 14.4268 13.0819 11.8655 10.77 9.78817 8.91274 8.13686 7.45383 6.8572 6.34075 5.89847 5.52458 5.21354 4.96002 4.75892 4.60538 4.49473 4.42257 4.38471 4.37717 4.39621 4.43833 4.50023 4.57885 4.67136 4.77515 4.88784 5.00728 5.13153 5.25889 5.38789 5.51728 5.64605 5.77338 5.89873 6.02174 6.1423 6.26053 6.37677 6.49157 6.60575 6.72031 6.83651 6.95583 7.07996 7.21083 7.35061 7.50167 7.66663 7.84833 8.04982 8.27441 8.52562 8.80718 9.12308 9.47751 9.8749 10.3199 10.8174 11.3725 11.9906 12.6771 13.438 14.2791 15.2068 16.2274 17.3478 18.5748 19.9155 21.3773 22.9678 24.6949 26.5665 28.591 30.7768 33.1326 35.6673 38.3902 41.3106 44.4381 47.7825 51.3539 55.1626 
70.4585 65.2445 60.3343 55.7162 51.3789 47.3112 43.502 39.9405 36.6163 33.5191 30.6387 27.9654 25.4894 23.2014 21.0923 19.153 17.3749 15.7495 14.2684 12.9237 11.7076 10.6124 9.63082 8.75571 7.98015 7.29747 6.70121 6.18514 5.74326 5.36979 5.05919 4.80611 4.60547 4.4524 4.34225 4.27059 4.23325 4.22624 4.24583 4.2885 4.35097 4.43018 4.52328 4.62768 4.74099 4.86105 4.98594 5.11395 5.24361 5.37368 5.50312 5.63115 5.75719 5.88091 6.0022 6.12116 6.23813 6.35368 6.46861 6.58394 6.70091 6.82101 6.94592 7.07759 7.21817 7.37005 7.53582 7.71835 7.92067 8.1461 8.39816 8.68057 8.99733 9.35263 9.75089 10.1968 10.6952 11.2512 11.8701 12.5576 13.3193 14.1614 15.0899 16.1115 17.2328 18.4607 19.8024 21.2652 22.8567 24.5847 26.4573 28.4828 30.6695 33.0263 35.562 38.2859 41.2073 44.3358 47.6812 51.2536 55.0633 
70.2979 65.0831 60.1723 55.5536 51.2158 47.1475 43.3378 39.7758 36.4512 33.3535 30.4728 27.7991 25.3228 23.0345 20.9251 18.9856 17.2072 15.5816 14.1003 12.7555 11.5392 10.444 9.4623 8.58713 7.81154 7.12886 6.53261 6.01658 5.57475 5.20136 4.89085 4.63789 4.43739 4.28447 4.17449 4.10303 4.06589 4.05911 4.07895 4.12189 4.18464 4.26415 4.35757 4.46229 4.57595 4.69637 4.82164 4.95005 5.08012 5.21061 5.34049 5.46897 5.59548 5.71968 5.84146 5.96093 6.07842 6.19451 6.30998 6.42587 6.54342 6.66409 6.78961 6.92188 7.06308 7.21559 7.38201 7.56518 7.76818 7.99428 8.24702 8.53013 8.8476 9.20362 9.60261 10.0492 10.5484 11.1051 11.7249 12.4131 13.1756 14.0185 14.9479 15.9703 17.0924 18.3211 19.6637 21.1273 22.7197 24.4486 26.322 28.3484 30.536 32.8937 35.4304 38.1552 41.0775 44.207 47.5534 51.1267 54.9373 
70.1375 64.9216 60.0096 55.3899 51.051 46.9817 43.171 39.6082 36.2826 33.1841 30.3025 27.628 25.151 22.862 20.7519 18.8117 17.0327 15.4064 13.9246 12.5793 11.3625 10.2667 9.2846 8.409 7.63301 6.94995 6.35335 5.83699 5.39487 5.0212 4.71044 4.45726 4.25656 4.10347 3.99334 3.92175 3.88451 3.87764 3.89742 3.94032 4.00305 4.08256 4.17601 4.28078 4.3945 4.51501 4.64039 4.76892 4.89914 5.02979 5.15985 5.28854 5.41527 5.53971 5.66174 5.78148 5.89927 6.01566 6.13146 6.24769 6.3656 6.48665 6.61256 6.74524 6.88686 7.03981 7.20668 7.39033 7.59381 7.82042 8.07367 8.35731 8.67532 9.0319 9.43147 9.87868 10.3784 10.9358 11.5561 12.245 13.0082 13.8517 14.7818 15.8049 16.9277 18.1572 19.5005 20.9649 22.558 24.2877 26.1619 28.189 30.3775 32.736 35.2735 37.9992 40.9224 44.0527 47.4 50.9743 54.7858 
69.9796 64.7621 59.8485 55.2273 50.8869 46.8161 43.004 39.4398 36.1129 33.0131 30.1302 27.4545 24.9762 22.6861 20.5748 18.6336 16.8535 15.2263 13.7435 12.3972 11.1795 10.0828 9.09987 8.22345 7.44668 6.76286 6.16554 5.64849 5.2057 4.83141 4.52004 4.26629 4.06504 3.91143 3.80082 3.72877 3.69109 3.68382 3.70322 3.74576 3.80817 3.88738 3.98055 4.08507 4.19856 4.31887 4.44407 4.57245 4.70254 4.83308 4.96307 5.09169 5.21838 5.34281 5.46485 5.58462 5.70245 5.81892 5.93482 6.05116 6.1692 6.29041 6.41649 6.54937 6.69121 6.84439 7.01152 7.19544 7.39921 7.62613 7.87972 8.16371 8.48209 8.83905 9.23903 9.68667 10.1868 10.7447 11.3655 12.0549 12.8186 13.6626 14.5932 15.6169 16.7403 17.9704 19.3142 20.7793 22.373 24.1034 25.9783 28.0061 30.1953 32.5546 35.0928 37.8192 40.7432 43.8743 47.2224 50.7975 54.6099 
69.8266 64.607 59.6914 55.0681 50.7257 46.653 42.839 39.273 35.9443 32.8427 29.9582 27.2808 24.8009 22.5091 20.3963 18.4536 16.6721 15.0434 13.5592 12.2115 10.9925 9.89456 8.91035 8.03273 7.25478 6.56982 5.9714 5.45328 5.00946 4.63417 4.32184 4.06715 3.86501 3.71053 3.59908 3.52623 3.48778 3.47977 3.49846 3.54033 3.60209 3.68068 3.77326 3.87722 3.99019 4.11 4.23473 4.36266 4.49233 4.62249 4.75211 4.8804 5.00679 5.13094 5.25272 5.37227 5.4899 5.60619 5.72194 5.83816 5.95609 6.07723 6.20326 6.33611 6.47795 6.63115 6.79832 6.98231 7.18617 7.4132 7.66692 7.95107 8.26963 8.6268 9.027 9.47488 9.97533 10.5335 11.1546 11.8443 12.6083 13.4528 14.3838 15.4079 16.5317 17.7622 19.1066 20.5721 22.1664 23.8972 25.7727 27.8011 29.9909 32.3508 34.8897 37.6168 40.5414 43.6732 47.022 50.5978 54.411 
69.681 64.4588 59.5406 54.9149 50.57 46.495 42.6786 39.1102 35.7793 32.6755 29.7888 27.1093 24.6273 22.3335 20.2188 18.274 16.4906 14.8601 13.3741 12.0246 10.8039 9.70426 8.7184 7.83916 7.05965 6.37316 5.77325 5.25368 4.80845 4.43178 4.11811 3.86212 3.65872 3.50302 3.39038 3.31637 3.27681 3.26772 3.28536 3.32622 3.387 3.46465 3.55633 3.65942 3.77154 3.89054 4.01449 4.14169 4.27065 4.40013 4.5291 4.65677 4.78258 4.90617 5.02743 5.14648 5.26365 5.37951 5.49485 5.61069 5.72828 5.84909 5.97483 6.10742 6.24902 6.40201 6.56901 6.75284 6.95658 7.18351 7.43716 7.72127 8.0398 8.39698 8.7972 9.24515 9.74568 10.3039 10.9252 11.615 12.3793 13.2239 14.1551 15.1795 16.3036 17.5344 18.8791 20.345 21.9396 23.6709 25.5468 27.5757 29.7659 32.1263 34.6657 37.3933 40.3185 43.4509 46.8003 50.3768 54.1905 
69.5452 64.3199 59.3987 54.77 50.4222 46.3443 42.5251 38.954 35.6204 32.5139 29.6246 26.9425 24.458 22.1617 20.0445 18.0974 16.3117 14.6788 13.1906 11.839 10.6161 9.51433 8.52642 7.64517 6.86368 6.17526 5.57347 5.05206 4.60503 4.2266 3.91122 3.65356 3.44852 3.29123 3.17704 3.10152 3.06049 3.04997 3.06622 3.10573 3.1652 3.24157 3.33201 3.4339 3.54486 3.66274 3.7856 3.91174 4.03969 4.16818 4.29621 4.42298 4.54791 4.67066 4.79111 4.90939 5.02582 5.14098 5.25565 5.37085 5.48784 5.60808 5.73327 5.86536 6.00648 6.15903 6.32561 6.50906 6.71244 6.93905 7.19241 7.47625 7.79456 8.15153 8.55158 8.99938 9.4998 10.0579 10.6791 11.369 12.1332 12.9779 13.9092 14.9336 16.0578 17.2888 18.6336 20.0997 21.6946 23.4261 25.3023 27.3314 29.522 31.8827 34.4225 37.1505 40.0762 43.209 46.5589 50.1359 53.9502 
69.4216 64.1928 59.2681 54.6359 50.2848 46.2035 42.3811 38.8067 35.4699 32.3603 29.4679 26.7828 24.2953 21.9962 19.8761 17.9262 16.1377 14.5021 13.0112 11.6569 10.4315 9.32723 8.33684 7.45317 6.6693 5.97856 5.37448 4.85083 4.40161 4.02104 3.70356 3.44385 3.2368 3.07755 2.96144 2.88405 2.84119 2.82888 2.84339 2.88119 2.939 3.01376 3.10262 3.20298 3.31245 3.42888 3.55033 3.6751 3.80172 3.92893 4.05571 4.18126 4.30501 4.42663 4.54599 4.66321 4.77862 4.8928 5.00652 5.12081 5.23693 5.35633 5.48073 5.61205 5.75244 5.9043 6.07022 6.25304 6.45584 6.68189 6.93472 7.21808 7.53593 7.89248 8.29215 8.73959 9.23968 9.79753 10.4185 11.1081 11.8721 12.7166 13.6478 14.6721 15.7963 17.0272 18.372 19.8381 21.433 23.1646 25.0409 27.0702 29.261 31.6219 34.1619 36.8902 39.8161 42.9493 46.2996 49.8769 53.6917 
69.3128 64.0799 59.1513 54.5152 50.1602 46.0751 42.2489 38.6709 35.3304 32.2173 29.3213 26.6327 24.1419 21.8393 19.7159 17.7628 15.9711 14.3323 12.8384 11.481 10.2526 9.14539 8.15211 7.2656 6.47894 5.78546 5.1787 4.65242 4.20061 3.81751 3.49754 3.23539 3.02596 2.86437 2.74597 2.66633 2.62127 2.60682 2.61922 2.65497 2.71078 2.78357 2.87051 2.969 3.07664 3.19129 3.311 3.43408 3.55905 3.68465 3.80987 3.9339 4.05618 4.17636 4.29433 4.41019 4.52429 4.6372 4.74969 4.8628 4.97776 5.09606 5.21939 5.34968 5.48908 5.63998 5.80499 5.98694 6.1889 6.41415 6.66622 6.94885 7.26602 7.62191 8.02096 8.46783 8.96738 9.52472 10.1452 10.8344 11.598 12.4421 13.373 14.397 15.5209 16.7516 18.0962 19.5621 21.1569 22.8885 24.7647 26.794 28.9847 31.3457 33.8858 36.6142 39.5403 42.6736 46.0241 49.6017 53.4167 
69.221 63.9837 59.0506 54.4101 50.0508 45.9615 42.1311 38.5489 35.2043 32.0871 29.1872 26.4947 23.9999 21.6936 19.5665 17.6096 15.8142 14.172 12.6744 11.3136 10.0818 8.97122 7.97464 7.08487 6.29502 5.5984 4.98855 4.45923 4.00444 3.61841 3.29557 3.03059 2.81839 2.65408 2.53301 2.45076 2.40313 2.38616 2.3961 2.42944 2.48288 2.55335 2.63803 2.7343 2.83978 2.9523 3.06995 3.191 3.31399 3.43766 3.561 3.68319 3.80368 3.92212 4.03839 4.1526 4.2651 4.37643 4.48741 4.59904 4.71257 4.82948 4.95147 5.08045 5.2186 5.36828 5.53211 5.71293 5.91379 6.138 6.38905 6.67072 6.98695 7.34195 7.74015 8.18621 8.68498 9.2416 9.86138 10.5499 11.3129 12.1564 13.0867 14.1103 15.2337 16.464 17.8082 19.2738 20.8683 22.5995 24.4755 26.5046 28.6952 31.056 33.596 36.3244 39.2504 42.3838 45.7343 49.312 53.1272 
69.1486 63.9063 58.9683 54.323 49.9589 45.8648 42.0298 38.443 35.0939 31.9722 29.0678 26.371 23.8719 21.5613 19.43 17.469 15.6696 14.0233 12.5218 11.1571 9.92142 8.80709 7.80678 6.91335 6.1199 5.41972 4.80638 4.27362 3.81545 3.42609 3.09998 2.8318 2.61644 2.44902 2.32491 2.23967 2.1891 2.16925 2.17636 2.20692 2.25764 2.32544 2.40751 2.50121 2.60417 2.71424 2.82947 2.94817 3.06885 3.19027 3.31139 3.43143 3.54981 3.66619 3.78045 3.89271 4.00329 4.11276 4.22192 4.33178 4.4436 4.55883 4.67918 4.80659 4.9432 5.09139 5.25377 5.43319 5.6327 5.85559 6.10538 6.38582 6.70087 7.05474 7.45185 7.89685 8.39462 8.95026 9.56912 10.2567 11.0189 11.8617 12.7912 13.814 14.9368 16.1664 17.51 18.9751 20.569 22.2998 24.1754 26.204 28.3943 30.7548 33.2945 36.0226 38.9485 42.0817 45.4321 49.0097 52.8248 
69.0977 63.85 58.9066 54.256 49.8867 45.7875 41.9473 38.3554 35.0014 31.8748 28.9655 26.2638 23.7601 21.4448 19.3088 17.3433 15.5394 13.8886 12.3828 11.0138 9.77379 8.65526 7.65082 6.75331 5.95584 5.25171 4.63447 4.09787 3.63593 3.24285 2.91308 2.6413 2.42239 2.2515 2.12395 2.03534 1.98147 1.95837 1.96228 1.9897 2.03733 2.10211 2.18121 2.272 2.3721 2.47936 2.59184 2.70784 2.82588 2.94471 3.06331 3.18087 3.29682 3.41082 3.52276 3.63274 3.7411 3.84841 3.95545 4.06325 4.17304 4.28631 4.40474 4.53028 4.66507 4.81149 4.97216 5.1499 5.34778 5.5691 5.81736 6.09631 6.40993 6.7624 7.15816 7.60187 8.09838 8.65282 9.27052 9.95702 10.7181 11.5598 12.4884 13.5103 14.6321 15.8609 17.2037 18.668 20.2612 21.9913 23.8663 25.8943 28.084 30.444 32.9833 35.711 38.6364 41.7693 45.1194 48.6968 52.5117 
69.0703 63.8167 58.8676 54.2113 49.8363 45.7314 41.8857 38.2883 34.9288 31.7969 28.8823 26.1754 23.6665 21.3461 19.2051 17.2345 15.4257 13.7701 12.2594 10.8857 9.64103 8.5179 7.5089 6.60692 5.80502 5.09653 4.475 3.93417 3.46805 3.07087 2.73705 2.46128 2.23845 2.06369 1.93234 1.83999 1.78244 1.75571 1.75606 1.77998 1.82417 1.88557 1.96134 2.04886 2.14576 2.24987 2.35926 2.47223 2.58729 2.7032 2.81893 2.93368 3.04689 3.15819 3.26749 3.37489 3.48072 3.58555 3.69017 3.79559 3.90307 4.01408 4.13031 4.25369 4.38637 4.53074 4.6894 4.8652 5.06118 5.28064 5.52711 5.80431 6.11623 6.46705 6.86122 7.30337 7.79838 8.35136 8.96765 9.6528 10.4126 11.253 12.1804 13.2011 14.3218 15.5495 16.8913 18.3546 19.9469 21.6761 23.5502 25.5774 27.7664 30.1257 32.6643 35.3913 38.3162 41.4486 44.7982 48.3751 52.1897 
69.0683 63.8084 58.8531 54.1905 49.8094 45.6985 41.8468 38.2436 34.8782 31.7404 28.8202 26.1076 23.593 21.2671 19.1206 17.1447 15.3305 13.6696 12.1538 10.7749 9.52516 8.39701 7.38307 6.4762 5.66948 4.95624 4.33001 3.78456 3.31389 2.9122 2.57395 2.29381 2.06668 1.88768 1.75216 1.65569 1.59409 1.56337 1.5598 1.57986 1.62025 1.67791 1.75 1.83391 1.92725 2.02787 2.13383 2.24343 2.35518 2.46784 2.58038 2.69199 2.80212 2.91042 3.01676 3.12125 3.22424 3.32629 3.42818 3.53093 3.6358 3.74424 3.85797 3.9789 4.10919 4.25122 4.4076 4.58116 4.77497 4.99231 5.23671 5.51189 5.82184 6.17076 6.56306 7.0034 7.49665 8.04793 8.66256 9.3461 10.1043 10.9433 11.8692 12.8885 14.0078 15.2342 16.5748 18.0368 19.628 21.3561 23.2291 25.2553 27.4433 29.8017 32.3394 35.0656 37.9898 41.1214 44.4703 48.0466 51.8606 
69.0932 63.8266 58.8646 54.1955 49.8079 45.6905 41.8324 38.2228 34.8512 31.7072 28.7808 26.0621 23.5416 21.2097 19.0574 17.0756 15.2557 13.5891 12.0676 10.6832 9.42802 8.29446 7.27517 6.36302 5.5511 4.83271 4.20141 3.65095 3.17533 2.76876 2.42571 2.14082 1.90901 1.7254 1.58533 1.48439 1.41837 1.38331 1.37546 1.39129 1.42753 1.4811 1.54917 1.62912 1.71857 1.81535 1.91754 2.02343 2.13154 2.24062 2.34964 2.4578 2.56453 2.66949 2.77256 2.87384 2.97368 3.07263 3.17149 3.27127 3.37322 3.47881 3.58974 3.70793 3.83554 3.97495 4.12876 4.29981 4.49116 4.7061 4.94815 5.22105 5.52877 5.87551 6.26569 6.70396 7.1952 7.74451 8.35723 9.03892 9.79535 10.6325 11.5567 12.5744 13.6922 14.917 16.2561 17.7167 19.3064 21.0332 22.9049 24.9299 27.1167 29.474 32.0106 34.7358 37.659 40.7897 44.1377 47.7132 51.5263 
69.1464 63.8727 58.9036 54.2276 49.833 45.7088 41.8439 38.2275 34.8492 31.6987 28.7657 26.0406 23.5136 21.1754 19.0168 17.0288 15.2028 13.5301 12.0027 10.6123 9.35124 8.21189 7.18687 6.26906 5.45155 4.72764 4.09088 3.53504 3.0541 2.64229 2.29406 2.00406 1.76721 1.57862 1.43365 1.32787 1.25708 1.21732 1.20483 1.2161 1.24784 1.29698 1.36068 1.43633 1.52154 1.61416 1.71225 1.8141 1.91824 2.02341 2.12859 2.23297 2.33599 2.4373 2.53678 2.63454 2.73092 2.82648 2.922 3.01851 3.11725 3.21968 3.32752 3.44268 3.56732 3.70382 3.85478 4.02304 4.21166 4.42393 4.66336 4.9337 5.23892 5.58321 5.971 6.40694 6.89591 7.44301 8.05357 8.73315 9.48753 10.3227 11.245 12.2607 13.3767 14.5998 15.9371 17.396 18.9842 20.7093 22.5796 24.6031 26.7885 29.1444 31.6797 34.4037 37.3257 40.4552 43.8022 47.3766 51.1888 
69.229 63.9478 58.9713 54.2879 49.886 45.7546 41.8825 38.259 34.8737 31.7161 28.7763 26.0443 23.5105 21.1656 19.0003 17.0057 15.1732 13.4941 11.9602 10.5636 9.29627 8.15075 7.11963 6.19579 5.37232 4.64252 3.99995 3.43835 2.95174 2.53432 2.18055 1.88509 1.64284 1.44893 1.2987 1.18773 1.11183 1.06702 1.04955 1.05592 1.08282 1.12719 1.18619 1.25721 1.33786 1.42598 1.51964 1.61714 1.71698 1.81793 1.91895 2.01924 2.11823 2.21558 2.31117 2.4051 2.49772 2.58958 2.68147 2.7744 2.86964 2.96863 3.07309 3.18494 3.30632 3.43963 3.58746 3.75265 3.93826 4.14758 4.38413 4.65164 4.95409 5.29568 5.68082 6.11417 6.60061 7.14523 7.75338 8.4306 9.18269 10.0156 10.9357 11.9493 13.0632 14.2843 15.6196 17.0767 18.663 20.3864 22.2548 24.2767 26.4605 28.8148 31.3486 34.0711 36.9917 40.1199 43.4655 47.0387 50.8497 
69.3419 64.0528 59.0685 54.3774 49.9678 45.8288 41.9491 38.3182 34.9254 31.7605 28.8134 26.0742 23.5332 21.1812 19.009 17.0074 15.168 13.4821 11.9415 10.5382 9.26428 8.11223 7.07466 6.14444 5.31465 4.57862 3.92987 3.36218 2.86954 2.44617 2.08651 1.78524 1.53726 1.33768 1.18186 1.06537 0.984011 0.93382 0.911048 0.912175 0.933909 0.973185 1.02716 1.09323 1.169 1.25231 1.34122 1.43405 1.52929 1.6257 1.72225 1.81815 1.91282 2.0059 2.0973 2.18711 2.27566 2.36353 2.45149 2.54057 2.63201 2.72728 2.82808 2.93633 3.05418 3.18401 3.32844 3.49029 3.67262 3.87873 4.11212 4.37655 4.67597 5.01459 5.39683 5.82733 6.31098 6.85288 7.45837 8.13298 8.88252 9.71299 10.6306 11.6419 12.7535 13.9723 15.3054 16.7603 18.3446 20.0659 21.9324 23.9524 26.1343 28.4868 31.0189 33.7397 36.6587 39.7853 43.1295 46.7012 50.5108 
