# Please cite arXiv:2008.01110
# The chisq test statistic between a given point in parameter space and the data including a marginalization over theta23, delta, and Dmsq31 for a fixed MO
# The first two rows define the grid:
#   |eps|
#   phi
# The remaining rows are the chisq test statistic where the first row is at |eps|=0 and at increasing values of phi. The remaining rows are increasing values of |eps|.
0 0.006 0.012 0.018 0.024 0.03 0.036 0.042 0.048 0.054 0.06 0.066 0.072 0.078 0.084 0.09 0.096 0.102 0.108 0.114 0.12 0.126 0.132 0.138 0.144 0.15 0.156 0.162 0.168 0.174 0.18 0.186 0.192 0.198 0.204 0.21 0.216 0.222 0.228 0.234 0.24 0.246 0.252 0.258 0.264 0.27 0.276 0.282 0.288 0.294 0.3 0.306 0.312 0.318 0.324 0.33 0.336 0.342 0.348 0.354 0.36 0.366 0.372 0.378 0.384 0.39 0.396 0.402 0.408 0.414 0.42 0.426 0.432 0.438 0.444 0.45 0.456 0.462 0.468 0.474 0.48 0.486 0.492 0.498 0.504 0.51 0.516 0.522 0.528 0.534 0.54 0.546 0.552 0.558 0.564 0.57 0.576 0.582 0.588 0.594 0.6 
0 0.0628319 0.125664 0.188496 0.251327 0.314159 0.376991 0.439823 0.502655 0.565487 0.628319 0.69115 0.753982 0.816814 0.879646 0.942478 1.00531 1.06814 1.13097 1.19381 1.25664 1.31947 1.3823 1.44513 1.50796 1.5708 1.63363 1.69646 1.75929 1.82212 1.88496 1.94779 2.01062 2.07345 2.13628 2.19911 2.26195 2.32478 2.38761 2.45044 2.51327 2.57611 2.63894 2.70177 2.7646 2.82743 2.89027 2.9531 3.01593 3.07876 3.14159 3.20442 3.26726 3.33009 3.39292 3.45575 3.51858 3.58142 3.64425 3.70708 3.76991 3.83274 3.89557 3.95841 4.02124 4.08407 4.1469 4.20973 4.27257 4.3354 4.39823 4.46106 4.52389 4.58673 4.64956 4.71239 4.77522 4.83805 4.90088 4.96372 5.02655 5.08938 5.15221 5.21504 5.27788 5.34071 5.40354 5.46637 5.5292 5.59203 5.65487 5.7177 5.78053 5.84336 5.90619 5.96903 6.03186 6.09469 6.15752 6.22035 6.28319 
5.8131 5.8131 5.8131 5.8131 5.8131 5.8131 5.8131 5.8131 5.8131 5.8131 5.8131 5.8131 5.8131 5.8131 5.8131 5.8131 5.8131 5.8131 5.8131 5.8131 5.8131 5.8131 5.8131 5.8131 5.8131 5.8131 5.8131 5.8131 5.8131 5.8131 5.8131 5.8131 5.8131 5.8131 5.8131 5.8131 5.8131 5.8131 5.8131 5.8131 5.8131 5.8131 5.8131 5.8131 5.8131 5.8131 5.8131 5.8131 5.8131 5.8131 5.8131 5.8131 5.8131 5.8131 5.8131 5.8131 5.8131 5.8131 5.8131 5.8131 5.8131 5.8131 5.8131 5.8131 5.8131 5.8131 5.8131 5.8131 5.8131 5.8131 5.8131 5.8131 5.8131 5.8131 5.8131 5.8131 5.8131 5.8131 5.8131 5.8131 5.8131 5.8131 5.8131 5.8131 5.8131 5.8131 5.8131 5.8131 5.8131 5.8131 5.8131 5.8131 5.8131 5.8131 5.8131 5.8131 5.8131 5.8131 5.8131 5.8131 5.8131 
5.63213 5.6442 5.65691 5.67023 5.6841 5.69847 5.7133 5.72852 5.74409 5.75994 5.77602 5.79227 5.80862 5.82502 5.84141 5.85772 5.87389 5.88987 5.90558 5.92098 5.93599 5.95057 5.96464 5.97817 5.99108 6.00333 6.01487 6.02565 6.03563 6.04475 6.05298 6.06028 6.06663 6.07198 6.07632 6.07962 6.08186 6.08303 6.08312 6.08213 6.08005 6.0769 6.07267 6.06739 6.06107 6.05374 6.04543 6.03617 6.02599 6.01494 6.00307 5.99042 5.97705 5.96302 5.94837 5.93319 5.91753 5.90146 5.88505 5.86837 5.85149 5.83448 5.81741 5.80037 5.78341 5.76661 5.75003 5.73376 5.71784 5.70235 5.68735 5.67289 5.65904 5.64583 5.63334 5.62159 5.61064 5.60051 5.59126 5.58291 5.57548 5.569 5.5635 5.55899 5.55548 5.55298 5.5515 5.55104 5.55159 5.55316 5.55572 5.55928 5.56381 5.56929 5.5757 5.58303 5.59122 5.60027 5.61013 5.62076 5.63213 
5.46022 5.48383 5.50868 5.53469 5.56177 5.58982 5.61876 5.64848 5.67888 5.70987 5.74133 5.77315 5.80523 5.83745 5.86969 5.90186 5.93381 5.96545 5.99665 6.02729 6.05726 6.08645 6.11472 6.14198 6.16811 6.193 6.21655 6.23864 6.25919 6.2781 6.29527 6.31062 6.32408 6.33557 6.34503 6.3524 6.35763 6.36069 6.36153 6.36014 6.35651 6.35063 6.34252 6.3322 6.31969 6.30504 6.28831 6.26955 6.24885 6.22629 6.20198 6.17601 6.14851 6.11959 6.08941 6.05809 6.02579 5.99265 5.95883 5.92449 5.8898 5.8549 5.81997 5.78516 5.75062 5.71651 5.68298 5.65016 5.61819 5.5872 5.55731 5.52864 5.50129 5.47535 5.45093 5.42809 5.40692 5.38748 5.36982 5.354 5.34006 5.32803 5.31794 5.3098 5.30364 5.29946 5.29725 5.29702 5.29874 5.30241 5.30799 5.31546 5.32479 5.33592 5.34882 5.36344 5.37972 5.39761 5.41703 5.43792 5.46022 
5.29736 5.33206 5.36855 5.4067 5.4464 5.48753 5.52995 5.57354 5.61814 5.66363 5.70985 5.75666 5.8039 5.85141 5.89904 5.94662 5.99399 6.04098 6.08742 6.13314 6.17796 6.22173 6.26427 6.3054 6.34496 6.38278 6.57285 6.45254 6.48417 6.51342 6.82325 6.56422 6.58549 6.60385 6.61917 6.63135 6.64103 6.63511 6.5996 6.56617 6.5349 6.50586 6.47912 6.45473 6.43276 6.41342 6.39683 6.38308 6.37225 6.36441 6.35964 6.35801 6.32709 6.28231 6.2355 6.1869 6.13676 6.08535 6.03293 5.97977 5.92616 5.87236 5.81864 5.76527 5.7125 5.66058 5.60973 5.56019 5.51214 5.46579 5.42131 5.37885 5.33855 5.30056 5.26498 5.23191 5.20144 5.17365 5.14859 5.12632 5.10687 5.09028 5.07656 5.06573 5.05779 5.05274 5.05055 5.05121 5.05469 5.06096 5.06997 5.08167 5.09602 5.11294 5.13238 5.15426 5.1785 5.20502 5.23374 5.26455 5.29736 
5.14356 5.18894 5.23661 5.28642 5.33824 5.39191 5.44726 5.50415 5.5624 5.62184 5.68228 5.74355 5.80544 5.86778 5.93034 5.99294 6.05537 6.1174 6.17883 6.23944 6.299 6.35729 6.41409 6.46917 6.52231 6.57328 6.62186 6.66782 6.71095 6.75103 6.78786 6.75394 6.69527 6.63859 6.58401 6.53163 6.48155 6.43388 6.3887 6.34609 6.30613 6.26891 6.23448 6.20292 6.17429 6.14865 6.12604 6.10651 6.09013 6.07728 6.06812 6.06276 6.0613 6.06382 6.07042 6.08118 6.09618 6.17769 6.10518 6.03177 5.9579 5.88399 5.81043 5.73764 5.66598 5.5958 5.52742 5.46114 5.39721 5.33588 5.27736 5.22183 5.16944 5.12033 5.07463 5.03242 4.99379 4.95879 4.92748 4.8999 4.87605 4.85596 4.83964 4.82706 4.81821 4.81308 4.81163 4.81381 4.81959 4.8289 4.8417 4.85791 4.87747 4.90029 4.92629 4.95537 4.98745 5.02243 5.06018 5.1006 5.14356 
4.99879 5.05449 5.11293 5.17398 5.23745 5.30319 5.371 5.4407 5.51209 5.58499 5.65917 5.73442 5.81052 5.88724 5.96434 6.0416 6.11874 6.19553 6.27171 6.347 6.42116 6.49389 6.56493 6.634 6.70081 6.76509 6.82656 6.88492 6.84722 6.7706 6.69595 6.62343 6.55318 6.48535 6.42006 6.35745 6.29761 6.24059 6.18647 6.13534 6.08728 6.04236 6.00065 5.96222 5.92712 5.89543 5.86718 5.84244 5.82123 5.80361 5.7896 5.77942 5.7736 5.7723 5.77561 5.78367 5.79655 5.81436 5.83717 5.86503 5.89799 5.88543 5.79087 5.69778 5.60667 5.51799 5.43215 5.34948 5.27027 5.19478 5.12321 5.05574 4.99249 4.93359 4.87912 4.82915 4.78372 4.74286 4.7066 4.67495 4.64789 4.62541 4.60749 4.5941 4.58521 4.58076 4.58071 4.58499 4.59356 4.60633 4.62323 4.64418 4.6691 4.69789 4.73045 4.76669 4.80648 4.84971 4.89626 4.946 4.99879 
4.86302 4.9287 4.99757 5.06945 5.14418 5.22156 5.3014 5.38347 5.46758 5.55349 5.64097 5.72978 5.81968 5.9104 6.00167 6.09323 6.18479 6.27605 6.36673 6.45653 6.54511 6.63218 6.71741 6.80047 6.88102 6.95874 6.94278 6.85017 6.75951 6.67097 6.58471 6.5009 6.42125 6.34114 6.26622 6.1984 6.13539 6.057 5.99407 5.93461 5.87874 5.82654 5.77793 5.73293 5.69158 5.65395 5.62008 5.59582 5.57157 5.54732 5.52307 5.50861 5.49813 5.49183 5.49044 5.49415 5.50305 5.51725 5.53679 5.56168 5.59188 5.62722 5.6674 5.63834 5.52768 5.42089 5.31838 5.22045 5.12736 5.03927 4.95635 4.87868 4.80636 4.73943 4.67792 4.62185 4.57122 4.52603 4.48624 4.45184 4.42278 4.39903 4.38054 4.36726 4.35912 4.35607 4.35804 4.36495 4.37673 4.3933 4.41457 4.44045 4.47085 4.50566 4.54478 4.58809 4.63547 4.68679 4.74192 4.80071 4.86302 
4.73621 4.81156 4.89053 4.97292 5.05854 5.14719 5.23866 5.33272 5.42914 5.52768 5.62807 5.73007 5.83339 5.93775 6.04285 6.1484 6.25408 6.35956 6.46451 6.5686 6.67147 6.77277 6.87211 6.96914 7.06346 6.99095 6.88462 6.78033 6.67827 6.5786 6.48151 6.38715 6.29566 6.20719 6.12188 6.03986 5.96124 5.88615 5.81469 5.74697 5.68308 5.62313 5.56722 5.51542 5.46785 5.42444 5.38501 5.3496 5.31823 5.29096 5.2678 5.24879 5.23396 5.22331 5.21685 5.21494 5.2184 5.2273 5.24167 5.26142 5.28636 5.3161 5.34989 5.38634 5.41651 5.29415 5.1778 5.06756 4.96351 4.86571 4.77417 4.68893 4.60997 4.53729 4.47086 4.41065 4.35661 4.30872 4.2669 4.2311 4.20128 4.17735 4.15926 4.14694 4.14031 4.13931 4.14384 4.15384 4.16921 4.18988 4.21574 4.24671 4.28267 4.32353 4.36917 4.41947 4.47431 4.53354 4.59704 4.66465 4.73621 
4.61831 4.70306 4.79183 4.88441 4.9806 5.08019 5.18295 5.28865 5.39704 5.50784 5.62081 5.73564 5.85205 5.96972 6.08834 6.20759 6.32711 6.44656 6.56557 6.68376 6.80075 6.91615 7.02953 7.14049 7.06886 6.94919 6.83163 6.71638 6.60363 6.49355 6.38925 6.2821 6.18104 6.08331 5.98904 5.9074 5.81109 5.72778 5.64834 5.57287 5.50146 5.43417 5.37109 5.31229 5.25785 5.20783 5.16233 5.12143 5.08487 5.05249 5.02431 5.00038 4.98071 4.96532 4.95424 4.94743 4.94486 4.94722 4.95502 4.9681 4.98613 5.00845 5.03393 5.06048 5.08383 5.09141 4.99673 4.88197 4.77301 4.67047 4.57455 4.48534 4.4029 4.32722 4.2583 4.19609 4.14056 4.09165 4.0493 4.01345 3.98402 3.96095 3.94417 3.93359 3.92915 3.93076 3.93834 3.95182 3.97111 3.99611 4.02674 4.0629 4.10449 4.1514 4.20352 4.26072 4.32289 4.38988 4.46155 4.53775 4.61831 
4.50926 4.60317 4.70147 4.80396 4.91043 5.02066 5.13441 5.25143 5.37146 5.49423 5.61944 5.7468 5.87599 6.00668 6.13854 6.27121 6.40433 6.5375 6.67035 6.80246 6.93342 7.06278 7.19011 7.17536 7.04271 6.9122 6.78406 6.65849 6.53568 6.41581 6.29907 6.19642 6.07833 5.96912 5.86637 5.76744 5.67244 5.58146 5.49725 5.41189 5.33344 5.25928 5.23958 5.12405 5.41253 5.00654 4.95454 4.90713 4.86439 4.82639 4.79302 4.76387 4.73898 4.71837 4.70208 4.69009 4.68239 4.67889 4.67948 4.68492 4.69507 4.70912 4.72573 4.74257 4.75547 4.75617 4.72787 4.65196 4.55101 4.45136 4.35674 4.26805 4.18576 4.11011 4.04125 3.97924 3.9241 3.87582 3.83436 3.79969 3.77174 3.75046 3.73579 3.72765 3.72597 3.7307 3.74174 3.75903 3.78248 3.81202 3.84755 3.88899 3.93623 3.98918 4.04772 4.11173 4.1811 4.25569 4.33535 4.41993 4.50926 
4.409 4.51184 4.61943 4.73159 4.84808 4.96867 5.09313 5.2212 5.35259 5.48703 5.62421 5.76381 5.90551 6.04895 6.19378 6.33963 6.48609 6.63278 6.77926 6.92511 7.06987 7.21308 7.30946 7.16414 7.02098 6.88021 6.74206 6.60673 6.47443 6.34533 6.2466 6.09748 5.97947 5.86443 5.75379 5.64724 5.54486 5.44675 5.35297 5.26356 5.17858 5.09805 5.02197 4.95128 4.88591 4.82055 4.76242 4.70862 4.65942 4.61481 4.57487 4.53971 4.50927 4.48305 4.46106 4.44334 4.42989 4.42065 4.41547 4.41406 4.41607 4.42163 4.42955 4.43763 4.44239 4.43841 4.41828 4.37349 4.2982 4.21019 4.12277 4.03908 3.96049 3.88778 3.82139 3.76161 3.70859 3.66241 3.62312 3.59073 3.5652 3.54652 3.53465 3.52954 3.53113 3.53938 3.55422 3.57558 3.6034 3.63762 3.67815 3.7249 3.77781 3.83676 3.90166 3.97239 4.04884 4.13087 4.21835 4.31111 4.409 
4.31747 4.42904 4.54571 4.66729 4.79357 4.92429 5.05921 5.19807 5.34057 5.48642 5.63531 5.7869 5.94086 6.0968 6.25436 6.41315 6.57274 6.73273 6.89265 7.05205 7.21046 7.36738 7.31254 7.15699 7.00384 6.85334 6.7057 6.56114 6.41986 6.28204 6.14788 6.01759 5.89118 5.76892 5.6509 5.53722 5.42797 5.32322 5.22303 5.12742 5.03642 4.94999 4.87041 4.79084 4.71804 4.68806 4.60694 4.52582 4.4704 4.4193 4.37257 4.33032 4.29269 4.25986 4.23176 4.20785 4.18815 4.17265 4.16122 4.15361 4.14937 4.14781 4.14787 4.14812 4.14619 4.13836 4.11984 4.08385 4.02681 3.95436 3.87786 3.80243 3.7303 3.66284 3.60091 3.54504 3.49558 3.45275 3.4167 3.38749 3.36518 3.34978 3.34128 3.33967 3.34493 3.35703 3.37592 3.40156 3.43391 3.4729 3.51849 3.57059 3.62913 3.69404 3.76522 3.84257 3.92598 4.01532 4.11045 4.21122 4.31747 
4.23454 4.35468 4.48026 4.61108 4.74692 4.88755 5.03271 5.18213 5.33552 5.49255 5.65292 5.81627 5.98225 6.15047 6.32054 6.49205 6.66457 6.83765 7.01082 7.18362 7.35552 7.48445 7.31668 7.15136 6.98873 6.82904 6.67252 6.51939 6.36984 6.22407 6.08225 5.94452 5.81102 5.68186 5.55716 5.43697 5.32136 5.21044 5.10431 5.00298 4.90644 4.81464 4.72983 4.64502 4.567 4.49614 4.42528 4.35856 4.29724 4.23989 4.18651 4.13718 4.09206 4.05136 4.01532 3.98417 3.95781 3.93564 3.91757 3.90339 3.8927 3.88482 3.87874 3.87301 3.86556 3.85358 3.83337 3.80089 3.75376 3.694 3.62904 3.56322 3.49909 3.43838 3.38226 3.33153 3.28672 3.24819 3.2162 3.1909 3.17242 3.16081 3.15614 3.15841 3.16764 3.18383 3.20695 3.23698 3.2739 3.31768 3.3683 3.4257 3.48984 3.56064 3.63802 3.7219 3.81217 3.90871 4.01138 4.12005 4.23454 
4.15988 4.28847 4.42285 4.5628 4.7081 4.85849 5.0137 5.17348 5.33753 5.50554 5.67718 5.85208 6.02987 6.21016 6.39253 6.57657 6.76181 6.94781 7.13406 7.32007 7.50532 7.68323 7.32089 7.14629 6.97467 6.80626 6.64133 6.48007 6.3227 6.16941 6.02038 5.87575 5.7413 5.60027 5.46962 5.34381 5.2229 5.1069 4.99581 4.88959 4.78817 4.69856 4.60898 4.51934 4.42973 4.35133 4.27701 4.20837 4.13974 4.07646 4.01665 3.96037 3.90778 3.85913 3.81475 3.77498 3.74009 3.71027 3.68527 3.66431 3.64701 3.63276 3.6206 3.60922 3.59683 3.5811 3.55928 3.52864 3.48751 3.43744 3.38282 3.32646 3.27073 3.21743 3.16789 3.12305 3.0836 3.05002 3.02267 3.00181 2.9876 2.98018 2.97964 2.98604 2.99938 3.01973 3.04712 3.08157 3.12309 3.17168 3.22733 3.29001 3.35969 3.43632 3.51983 3.61014 3.70716 3.81077 3.92087 4.03729 4.15988 
4.0934 4.23028 4.3733 4.52224 4.67687 4.83691 5.0021 5.17214 5.3467 5.5255 5.70821 5.89447 6.08388 6.27605 6.47054 6.66692 6.86471 7.06344 7.2626 7.46167 7.6601 7.51224 7.32585 7.14242 6.96223 6.78555 6.6126 6.44362 6.27882 6.11839 5.96457 5.81137 5.66507 5.52375 5.38752 5.25643 5.13056 5.0099 4.89447 4.7842 4.67902 4.57879 4.48332 4.39238 4.30568 4.22309 4.14444 4.06936 4.06676 3.92877 3.86285 3.79981 3.73984 3.68326 3.63049 3.58201 3.53823 3.49946 3.46582 3.43721 3.41316 3.39258 3.37451 3.35777 3.34081 3.32172 3.29838 3.26879 3.23218 3.19001 3.14402 3.09623 3.04858 3.00273 2.95999 2.92138 2.88767 2.85943 2.83709 2.82097 2.81133 2.80829 2.81197 2.82252 2.84005 2.86464 2.89637 2.93528 2.98143 3.03483 3.09549 3.16342 3.23859 3.32097 3.41052 3.50717 3.61083 3.72141 3.8388 3.96284 4.0934 
4.03501 4.18007 4.33159 4.48938 4.65318 4.82274 4.99776 5.17795 5.36298 5.55249 5.74613 5.94357 6.14443 6.3483 6.55473 6.76327 6.97344 7.18474 7.39664 7.60862 7.72512 7.52713 7.33209 7.14022 6.95187 6.76727 6.58669 6.41034 6.23846 6.07125 5.90888 5.75153 5.61042 5.45244 5.31093 5.17488 5.04435 4.91935 4.79987 4.68587 4.57724 4.47384 4.37546 4.28181 4.19256 4.10727 4.02543 3.94651 3.87025 3.79643 3.72479 3.65528 3.58809 3.52365 3.46253 3.40536 3.35272 3.30507 3.26267 3.22554 3.19342 3.1657 3.14149 3.11954 3.09832 3.07619 3.05159 3.02335 2.991 2.95484 2.91588 2.87552 2.83525 2.79648 2.76043 2.72807 2.7002 2.67744 2.66026 2.649 2.6439 2.64522 2.65318 2.66797 2.68974 2.71863 2.75472 2.79811 2.84888 2.90706 2.9727 3.04582 3.12642 3.21448 3.30998 3.41287 3.52308 3.64052 3.76507 3.89662 4.03501 
3.98465 4.13775 4.29767 4.46417 4.63702 4.81595 5.00068 5.19089 5.38625 5.58639 5.79093 5.99948 6.21164 6.42705 6.64526 6.86581 7.08819 7.3119 7.53639 7.76112 7.75103 7.54443 7.34094 7.14089 6.94456 6.75224 6.5642 6.38069 6.20194 6.02817 5.8596 5.70178 5.53864 5.38638 5.23987 5.09914 4.96423 4.83516 4.71193 4.59447 4.48268 4.3764 4.27541 4.17939 4.08795 4.00058 3.91669 3.83557 3.7565 3.6788 3.602 3.52636 3.4522 3.38007 3.31071 3.24497 3.18361 3.12726 3.07632 3.03094 2.99097 2.95599 2.92525 2.89775 2.87225 2.8474 2.82191 2.79476 2.76537 2.73376 2.70046 2.6664 2.63268 2.60042 2.57068 2.54437 2.52223 2.50487 2.49268 2.4861 2.4855 2.49121 2.50347 2.52253 2.54856 2.58173 2.62218 2.67002 2.72537 2.78829 2.85886 2.9371 3.02306 3.11673 3.2181 3.32714 3.44379 3.56798 3.6996 3.83854 3.98465 
3.94224 4.10329 4.27147 4.44658 4.62836 4.81656 5.01087 5.21097 5.41653 5.62718 5.84251 6.06212 6.28557 6.5124 6.74225 6.97465 7.2091 7.44507 7.682 7.91934 7.78094 7.566 7.35437 7.14636 6.94229 6.74247 6.54713 6.35658 6.17103 5.99074 5.81589 5.64667 5.48326 5.3258 5.17441 5.02918 4.89015 4.75727 4.63052 4.50985 4.39515 4.28625 4.18292 4.08481 3.9915 3.90241 3.81683 3.73392 3.65278 3.57249 3.49237 3.41206 3.33169 3.25212 3.17477 3.10069 3.03088 2.96612 2.90695 2.85364 2.80617 2.76424 2.72727 2.69445 2.66476 2.63707 2.6103 2.58352 2.55611 2.52791 2.49912 2.47031 2.44227 2.41585 2.39191 2.37126 2.35443 2.34203 2.33459 2.3326 2.33645 2.34649 2.36302 2.38629 2.41654 2.45395 2.49871 2.55097 2.61084 2.67844 2.75386 2.83717 2.92841 3.0276 3.13476 3.24986 3.37286 3.50371 3.6423 3.78852 3.94224 
3.90771 4.0766 4.25295 4.43656 4.62718 4.82453 5.02831 5.23821 5.45386 5.67489 5.9009 6.13146 6.36612 6.6044 6.84581 7.08993 7.3363 7.58439 7.83363 8.04108 7.81491 7.59189 7.37236 7.15666 6.94511 6.73801 6.53566 6.33833 6.14626 5.95969 5.77884 5.60388 5.43501 5.27235 5.11603 4.96652 4.82278 4.68595 4.55566 4.43187 4.31446 4.20317 4.09771 3.99776 3.90283 3.8123 3.72537 3.64105 3.55823 3.47576 3.39272 3.30863 3.22364 3.13848 3.05425 2.9723 2.89444 2.82169 2.7547 2.69386 2.63925 2.5907 2.54777 2.50981 2.47598 2.44535 2.41695 2.38996 2.36375 2.338 2.31273 2.28823 2.26501 2.2437 2.22487 2.20909 2.19704 2.18929 2.18639 2.18881 2.19696 2.21122 2.23191 2.25932 2.29371 2.3353 2.38429 2.44088 2.50521 2.57742 2.65762 2.74591 2.84234 2.94698 3.05984 3.18092 3.31019 3.44759 3.59306 3.74647 3.90771 
3.88098 4.05762 4.24206 4.43408 4.63343 4.83984 5.05301 5.27259 5.49823 5.72955 5.96613 6.20753 6.4533 6.70293 6.95592 7.21175 7.46992 7.72999 7.99139 8.08714 7.85295 7.62208 7.39489 7.17173 6.95293 6.73881 6.52968 6.3258 6.12745 5.93486 5.74825 5.56782 5.39373 5.22614 5.06516 4.91089 4.7634 4.62272 4.48884 4.36173 4.24127 4.12733 4.01967 3.91794 3.82159 3.72984 3.64181 3.55637 3.47221 3.38794 3.30236 3.21485 3.12559 3.03549 2.94592 2.85833 2.77401 2.69403 2.61973 2.55182 2.49047 2.43563 2.38699 2.34403 2.30608 2.27235 2.24202 2.21431 2.18861 2.16451 2.14189 2.12081 2.10149 2.08424 2.06961 2.05815 2.05044 2.047 2.04835 2.05494 2.0672 2.08552 2.11023 2.14165 2.18006 2.22572 2.27886 2.33969 2.40839 2.48512 2.57002 2.66321 2.76476 2.87476 2.99324 3.12021 3.25566 3.39954 3.5518 3.71232 3.88098 
3.86198 4.0463 4.23874 4.43909 4.64709 4.86248 5.08493 5.31412 5.54966 5.79118 6.03824 6.29038 6.54715 6.80803 7.07251 7.34003 7.61003 7.88197 8.1554 8.13706 7.89506 7.65655 7.42191 7.1915 6.96567 6.74475 6.52905 6.31886 6.11445 5.91607 5.72395 5.53827 5.35921 5.18693 5.02154 4.86314 4.71178 4.5675 4.43029 4.30009 4.17681 4.06027 3.95024 3.84635 3.74812 3.65487 3.56568 3.47931 3.39408 3.30832 3.22058 3.13008 3.03701 2.94249 2.84814 2.75562 2.66637 2.58149 2.50177 2.42775 2.36009 2.29928 2.24514 2.1973 2.15522 2.11823 2.08564 2.05674 2.03093 2.00774 1.9868 1.968 1.95148 1.93751 1.92645 1.91877 1.91492 1.9154 1.92066 1.93115 1.94728 1.96944 1.998 2.03327 2.07557 2.12518 2.18235 2.24732 2.32029 2.40145 2.49096 2.58896 2.69555 2.81083 2.93485 3.06763 3.20918 3.35947 3.51843 3.68597 3.86198 
3.85065 4.04257 4.24294 4.45154 4.66812 4.8924 5.12407 5.36278 5.60815 5.85978 6.11722 6.38003 6.64771 6.91975 7.19561 7.47473 7.75653 8.0404 8.32577 8.19083 7.94122 7.69526 7.45336 7.21589 6.98323 6.7557 6.53365 6.31735 6.1071 5.90315 5.70572 5.51502 5.33123 5.15449 4.98493 4.82263 4.66765 4.52001 4.37971 4.24667 4.12078 4.00188 3.88969 3.78385 3.68384 3.58895 3.49819 3.41028 3.32357 3.23627 3.1467 3.0537 2.95744 2.8592 2.76082 2.66413 2.57066 2.48158 2.39771 2.31959 2.24758 2.18183 2.12247 2.06982 2.02354 1.98312 1.94792 1.91723 1.89046 1.86712 1.84687 1.82953 1.8151 1.80371 1.79561 1.79114 1.79068 1.79464 1.80344 1.81751 1.83724 1.86301 1.89521 1.93416 1.98019 2.0336 2.09468 2.16367 2.2408 2.3263 2.42033 2.52305 2.6346 2.75508 2.88455 3.02307 3.17065 3.32726 3.49286 3.66736 3.85065 
3.8469 4.04635 4.25459 4.47138 4.69647 4.92959 5.1704 5.41856 5.67368 5.93534 6.2031 6.47649 6.755 7.03811 7.32527 7.61589 7.9094 8.20515 8.50253 8.24845 7.99138 7.73815 7.48917 7.24483 7.0055 6.77156 6.54333 6.32112 6.10522 5.8959 5.69338 5.49788 5.30956 5.12859 4.95508 4.78911 4.63075 4.47999 4.33683 4.20118 4.07292 3.95187 3.83773 3.73013 3.62851 3.53212 3.43994 3.35058 3.26231 3.17313 3.08124 2.98562 2.88657 2.78545 2.68395 2.58399 2.48716 2.39464 2.30728 2.22565 2.1501 2.08086 2.018 1.96146 1.91099 1.86659 1.82806 1.79485 1.76642 1.74228 1.72205 1.70548 1.69244 1.68297 1.67721 1.67538 1.6778 1.6848 1.69676 1.71406 1.73709 1.76622 1.80183 1.84426 1.89385 1.95092 2.01576 2.08865 2.16984 2.25956 2.35801 2.46538 2.5818 2.70739 2.84226 2.98644 3.13997 3.30285 3.47502 3.6564 3.8469 
3.85067 4.0576 4.27363 4.49855 4.7321 4.97399 5.22389 5.48143 5.74624 6.01787 6.29588 6.57977 6.86904 7.16313 7.4615 7.76355 8.06866 8.37621 8.57778 8.30987 8.04551 7.78516 7.52925 7.27819 7.03238 6.79219 6.55796 6.33001 6.10865 5.89415 5.68673 5.48662 5.294 5.10901 4.93176 4.76236 4.60083 4.44718 4.30139 4.16337 4.03297 3.90998 3.7941 3.68492 3.58185 3.48412 3.39064 3.29998 3.2103 3.11954 3.02578 2.92793 2.82624 2.72221 2.61792 2.51543 2.41616 2.32104 2.23093 2.14639 2.06783 1.99539 1.92907 1.86898 1.81509 1.76733 1.72549 1.68934 1.6587 1.63316 1.6123 1.59582 1.58351 1.57531 1.57127 1.57153 1.57631 1.5859 1.60061 1.62079 1.64681 1.67903 1.71781 1.76351 1.81648 1.87703 1.9455 2.02216 2.10729 2.20113 2.30391 2.41582 2.53703 2.66767 2.80785 2.95763 3.11708 3.28613 3.4648 3.65302 3.85067 
3.86188 4.07624 4.30003 4.53302 4.77497 5.02557 5.2845 5.55138 5.82581 6.10735 6.39553 6.68987 6.98982 7.29483 7.60433 7.91771 8.23435 8.55359 8.65027 8.37504 8.10353 7.83621 7.57352 7.31589 7.06374 6.81745 6.57738 6.34387 6.11722 5.89771 5.68558 5.48106 5.28431 5.09551 4.91475 4.74211 4.57764 4.42134 4.27315 4.13298 4.00066 3.87597 3.75857 3.64801 3.5437 3.44479 3.35016 3.25835 3.16748 3.07547 2.98036 2.88107 2.77779 2.67194 2.56552 2.46055 2.3587 2.26124 2.16905 2.08218 2.00069 1.92496 1.85524 1.79171 1.73447 1.68351 1.63875 1.60001 1.56707 1.53966 1.51754 1.50048 1.48824 1.48069 1.47777 1.47956 1.48619 1.4979 1.51495 1.53765 1.56634 1.60136 1.64307 1.69182 1.74797 1.81185 1.88379 1.96409 2.05304 2.1509 2.25791 2.37429 2.5002 2.63581 2.78124 2.93655 3.10181 3.27701 3.46214 3.65713 3.86188 
3.88046 4.1022 4.33369 4.57472 4.82502 5.0843 5.3522 5.62836 5.91236 6.20382 6.50207 6.80677 7.11734 7.43321 7.75376 8.0784 8.40648 8.73733 8.72634 8.44393 8.16539 7.89121 7.62186 7.3578 7.09945 6.84721 6.60145 6.36252 6.13074 5.90639 5.68973 5.48097 5.2803 5.08787 4.90379 4.72814 4.56095 4.40221 4.25185 4.10976 3.97577 3.84961 3.73092 3.61923 3.51388 3.41402 3.31847 3.22574 3.13398 3.04111 2.94526 2.84535 2.74151 2.63499 2.52766 2.42139 2.31779 2.218 2.12269 2.0326 1.9483 1.86965 1.79679 1.72998 1.66941 1.6152 1.56736 1.52583 1.49046 1.46107 1.43743 1.41931 1.40654 1.399 1.39661 1.39937 1.40736 1.42074 1.43971 1.46456 1.49559 1.53313 1.57751 1.6291 1.68824 1.7552 1.83022 1.91383 2.00635 2.10804 2.21916 2.33993 2.47056 2.6112 2.76198 2.923 3.09413 3.27542 3.46695 3.66867 3.88046 
3.90635 4.13542 4.37458 4.6236 4.88222 5.15012 5.42696 5.71235 6.00588 6.30708 6.61545 6.93048 7.25161 7.57825 7.9098 8.24562 8.58505 8.92743 8.80593 8.51644 8.23099 7.95007 7.67419 7.40382 7.13939 6.88133 6.63001 6.38581 6.14905 5.92002 5.69898 5.48615 5.28173 5.08587 4.89867 4.72023 4.5505 4.38954 4.23725 4.09348 3.95805 3.83067 3.71096 3.59839 3.49228 3.39174 3.29556 3.20225 3.10999 3.01678 2.92086 2.82118 2.71777 2.61171 2.50463 2.39816 2.29343 2.19153 2.09345 2.00003 1.91196 1.82984 1.75399 1.68405 1.62018 1.56262 1.51151 1.4669 1.42877 1.39699 1.37141 1.35185 1.33813 1.33009 1.32767 1.33086 1.33971 1.35429 1.37478 1.40142 1.43417 1.4735 1.51992 1.57376 1.63539 1.70514 1.78336 1.87037 1.9665 2.07202 2.1872 2.31229 2.44749 2.59298 2.74889 2.91534 3.09239 3.28007 3.47915 3.68755 3.90635 
3.93791 4.17483 4.42221 4.67961 4.9465 5.22299 5.50873 5.80332 6.10632 6.41728 6.73568 7.06097 7.3926 7.72996 8.07243 8.41936 8.77007 9.12388 8.88899 8.59252 8.30025 8.01271 7.73039 7.45382 7.18343 6.91966 6.66292 6.41358 6.17197 5.9384 5.71313 5.49641 5.2884 5.08928 4.89915 4.71807 4.54606 4.3831 4.22909 4.08389 3.94727 3.81894 3.69847 3.58531 3.47876 3.37787 3.28144 3.18798 3.09572 3.00279 2.90752 2.80891 2.70692 2.60237 2.49632 2.39001 2.28471 2.18155 2.08146 1.9853 1.89383 1.80775 1.72768 1.65415 1.58699 1.52596 1.47135 1.42335 1.38205 1.34744 1.31944 1.29792 1.28273 1.27371 1.27076 1.2736 1.28233 1.29722 1.31837 1.346 1.38033 1.42166 1.47029 1.52657 1.59083 1.66343 1.7447 1.83498 1.9346 2.04385 2.16301 2.29233 2.43203 2.5823 2.74329 2.91512 3.09785 3.29153 3.49614 3.71163 3.93791 
3.97647 4.22067 4.47565 4.7412 5.01702 5.30281 5.59746 5.90121 6.21366 6.53433 6.8627 7.19822 7.5403 7.88832 8.24165 8.59962 8.96154 9.28261 8.97546 8.67209 8.37308 8.07899 7.79035 7.50767 7.23142 6.96207 6.70001 6.44565 6.19932 5.96135 5.73201 5.51152 5.3001 5.09789 4.905 4.72149 4.54738 4.38262 4.22713 4.08073 3.94318 3.81416 3.69323 3.57981 3.47315 3.3723 3.27605 3.18295 3.09128 2.9993 2.90546 2.80878 2.70891 2.60625 2.50174 2.3965 2.29161 2.18807 2.08674 1.98845 1.89401 1.80421 1.71983 1.64158 1.57008 1.50538 1.44699 1.39522 1.35031 1.31213 1.2807 1.25622 1.23858 1.22762 1.22323 1.22535 1.23405 1.24935 1.2713 1.30006 1.33583 1.37888 1.42949 1.48798 1.55469 1.62996 1.71414 1.80756 1.91055 2.02343 2.14648 2.27995 2.42409 2.57908 2.74509 2.92224 3.11061 3.31025 3.52115 3.74325 3.97647 
4.02212 4.27356 4.53612 4.80956 5.09361 5.38792 5.69214 6.00584 6.32785 6.6582 6.99651 7.3422 7.69468 8.05331 8.41744 8.78638 9.15942 9.37935 9.06524 8.75505 8.44939 8.14884 7.85395 7.56526 7.28325 7.0084 6.74113 6.48185 6.23091 5.98864 5.75532 5.5312 5.31648 5.11132 4.91583 4.73006 4.55404 4.38771 4.23096 4.08362 3.94542 3.81602 3.69495 3.58161 3.47524 3.37486 3.27928 3.18708 3.09661 3.00621 2.91435 2.81999 2.7227 2.62273 2.52072 2.41755 2.31406 2.21106 2.10929 2.00952 1.91254 1.81926 1.73058 1.64745 1.57032 1.49996 1.43671 1.38011 1.33057 1.28831 1.25346 1.226 1.20586 1.19292 1.18706 1.18819 1.19642 1.2117 1.23407 1.26363 1.30054 1.34503 1.39737 1.45786 1.52683 1.60461 1.69154 1.78798 1.89424 2.01065 2.1375 2.27505 2.42355 2.58321 2.75418 2.93662 3.13059 3.33615 3.5533 3.78198 4.02212 
4.07477 4.33343 4.60354 4.88486 5.17709 5.47992 5.79294 6.11574 6.44785 6.78885 7.13705 7.49288 7.85571 8.22489 8.59976 8.97961 9.36372 9.47928 9.15826 8.84132 8.52908 8.22214 7.92108 7.62643 7.33872 7.05844 6.78602 6.52189 6.26642 6.01995 5.78276 5.55512 5.33723 5.12925 4.93129 4.74342 4.56564 4.39789 4.24008 4.09199 3.95337 3.82385 3.70293 3.59001 3.48429 3.38481 3.29036 3.19954 3.11079 3.0225 2.93322 2.84191 2.74804 2.65163 2.5531 2.45299 2.35191 2.25042 2.14908 2.04851 1.94948 1.85179 1.75762 1.66841 1.58525 1.50911 1.44068 1.37947 1.32534 1.27871 1.23984 1.20881 1.18559 1.17012 1.16225 1.16192 1.16922 1.18409 1.20651 1.23653 1.27428 1.31996 1.37379 1.43608 1.50712 1.58725 1.67681 1.77613 1.88556 2.0054 2.13597 2.27753 2.43033 2.5946 2.77049 2.95816 3.15769 3.36914 3.59251 3.82775 4.07477 
4.13436 4.40022 4.67785 4.96702 5.26743 5.57873 5.90054 6.23241 6.57387 6.92439 7.2834 7.65021 8.02335 8.40305 8.7886 9.1793 9.57439 9.58231 9.25445 8.9308 8.61202 8.29872 7.99152 7.69098 7.39763 7.11197 6.83449 6.56559 6.30568 6.0551 5.81415 5.58309 5.36214 5.15146 4.95117 4.76132 4.58193 4.41294 4.25422 4.10559 3.96675 3.83732 3.71681 3.60459 3.49985 3.40162 3.30873 3.2198 3.13333 3.04779 2.96179 2.87428 2.78464 2.69269 2.59858 2.50257 2.40496 2.30601 2.20601 2.10362 2.00132 1.90027 1.80176 1.70719 1.61802 1.53552 1.46072 1.39409 1.33477 1.28315 1.23963 1.20441 1.17754 1.15896 1.14856 1.14628 1.15225 1.16633 1.18845 1.21861 1.25692 1.30352 1.35863 1.4225 1.49545 1.57777 1.66981 1.77191 1.88439 2.00758 2.14179 2.28729 2.44433 2.61315 2.79392 2.98679 3.19184 3.40915 3.63871 3.88047 4.13436 
4.20082 4.47385 4.759 5.056 5.36456 5.68432 6.01489 6.35581 6.70659 7.06669 7.43553 7.81249 8.19758 8.58774 8.98392 9.3854 9.79141 9.68834 9.35365 9.02332 8.69803 8.37843 8.06514 7.75876 7.45983 7.16888 6.88639 6.61281 6.34853 6.09392 5.8493 5.61492 5.39101 5.17775 4.97524 4.78355 4.60269 4.4326 4.27315 4.12413 3.98527 3.85616 3.7363 3.62506 3.52162 3.42502 3.33411 3.24756 3.16393 3.08176 2.99971 2.91674 2.83213 2.74552 2.6568 2.56594 2.47289 2.3763 2.27646 2.17459 2.07121 1.96734 1.8644 1.76417 1.66847 1.57899 1.49713 1.42388 1.3587 1.30141 1.25258 1.21254 1.18141 1.15918 1.14572 1.14105 1.14527 1.15819 1.17968 1.20969 1.24828 1.29556 1.35172 1.417 1.49167 1.57604 1.67044 1.77519 1.89063 2.01708 2.15485 2.30422 2.46546 2.63879 2.82439 3.02241 3.23296 3.45609 3.69182 3.94009 4.20082 
4.27408 4.55427 4.84691 5.15173 5.46842 5.79663 6.13593 6.48588 6.84595 7.2156 7.59424 7.98121 8.37587 8.77749 9.18536 9.59789 10.0148 9.79723 9.45575 9.11878 8.78702 8.46116 8.14183 7.82965 7.52519 7.229 6.94158 6.66337 6.39481 6.13625 5.88803 5.65043 5.42366 5.20791 5.00329 4.80988 4.62768 4.45663 4.29659 4.14737 4.00867 3.88009 3.76112 3.65112 3.5493 3.45469 3.36617 3.28248 3.20222 3.12402 3.04658 2.96885 2.89004 2.80964 2.72728 2.64264 2.55297 2.46005 2.36355 2.26326 2.15943 2.05298 1.94554 1.83925 1.7365 1.63942 1.54978 1.46894 1.39713 1.33346 1.27864 1.23312 1.19712 1.17065 1.15362 1.14613 1.14823 1.15964 1.18017 1.20975 1.24837 1.29611 1.35313 1.41963 1.49587 1.58215 1.67876 1.78605 1.90433 2.03393 2.17516 2.32832 2.49366 2.67142 2.8618 3.06495 3.28096 3.5099 3.75177 4.00653 4.27408 
4.35406 4.6414 4.94152 5.25414 5.57895 5.91558 6.26361 6.62256 6.99191 7.37109 7.75948 8.15644 8.56128 8.97326 9.39165 9.81565 10.2445 9.90889 9.56064 9.21706 8.87888 8.54679 8.22146 7.90353 7.5936 7.29222 6.99991 6.71714 6.44435 6.18192 5.93018 5.68943 5.45988 5.24174 5.03512 4.8401 4.65667 4.48479 4.32432 4.17505 4.03669 3.90884 3.79098 3.68249 3.58257 3.49029 3.40457 3.32417 3.2478 3.17412 3.10192 3.03011 2.95786 2.8845 2.80877 2.729 2.64607 2.5591 2.46716 2.36949 2.26594 2.15757 2.04607 1.93382 1.82363 1.71826 1.62004 1.53074 1.45121 1.38033 1.3187 1.26695 1.22538 1.19404 1.17287 1.16212 1.16167 1.17119 1.19044 1.21927 1.25764 1.3056 1.36324 1.43077 1.5084 1.59641 1.69511 1.80479 1.9258 2.05845 2.20306 2.3599 2.52925 2.71135 2.90639 3.11454 3.3359 3.57055 3.81849 4.07971 4.35406 
4.44082 4.73521 5.04276 5.36317 5.69609 6.04114 6.39788 6.76581 7.14441 7.53309 7.93122 8.33813 8.75311 9.17541 9.60426 10.0389 10.3823 10.0232 9.66825 9.31809 8.9735 8.63521 8.30392 7.98028 7.66491 7.35839 7.06124 6.77397 6.49701 6.23076 5.97557 5.73174 5.4995 5.27905 5.07052 4.87398 4.68945 4.51686 4.35608 4.20691 4.06906 3.94212 3.82559 3.71884 3.62111 3.53148 3.44892 3.37225 3.30023 3.23161 3.1652 3.09995 3.03497 2.96811 2.89899 2.82752 2.75264 2.67296 2.58694 2.49347 2.39218 2.28308 2.16769 2.04893 1.93043 1.81576 1.70793 1.6092 1.5209 1.44185 1.37257 1.31383 1.26599 1.22916 1.20333 1.18889 1.18549 1.19275 1.21037 1.23815 1.27599 1.3239 1.38196 1.4503 1.52915 1.61875 1.71938 1.83135 1.95499 2.0906 2.23849 2.39895 2.57226 2.75864 2.95831 3.17141 3.39807 3.63835 3.89227 4.15979 4.44082 
4.53466 4.83601 5.15084 5.47888 5.8198 6.17323 6.53866 6.91557 7.3034 7.70156 8.1094 8.52622 8.9513 9.38388 9.82314 10.2683 10.5061 10.1402 9.77848 9.42175 9.07078 8.72632 8.3891 8.05978 7.73901 7.42738 7.12544 6.8337 6.55263 6.28262 6.02404 5.77719 5.54233 5.31965 5.10929 4.91133 4.72578 4.55259 4.39164 4.24271 4.10551 3.97966 3.86465 3.75988 3.66459 3.57791 3.49885 3.42629 3.35906 3.29597 3.23589 3.17775 3.11873 3.05966 2.99964 2.93755 2.87198 2.80104 2.72323 2.63661 2.53907 2.42986 2.31047 2.18451 2.05668 1.9316 1.81308 1.7039 1.60579 1.51763 1.43985 1.37334 1.31857 1.27563 1.24473 1.22617 1.21945 1.2241 1.23977 1.2662 1.30326 1.35089 1.40914 1.47811 1.558 1.64904 1.75148 1.86563 1.99178 2.13026 2.28137 2.44539 2.6226 2.81322 3.01747 3.2355 3.46743 3.71332 3.97319 4.247 4.53466 
4.63556 4.94385 5.26595 5.60157 5.95039 6.312 6.68597 7.07177 7.46882 7.87644 8.29396 8.72067 9.15582 9.59862 10.0483 10.5039 10.6324 10.2596 9.89123 9.52795 9.17062 8.82001 8.47688 8.1419 7.81576 7.49906 7.19237 6.89621 6.61106 6.33734 6.07542 5.82562 5.5882 5.36336 5.15124 4.95194 4.76547 4.59179 4.43076 4.28219 4.14579 4.02119 3.90788 3.80529 3.71268 3.62923 3.55398 3.48587 3.42382 3.3667 3.31253 3.26032 3.20979 3.16001 3.10994 3.0583 3.00333 2.94357 2.87654 2.79867 2.70644 2.59795 2.47444 2.34045 2.20211 2.06538 1.935 1.81434 1.70546 1.60721 1.52006 1.44506 1.3827 1.33309 1.29678 1.27372 1.26331 1.26502 1.27844 1.30326 1.33928 1.38641 1.44464 1.51408 1.59485 1.68718 1.7913 1.90751 2.0361 2.17737 2.33162 2.49914 2.6802 2.87502 3.08381 3.30674 3.54391 3.79539 4.0612 4.34129 4.63556 
4.74346 5.05869 5.38805 5.73125 6.08795 6.45774 6.84015 7.23467 7.64072 8.05768 8.48485 8.92141 9.3666 9.81959 10.2795 10.7456 10.7611 10.3815 10.0064 9.63658 9.2729 8.91617 8.56714 8.22654 7.89505 7.5733 7.26188 6.96134 6.67215 6.39477 6.12955 5.87685 5.63692 5.40998 5.19618 4.99562 4.80831 4.63421 4.47321 4.32512 4.18965 4.06643 3.955 3.85477 3.76506 3.68508 3.61391 3.55058 3.49369 3.44149 3.39382 3.34971 3.30822 3.26839 3.2291 3.1889 3.14665 3.10022 3.04596 2.97901 2.89404 2.78734 2.65959 2.51656 2.36636 2.21662 2.07317 1.93997 1.81937 1.71005 1.61273 1.52853 1.45797 1.40127 1.35919 1.33127 1.31684 1.31531 1.3262 1.34914 1.38389 1.43031 1.48835 1.55806 1.63957 1.73306 1.83875 1.95692 2.08785 2.23183 2.38916 2.56012 2.74497 2.94395 3.15726 3.38505 3.62745 3.8845 4.15623 4.44259 4.74346 
4.85831 5.18047 5.51708 5.86786 6.23243 6.61039 7.00124 7.40446 7.81946 8.24559 8.68215 9.12841 9.58358 10.0467 10.5169 10.9934 10.8921 10.5057 10.1239 9.74756 9.37754 9.01468 8.65978 8.31356 7.97674 7.64998 7.33386 7.02896 6.73577 6.45475 6.18629 5.93072 5.68834 5.45935 5.24393 5.04216 4.85408 4.67966 4.51878 4.37126 4.23683 4.11513 4.00571 3.90802 3.8214 3.7451 3.67809 3.61862 3.56659 3.521 3.48088 3.44531 3.41335 3.38405 3.35625 3.32913 3.30126 3.26976 3.23031 3.17677 3.10149 2.99801 2.86589 2.71258 2.54897 2.38476 2.22698 2.08022 1.94693 1.82561 1.71733 1.62328 1.54395 1.47988 1.43167 1.39856 1.37981 1.37475 1.38285 1.40368 1.43694 1.48245 1.54011 1.60995 1.69205 1.78657 1.89372 2.01375 2.14693 2.29355 2.4539 2.62825 2.81686 3.01996 3.23775 3.47038 3.71798 3.98059 4.25823 4.55084 4.85831 
4.98005 5.30914 5.653 6.01135 6.38379 6.76991 7.1692 7.58112 8.00505 8.44033 8.88625 9.34204 9.8069 10.28 10.7604 11.2471 11.0254 10.6322 10.2436 9.86077 9.48442 9.11545 8.75468 8.40286 8.06073 7.72896 7.40817 7.09894 6.80178 6.51716 6.24547 5.98709 5.74229 5.5113 5.2943 5.09139 4.9026 4.72792 4.56724 4.42039 4.2871 4.16703 4.05976 3.96475 3.88128 3.8078 3.74436 3.69009 3.64408 3.6054 3.57316 3.54647 3.52447 3.50621 3.49111 3.47831 3.46589 3.45079 3.4282 3.39077 3.32818 3.22989 3.09327 2.92816 2.74934 2.56912 2.39577 2.23444 2.08749 1.95327 1.83332 1.7288 1.64021 1.56861 1.51395 1.47534 1.45198 1.44314 1.44821 1.46671 1.49828 1.54269 1.59981 1.66962 1.75217 1.84761 1.95611 2.07791 2.21327 2.36246 2.52576 2.70345 2.89577 3.10296 3.3252 3.56266 3.81544 4.08359 4.36713 4.66599 4.98005 
6.4741 5.44463 5.79575 6.16166 6.54198 6.93625 7.34398 7.76458 8.19744 8.64187 9.09712 9.56243 10.0369 10.5198 11.0101 11.5069 11.1608 10.7607 10.3655 9.97612 9.59344 9.21836 8.85173 8.49433 8.1469 7.81014 7.48469 7.17115 6.87003 6.58183 6.30696 6.04579 5.7986 5.56566 5.34712 5.14311 4.95368 4.77881 4.61839 4.47227 4.34021 4.22188 4.11686 4.02369 3.94267 3.87314 3.81435 3.76549 3.72573 3.6942 3.6701 3.6526 3.6409 3.63457 3.6331 3.63527 3.63918 3.64177 3.63797 3.61949 3.57322 3.48287 3.3416 3.16271 2.96675 2.76894 2.5788 2.40197 2.24034 2.09242 1.96015 1.84463 1.74655 1.66715 1.60574 1.56137 1.53314 1.52028 1.5221 1.53806 1.56775 1.61089 1.66731 1.73695 1.81984 1.91608 2.02583 2.14931 2.28677 2.43847 2.60467 2.78565 2.98165 3.19288 3.41956 3.66182 3.91976 4.19345 4.48287 4.78797 6.4741 
5.24398 5.58691 5.94528 6.31875 6.70694 7.10937 7.52553 7.95482 8.39659 8.85015 9.31473 9.78953 10.2737 10.7663 11.2664 11.7091 11.2983 10.8914 10.4894 10.0935 9.7045 9.32332 8.95083 8.58784 8.23512 7.89339 7.5633 7.24545 6.94041 6.64865 6.37061 6.10667 5.85714 5.62226 5.40223 5.19717 5.00713 4.83211 4.67202 4.52671 4.39595 4.27878 4.17507 4.08471 4.00713 3.94169 3.88771 3.84443 3.81109 3.78692 3.77117 3.76311 3.7624 3.7687 3.78122 3.79884 3.81978 3.84109 3.85775 3.86099 3.83524 3.75634 3.60869 3.41333 3.19846 2.98221 2.77481 2.58202 2.40477 2.24243 2.09726 1.97027 1.86267 1.77519 1.70677 1.65638 1.62307 1.60596 1.60433 1.61756 1.6452 1.68692 1.7425 1.81184 1.89493 1.99187 2.10278 2.22787 2.36735 2.5215 2.69055 2.87477 3.07441 3.28967 3.52075 3.76779 4.03089 4.3101 4.60541 4.91674 5.24398 
5.38606 5.73591 6.10153 6.48257 6.87863 7.28922 7.7138 8.15177 8.60246 9.06514 9.53903 10.0233 10.5171 11.0194 11.5294 11.8555 11.4377 11.0239 10.6153 10.2128 9.81749 9.4302 9.05186 8.6833 8.32529 7.97859 7.64386 7.32173 7.01277 6.71747 6.43628 6.1696 5.91774 5.68096 5.45946 5.25338 5.06278 4.88765 4.72793 4.58333 4.4529 4.33719 4.23584 4.1484 4.07437 4.01314 3.96408 3.92652 3.89976 3.8831 3.87588 3.87784 3.88865 3.90777 3.93452 3.96791 4.00634 4.04712 4.08554 4.11291 4.11223 4.04795 3.89272 3.67823 3.44257 3.20666 2.98136 2.7724 2.57926 2.40246 2.24411 2.10536 1.98825 1.89244 1.81678 1.76016 1.72155 1.7 1.69473 1.70507 1.7305 1.77064 1.82523 1.89415 1.97735 2.07488 2.18687 2.31348 2.45493 2.61146 2.78332 2.97075 3.17399 3.39325 3.62871 3.88052 4.14876 4.43348 4.73467 5.05224 5.38606 
5.5348 5.89158 6.26445 6.65307 7.05699 7.47574 7.90875 8.3554 8.815 9.28679 9.76999 10.2637 10.7671 11.2791 11.7989 12.0038 11.579 11.1584 10.743 10.334 9.93232 9.53893 9.15473 8.78059 8.4173 8.06563 7.72628 7.39987 7.08699 6.78816 6.50384 6.23443 5.98026 5.7416 5.51866 5.31158 5.12044 4.94525 4.78594 4.64081 4.51171 4.39787 4.29894 4.21451 4.1441 4.08718 4.04315 4.01141 3.99133 3.98232 3.98417 3.99652 4.01895 4.05099 4.09209 4.14141 4.19749 4.258 4.31914 4.37262 4.40097 4.35701 4.19306 3.95634 3.69804 3.44142 3.19756 2.97164 2.76204 2.57066 2.39934 2.24955 2.12295 2.01861 1.93551 1.87247 1.82837 1.80221 1.79313 1.80041 1.82348 1.86191 1.91541 1.98379 2.06699 2.16503 2.278 2.40607 2.54942 2.70829 2.8829 3.0735 3.28032 3.50355 3.74338 3.99994 4.27331 4.56354 4.8706 5.1944 5.5348 
5.69016 6.05387 6.434 6.83018 7.24198 7.66889 8.11033 8.56566 9.03416 9.51506 10.0075 10.5107 11.0237 11.5454 12.0749 12.1539 11.7221 11.2946 10.8725 10.4569 10.0489 9.64939 9.25933 8.87961 8.51104 8.15441 7.81042 7.47974 7.16296 6.86061 6.57316 6.30103 6.04457 5.80404 5.57967 5.37162 5.17996 5.00401 4.84403 4.70027 4.57255 4.46061 4.36416 4.28279 4.21607 4.16351 4.12459 4.09875 4.08548 4.08462 4.09578 4.11857 4.15264 4.1976 4.25239 4.31619 4.38823 4.46719 4.55056 4.63295 4.6976 4.6829 4.50875 4.24637 3.96379 3.68561 3.42268 3.17888 2.95249 2.74626 2.5618 2.40145 2.26563 2.15312 2.06268 1.99309 1.94333 1.9124 1.89937 1.90345 1.92403 1.96062 2.0129 2.08064 2.16374 2.2622 2.37609 2.50555 2.65075 2.8119 2.98923 3.18297 3.39333 3.62051 3.86469 4.12599 4.40449 4.70021 5.01314 5.34318 5.69016 
5.85208 6.22272 6.61011 7.01387 7.43355 7.86862 8.31849 8.78249 9.25989 9.7499 10.2517 10.7643 11.2868 11.8181 12.3573 12.3057 11.8668 11.4324 11.0036 10.5815 10.1671 9.76149 9.36556 8.98025 8.6064 8.24481 7.89619 7.56124 7.24055 6.93468 6.64412 6.36928 6.11052 5.86813 5.64235 5.43333 5.24038 5.06396 4.90437 4.7615 4.63519 4.52521 4.43126 4.35299 4.29001 4.24187 4.2081 4.1883 4.1823 4.18973 4.21022 4.24344 4.28857 4.34471 4.41157 4.48881 4.57596 4.6722 4.77598 4.88403 4.98787 5.02411 4.83863 4.54697 4.2387 3.93835 3.65603 3.39339 3.15 2.92877 2.73147 2.56064 2.41552 2.29482 2.19719 2.12137 2.06613 2.03041 2.01328 2.01404 2.032 2.06664 2.11759 2.18459 2.26751 2.36632 2.48106 2.61184 2.75883 2.92222 3.10222 3.29907 3.51295 3.74407 3.99258 4.2586 4.54222 4.84344 5.16224 5.49851 5.85208 
6.0205 6.39807 6.79273 7.20407 7.63163 8.07487 8.53317 9.00585 9.49215 9.99125 10.5023 11.0243 11.5563 12.0974 12.6462 12.4591 12.0132 11.5719 11.1363 10.7076 10.2869 9.87513 9.47333 9.08243 8.70329 8.33672 7.98348 7.64425 7.31966 7.01027 6.71659 6.43904 6.17799 5.93375 5.70656 5.49581 5.30198 5.12549 4.9663 4.82435 4.69946 4.59144 4.50003 4.42489 4.36568 4.32199 4.29352 4.28015 4.2815 4.29723 4.32686 4.36921 4.42383 4.49047 4.56892 4.659 4.76044 4.87282 4.99534 5.12637 5.26086 5.3761 5.18352 4.85857 4.52239 4.19884 3.89672 3.6145 3.35401 3.11772 2.90817 2.72682 2.57237 2.44342 2.33856 2.25643 2.19577 2.15545 2.13446 2.13196 2.14726 2.17985 2.22938 2.29555 2.37821 2.47728 2.5928 2.72485 2.87358 3.03917 3.22182 3.42173 3.63911 3.87414 4.12697 4.39772 4.68645 4.99317 5.31783 5.66034 6.0205 
6.19537 6.57988 6.9818 7.40074 7.83619 8.2876 8.75433 9.23568 9.73088 10.2391 10.7594 11.2908 11.8324 12.383 12.9415 12.614 12.1611 11.7128 11.2705 10.8352 10.4081 9.99021 9.58254 9.18604 8.8016 8.43006 8.07218 7.72867 7.40017 7.08726 6.79045 6.51019 6.24685 6.00076 5.77151 5.55938 5.365 5.18844 5.02967 4.88862 4.76518 4.65914 4.57026 4.49827 4.44284 4.40376 4.38093 4.37403 4.38272 4.40617 4.44342 4.49411 4.55793 4.6347 4.72426 4.82655 4.94162 5.07035 5.21228 5.36582 5.52728 5.68394 5.54148 5.18039 4.81543 4.46766 4.14367 3.84159 3.56403 3.31293 3.09159 2.89972 2.73592 2.59869 2.48655 2.39808 2.33194 2.28696 2.26208 2.2564 2.26921 2.29991 2.34807 2.4134 2.49572 2.595 2.71124 2.84451 2.99493 3.16268 3.34794 3.5509 3.77176 4.01069 4.26783 4.54328 4.83711 5.14933 5.47987 5.82861 6.19537 
6.37663 6.76808 7.17729 7.60381 8.04716 8.50674 8.98192 9.47195 9.97604 10.4933 11.0229 11.5637 12.1148 12.675 13.2313 12.7693 12.3101 11.8552 11.4061 10.9642 10.5307 10.1067 9.69309 9.29098 8.90124 8.52471 8.16219 7.81439 7.48198 7.16554 6.8656 6.58262 6.31699 6.06861 5.83737 5.62423 5.4293 5.25266 5.0943 4.95417 4.83216 4.7281 4.64178 4.57293 4.52142 4.48723 4.47005 4.46954 4.48461 4.51464 4.55921 4.61798 4.69071 4.77721 4.87741 4.99199 5.12208 5.26766 5.42792 5.60125 5.78631 5.97721 5.90936 5.51074 5.11676 4.74473 4.3975 4.07468 3.77959 3.51452 3.28145 3.07909 2.90595 2.76043 2.64099 2.54613 2.47448 2.42479 2.39596 2.38706 2.39731 2.42611 2.47297 2.53758 2.61971 2.71928 2.83626 2.97073 3.12281 3.29268 3.48049 3.68644 3.91072 4.1535 4.41493 4.69509 4.99405 5.31179 5.64824 6.00326 6.37663 
6.56417 6.96263 7.37912 7.81325 8.26449 8.73226 9.21587 9.71458 10.2276 10.754 11.2928 11.843 12.4035 12.9733 13.3917 12.9238 12.4588 11.998 11.5428 11.0945 10.6546 10.2244 9.8049 9.39717 9.00211 8.62059 8.25342 7.90133 7.56499 7.24501 6.94193 6.65622 6.38815 6.13711 5.90439 5.69023 5.49474 5.31801 5.16006 5.02084 4.90026 4.79816 4.71437 4.64879 4.60146 4.57215 4.56037 4.56512 4.58593 4.62238 4.67406 4.74068 4.82199 4.91786 5.02941 5.15751 5.30232 5.46259 5.63783 5.82808 6.03301 6.25016 6.28414 5.8481 5.42535 5.02889 4.6577 4.3143 4.0013 3.72232 3.47748 3.26469 3.08223 2.92843 2.80167 2.70041 2.62321 2.56878 2.53596 2.52379 2.53145 2.55829 2.60381 2.66765 2.74958 2.84946 2.96727 3.103 3.25678 3.42877 3.61913 3.82805 4.05574 4.30238 4.5681 4.85299 5.15708 5.48037 5.82277 6.18411 6.56417 
6.75785 7.16338 7.58724 8.02898 8.48814 8.96409 9.45615 9.96355 10.4854 11.0209 11.5689 12.1285 12.6986 13.2779 13.5513 13.0776 12.6068 12.1403 11.6794 11.2254 10.7796 10.3433 9.91788 9.50452 9.10413 8.71761 8.34577 7.98937 7.64909 7.32556 7.01933 6.73088 6.45964 6.20666 5.97246 5.75725 5.56119 5.38436 5.2268 5.08847 4.9693 4.86916 4.78797 4.72588 4.68271 4.65778 4.65041 4.66015 4.68657 4.72926 4.78786 4.86207 4.95171 5.05799 5.18161 5.32265 5.47963 5.65244 5.8414 6.04682 6.26895 6.50693 6.66342 6.19119 5.74032 5.31834 4.92367 4.55999 4.23011 3.93715 3.67979 3.45629 3.26455 3.1025 2.96843 2.86076 2.778 2.71879 2.68195 2.66648 2.6715 2.69635 2.74049 2.80353 2.88516 2.98523 3.1037 3.24062 3.39609 3.57024 3.76325 3.9753 4.20655 4.45715 4.72724 5.0169 5.32616 5.65502 6.00338 6.37107 6.75785 
6.95761 7.37024 7.80153 8.25097 8.71804 9.20218 9.70269 10.2188 10.7496 11.2941 11.8514 12.4204 12.9999 13.5887 13.7103 13.2308 12.7542 12.282 11.8154 11.3558 10.9046 10.4629 10.0319 9.61294 9.20721 8.81567 8.43915 8.07843 7.7342 7.40711 7.09771 6.80594 6.53208 6.27715 6.04144 5.82518 5.62852 5.45158 5.29438 5.15692 5.03914 4.94096 4.8626 4.80391 4.76418 4.74298 4.73989 4.7545 4.78639 4.83517 4.90047 4.98209 5.08117 5.19828 5.33339 5.48494 5.6528 5.83731 6.03889 6.25804 6.4953 6.75087 7.02537 6.53898 6.06087 5.61241 5.19488 4.81135 4.46582 4.15898 3.88912 3.65437 3.45281 3.28245 3.1411 3.02702 2.93868 2.87468 2.8338 2.81499 2.81736 2.84018 2.88283 2.94488 3.02606 3.12624 3.24536 3.38346 3.5406 3.71693 3.9126 4.12777 4.36261 4.61725 4.89183 5.1864 5.50098 5.83555 6.18998 6.56408 6.95761 
7.16315 7.58302 8.02185 8.4791 8.95414 9.44649 9.95545 10.4802 11.0199 11.5735 12.1401 12.7184 14.8448 13.9057 13.8688 13.3835 12.9012 12.4232 11.951 11.4859 11.0292 10.5822 10.1462 9.72215 9.31127 8.9147 8.53349 8.16843 7.82023 7.48955 7.17688 6.88164 6.60538 6.34849 6.11125 5.8939 5.69663 5.51954 5.36268 5.22606 5.10964 5.01362 4.93782 4.88178 4.84517 4.82761 4.82872 4.84809 4.8853 4.93999 5.01187 5.10195 5.21074 5.33818 5.48262 5.64377 5.82189 6.01733 6.23057 6.46223 6.71382 6.98758 7.28341 6.89068 6.38503 5.91059 5.4709 5.06884 4.70812 4.38755 4.10528 3.85934 3.64772 3.46842 3.31951 3.19904 3.10512 3.03632 2.99139 2.96922 2.96884 2.98941 3.0304 3.09139 3.17211 3.27239 3.39216 3.53142 3.69024 3.86875 4.06708 4.28538 4.52382 4.78252 5.0616 5.36111 5.68106 6.0214 6.38201 6.76269 7.16315 
7.37395 7.80115 8.24764 8.71285 9.19613 9.69682 10.2143 10.7478 11.2964 11.8591 12.4349 13.0226 13.621 14.2289 14.028 13.5358 13.0476 12.564 12.0862 11.6156 11.1535 10.7013 10.2601 9.8312 9.41565 9.01448 8.62868 8.25927 7.90709 7.57281 7.25621 6.95813 6.67945 6.42056 6.18176 5.96331 5.76539 5.58812 5.43157 5.29576 5.1807 5.08641 5.01266 4.95916 4.9256 4.91161 4.91681 4.94081 4.98321 5.04368 5.12308 5.22187 5.34001 5.47585 5.62887 5.79915 5.98694 6.19262 6.4167 6.66072 6.92786 7.21863 7.53356 7.8729 6.71169 6.21252 5.7514 5.33243 4.95676 4.62262 4.32805 4.07098 3.84934 3.66106 3.50417 3.37678 3.27718 3.20358 3.15457 3.12885 3.12548 3.14373 3.18303 3.24296 3.32321 3.42358 3.54398 3.68441 3.84492 4.02561 4.22661 4.44806 4.69011 4.95289 5.23649 5.54096 5.8663 6.21244 6.57926 6.96653 7.37395 
7.58995 8.02449 8.47865 8.95186 9.44342 9.95257 10.4787 11.0211 11.5788 12.1507 12.7358 13.3329 13.9407 14.5581 14.1882 13.6891 13.194 12.7043 12.221 11.7449 11.2774 10.82 10.3738 9.93998 9.51976 9.11416 8.72419 8.35075 7.99469 7.65657 7.33626 7.03532 6.75419 6.49327 6.25289 6.0333 5.8347 5.65722 5.50084 5.36552 5.25153 5.15877 5.08701 5.036 5.0054 4.99489 5.00408 5.03259 5.08004 5.14713 5.2343 5.34155 5.46739 5.61093 5.77212 5.95108 6.14802 6.36332 6.59813 6.85583 7.1376 7.4441 7.77629 7.60242 7.04064 6.51789 6.03696 5.60185 5.21149 4.86396 4.55722 4.28912 4.05751 3.86028 3.69539 3.56093 3.45513 3.37634 3.32291 3.29348 3.28709 3.30301 3.34063 3.39949 3.47925 3.57971 3.70075 3.84235 4.00454 4.18742 4.3911 4.61572 4.8614 5.12827 5.41641 5.72587 6.05662 6.40859 6.78164 7.17553 7.58995 
7.81105 8.25296 8.71482 9.19604 9.69589 10.2136 10.7484 11.2996 11.8664 12.4476 13.0421 13.6487 14.2661 14.8578 14.3493 13.8433 13.3413 12.8449 12.3554 11.8738 11.4011 10.9384 10.4871 10.0485 9.62362 9.2136 8.81945 8.4421 8.08242 7.7402 7.41679 7.11305 6.82948 6.56652 6.3245 6.10369 5.90424 5.72624 5.56971 5.4349 5.32193 5.23064 5.16082 5.11221 5.08451 5.07738 5.09045 5.12334 5.17654 5.25053 5.34531 5.45973 5.59246 5.74336 5.91238 6.09958 6.30518 6.52982 6.77674 7.04752 7.34301 7.66413 8.01201 7.95844 7.37171 6.82649 6.32774 5.87687 5.47209 5.11137 4.7926 4.51356 4.27205 4.0659 3.89304 3.7515 3.63936 3.55476 3.49636 3.46298 3.45357 3.46715 3.50308 3.56086 3.64014 3.74069 3.86237 4.00514 4.16903 4.35411 4.56048 4.78828 5.03761 5.3086 5.6013 5.91576 6.25195 6.60978 6.98908 7.38962 7.81105 
8.03719 8.48649 8.95608 9.44532 9.95348 10.4797 11.0232 11.5833 12.1592 12.7496 13.3535 13.9696 14.5966 15.0252 14.5111 13.9984 13.4895 12.9863 12.4902 12.0025 11.5244 11.0565 10.6003 10.1568 9.72723 9.31279 8.91447 8.53321 8.16941 7.82358 7.49711 7.19063 6.90466 6.63964 6.39592 6.17376 5.97334 5.79475 5.63814 5.50386 5.39185 5.30197 5.23403 5.18775 5.16286 5.15901 5.17585 5.21364 5.27294 5.35371 5.45522 5.57582 5.71519 5.87314 6.04962 6.24468 6.45853 6.69377 6.95251 7.23567 7.54409 7.87884 8.24112 8.31341 7.7042 7.13905 6.62355 6.15729 5.73835 5.36466 5.03401 4.74415 4.49281 4.27779 4.09697 3.94819 3.82933 3.73888 3.67545 3.63784 3.625 3.63606 3.67028 3.72698 3.80578 3.90642 4.02875 4.1727 4.33829 4.52558 4.73466 4.96565 5.21866 5.49378 5.79107 6.11057 6.45222 6.81592 7.20151 7.60872 8.03719 
8.26829 8.725 9.20233 9.69962 10.2161 10.7509 11.3032 11.8721 12.457 13.0567 13.6699 14.2955 14.9321 15.1919 14.6723 14.1539 13.6385 13.1285 12.6257 12.1316 11.6475 11.1744 10.7131 10.2648 9.83061 9.41175 9.00924 8.62406 8.25592 7.9067 7.57715 7.26791 6.9795 6.71239 6.46693 6.24339 6.04195 5.86273 5.70615 5.57235 5.46125 5.37273 5.30658 5.26257 5.24039 5.23973 5.26067 5.30381 5.36909 5.45615 5.56323 5.68979 5.83553 6.00025 6.18386 6.3864 6.60927 6.85529 7.12534 7.42022 7.74086 8.08839 8.46397 8.66755 8.03728 7.45548 6.92419 6.44291 6.01011 5.62366 5.28129 4.98071 4.71963 4.4958 4.30686 4.15046 4.02488 3.92856 3.8601 3.81825 3.80192 3.81021 3.84236 3.8978 3.97608 4.07681 4.19979 4.34493 4.51224 4.70175 4.91356 5.14777 5.40447 5.68374 5.98565 6.3102 6.65734 7.02696 7.41885 7.83276 8.26829 
8.50429 8.96843 9.45352 9.95887 10.4837 11.0271 11.5882 12.166 12.7599 13.3687 13.9913 14.6264 15.2725 15.3579 14.8327 14.3088 13.7878 13.2714 12.762 12.2614 11.771 11.2921 10.8257 10.3726 9.93376 9.51048 9.10379 8.71403 8.34217 7.98956 7.65691 7.34488 7.05401 6.78477 6.53753 6.31256 6.11005 5.9303 5.77372 5.64034 5.5301 5.44286 5.37844 5.3366 5.31705 5.31977 5.34533 5.3937 5.46474 5.5569 5.66931 5.8016 5.95345 6.12466 6.3151 6.5252 6.75788 7.01427 7.29509 7.60112 7.93337 8.29291 8.68086 9.09843 8.3718 7.77468 7.22912 6.73357 6.2872 5.8882 5.53429 5.22312 4.95238 4.71961 4.52216 4.35815 4.22586 4.1237 4.0502 4.00409 3.98426 3.98976 4.01981 4.0738 4.15127 4.25188 4.37542 4.52176 4.69079 4.88255 5.0971 5.33454 5.59496 5.87842 6.18497 6.5146 6.86726 7.2428 7.64104 8.06166 8.50429 
8.74509 9.2167 9.70957 10.223 10.7562 11.3082 11.878 12.4647 13.0677 13.6857 14.3176 14.9621 15.6177 15.5231 14.9925 14.4631 13.9366 13.4146 12.899 12.3919 11.8953 11.4103 10.9382 10.4801 10.0367 9.60899 9.19799 8.80375 8.42819 8.07215 7.73638 7.42153 7.12817 6.85676 6.6077 6.38125 6.17766 5.99744 5.84082 5.70781 5.59835 5.51233 5.44956 5.40981 5.39299 5.39961 5.42969 5.48317 5.55898 5.65587 5.77342 5.91122 6.06895 6.24638 6.44337 6.66206 6.90426 7.17057 7.46166 7.77837 8.12166 8.49253 8.89206 9.32135 8.70836 8.09653 7.53722 7.02879 6.56947 6.15815 5.79285 5.47122 5.1908 4.94865 4.74272 4.57115 4.43218 4.32416 4.24563 4.19527 4.17192 4.17462 4.20255 4.25509 4.33174 4.43214 4.55605 4.70335 4.87396 5.0679 5.2852 5.5259 5.79005 6.07772 6.38893 6.72368 7.08188 7.46339 7.86799 8.29536 8.74509 
8.99064 9.46973 9.97039 10.4919 11.0335 11.5941 12.1728 12.7684 13.3803 14.0075 14.6487 15.3026 15.9677 15.6877 15.1518 14.6169 14.0848 13.5574 13.0362 12.523 12.0201 11.529 11.0511 10.5876 10.1394 9.70729 9.29146 8.89324 8.51396 8.15448 7.81556 7.49787 7.20198 6.92837 6.67743 6.44947 6.24486 6.06414 5.90741 5.77471 5.66597 5.5811 5.5199 5.48228 5.46867 5.47914 5.51362 5.57161 5.65158 5.75304 5.87552 6.01863 6.18201 6.36539 6.56949 6.79692 7.04824 7.32404 7.62501 7.95196 8.30577 8.6874 9.09782 9.53803 10.0084 8.42094 7.84836 7.32749 6.85648 6.43337 6.05686 5.72485 5.43426 5.18278 4.96843 4.78934 4.6437 4.52986 4.4463 4.39167 4.3648 4.36469 4.39051 4.44158 4.5174 4.61758 4.74188 4.89012 5.06224 5.25822 5.4781 5.72192 5.98973 6.28158 6.59748 6.93737 7.30114 7.68864 8.09962 8.53377 8.99064 
9.24086 9.72745 10.2359 10.7656 11.3155 11.8847 12.4722 13.0768 13.6977 14.3341 14.9846 15.6478 16.3223 15.8517 15.3104 14.7701 14.2326 13.6997 13.1731 12.6544 12.1454 11.6483 11.1646 10.6954 10.242 9.80538 9.38472 8.98251 8.5995 8.23656 7.89446 7.57389 7.27543 6.99958 6.74673 6.51722 6.31166 6.13038 5.97349 5.84102 5.73294 5.64914 5.58951 5.55446 5.54403 5.55823 5.59686 5.65852 5.74251 5.84836 5.97561 6.12381 6.29261 6.48184 6.69379 6.92958 7.18966 7.47462 7.78511 8.12188 8.48576 8.87761 9.29833 9.74881 9.38743 8.74787 8.16245 7.62951 7.14717 6.71343 6.32618 5.98337 5.6826 5.42187 5.19917 5.0126 4.86033 4.74067 4.65208 4.5932 4.56281 4.55989 4.58358 4.63319 4.70818 4.80817 4.93287 5.08209 5.25574 5.45377 5.67621 5.9231 6.19449 6.49042 6.81087 7.15579 7.52507 7.91852 8.33589 8.77682 9.24086 
9.49592 9.98994 10.5062 11.0439 11.6022 12.18 12.7763 13.3899 14.0198 14.6653 15.325 15.9976 16.5609 16.015 15.4684 14.9227 14.3798 13.8415 13.3095 12.7855 12.2712 11.7681 11.2785 10.8038 10.3451 9.90269 9.47779 9.07157 8.6848 8.31837 7.97307 7.64959 7.34853 7.07039 6.81559 6.58458 6.37802 6.19613 6.03902 5.90674 5.79924 5.71649 5.65882 5.62631 5.61897 5.63678 5.67874 5.74388 5.83174 5.94182 6.07364 6.22675 6.40075 6.59646 6.81604 7.05989 7.32845 7.62226 7.94193 8.28815 8.66167 9.06329 9.4938 9.9533 9.72988 9.07726 8.47943 7.93476 7.4414 6.99731 6.60001 6.24653 5.93572 5.66582 5.43483 5.24082 5.08195 4.95649 4.8629 4.79976 4.76585 4.76015 4.7818 4.83006 4.90435 5.00422 5.12935 5.27956 5.45473 5.6548 5.87979 6.12972 6.40463 6.70455 7.02949 7.37942 7.75418 8.15353 8.5772 9.02482 9.49592 
9.75632 10.2577 10.7817 11.3274 11.894 12.4803 13.0854 13.7079 14.3467 15.0012 15.6701 16.352 16.7301 16.1779 15.6259 15.0749 14.5266 13.9829 13.4455 12.9162 12.3966 11.8883 11.3929 10.9126 10.4486 10.0006 9.57092 9.16043 8.76988 8.39994 8.05141 7.72498 7.42128 7.14081 6.88401 6.65156 6.44396 6.26139 6.104 5.97182 5.86491 5.78353 5.7278 5.69775 5.69339 5.71426 5.75918 5.82767 5.91925 6.0334 6.16962 6.32743 6.50655 6.70915 6.93611 7.18778 7.46455 7.76692 8.09545 9.07583 8.83356 9.24452 9.68436 10.1507 10.0743 9.40905 8.79923 8.24317 7.73905 7.28475 6.87708 6.51394 6.19349 5.91452 5.67531 5.47391 5.30846 5.17723 5.07863 5.01133 4.9741 4.96582 4.98554 5.03248 5.10604 5.20577 5.33133 5.48252 5.6592 5.8613 6.08883 6.3418 6.62023 6.92414 7.25352 7.60834 7.98851 8.39379 8.8238 9.27814 9.75632 
10.022 10.5309 11.0626 11.6164 12.1912 12.7861 13.3998 14.0312 14.679 15.3425 16.0205 16.7115 16.8998 16.3409 15.7829 15.2266 14.673 14.1239 13.5812 13.0466 12.5217 12.0082 11.5077 11.0218 10.552 10.0989 9.66442 9.24943 8.85479 8.48127 8.12947 7.80006 7.49368 7.21083 6.95207 6.71816 6.50945 6.32616 6.16841 6.03638 5.93029 5.85027 5.79639 5.7687 5.76707 5.79041 5.83817 5.90988 6.00502 6.12308 6.26352 6.42573 6.61049 6.81981 7.05394 7.31318 7.59791 7.90857 8.24566 8.60975 9.00146 9.4214 9.86973 10.3415 10.4205 9.74322 9.12178 8.55466 8.04007 7.57514 7.15726 6.78466 6.45548 6.16786 5.92049 5.71175 5.53976 5.40283 5.29952 5.22831 5.18785 5.17699 5.19475 5.24036 5.31319 5.41277 5.53875 5.6909 5.86908 6.07322 6.30328 6.55928 6.84123 7.14913 7.48296 7.84267 8.22816 8.63925 9.07562 9.53671 10.022 
10.2929 10.8093 11.3488 11.9106 12.4938 13.0972 13.7197 14.36 15.0167 15.6892 16.3763 17.0765 17.07 16.5044 15.9398 15.3778 14.8189 14.2645 13.7164 13.1766 12.6465 12.1279 11.6224 11.1313 10.6557 10.1976 9.75824 9.33873 8.93988 8.5625 8.20728 7.87484 7.56573 7.28047 7.0198 6.78437 6.57449 6.39042 6.23243 6.1007 5.9954 5.91665 5.86452 5.83907 5.83953 5.86521 5.91569 5.99047 6.08905 6.21086 6.35521 6.52174 6.71254 6.92838 7.16946 7.43606 7.7285 8.04717 8.39254 8.76511 9.16542 9.594 10.0491 10.5259 10.769 10.0797 9.44704 8.86917 8.34398 7.86834 7.44047 7.05858 6.72084 6.42536 6.17029 5.95425 5.77593 5.6337 5.52582 5.45071 5.40702 5.39357 5.40937 5.45364 5.52572 5.62514 5.75153 5.90464 6.08432 6.29048 6.52308 6.78211 7.06758 7.37947 7.71775 8.08236 8.47318 8.89001 9.33261 9.80049 10.2929 
10.569 11.0929 11.6402 12.2101 12.8016 13.4136 14.0449 14.6941 15.3598 16.0412 16.7374 17.4468 17.2406 16.6684 16.0971 15.5287 14.9644 14.4047 13.8514 13.3062 12.771 12.2473 11.7368 11.2408 10.7598 10.2965 9.85236 9.4283 9.02522 8.64392 8.28512 7.94946 7.63751 7.3498 7.08721 6.85023 6.63922 6.45448 6.29626 6.16477 6.06017 5.98259 5.93213 5.90845 5.91076 5.93866 5.99173 6.06946 6.17132 6.29661 6.4446 6.61597 6.81265 7.03481 7.28263 7.55636 7.85627 8.18271 8.53609 8.91686 9.32548 9.76227 10.2227 10.7045 11.1207 10.4187 9.77496 9.18658 8.6504 8.16429 7.72661 7.3356 6.98943 6.68622 6.42411 6.20162 6.01738 5.86991 5.75746 5.67846 5.63153 5.61549 5.62933 5.67225 5.74358 5.84283 5.96961 6.12368 6.30485 6.51303 6.74816 7.01023 7.29921 7.6151 7.95784 8.32735 8.72351 9.1461 9.59485 10.0694 10.569 
10.8502 11.3816 11.9368 12.5148 13.1147 13.7353 14.3753 15.0334 15.7082 16.3986 17.1039 17.8224 17.4115 16.8327 16.2548 15.6799 15.1096 14.5446 13.986 13.4357 12.8952 12.3665 11.8509 11.3496 10.8639 10.3958 9.94676 9.51813 9.11078 8.72554 8.36312 8.02418 7.7093 7.41915 7.15457 6.91602 6.70385 6.51838 6.35987 6.22853 6.12455 6.04805 5.99901 5.97669 5.98074 6.01075 6.06629 6.14684 6.25178 6.38023 6.53182 6.70839 6.91076 7.13905 7.39341 7.67404 7.9812 8.31517 8.67632 9.06502 9.48168 9.92537 10.3908 10.8774 11.3864 10.761 10.1055 9.50631 8.95928 8.46292 8.01562 7.61564 7.26117 6.95033 6.68169 6.45356 6.26402 6.11137 5.99437 5.91149 5.86132 5.84269 5.85456 5.89612 5.96669 6.06576 6.19294 6.34796 6.53062 6.74081 6.97848 7.24357 7.53608 7.85596 8.20316 8.57759 8.97908 9.40744 9.86237 10.3435 10.8502 
11.1366 11.6755 12.2386 12.8247 13.433 14.0622 14.711 15.378 16.0618 16.7613 17.4756 18.1672 17.5828 16.9974 16.4129 15.8314 15.2547 14.6842 14.1204 13.5648 13.0192 12.4854 11.9648 11.4581 10.9678 10.4951 10.0414 9.60818 9.19655 8.80732 8.44125 8.09899 7.78114 7.48855 7.22194 6.98176 6.76837 6.58209 6.42322 6.29196 6.1885 6.11296 6.06486 6.0438 6.04947 6.08148 6.13936 6.2226 6.33029 6.46174 6.61731 6.79894 7.00682 7.24105 7.50175 7.78909 8.10326 8.44454 8.81321 9.20961 9.63406 10.0833 10.5536 11.0448 11.5605 11.107 10.4395 9.82819 9.27055 8.76416 8.30742 7.89862 7.53596 7.21802 6.94323 6.70954 6.51502 6.35787 6.23647 6.1497 6.09631 6.07508 6.08499 6.12519 6.195 6.29389 6.42145 6.57741 6.76156 6.97377 7.21396 7.48209 7.77812 8.102 8.45367 8.83301 9.23986 9.67399 10.1351 10.6228 11.1366 
11.428 11.9744 12.5454 13.1397 13.7564 14.3942 15.0518 15.7278 16.4207 17.1291 17.8526 18.3453 17.7544 17.1624 16.5713 15.9833 15.4001 14.8236 14.2545 13.6937 13.143 12.6041 12.078 11.5665 11.0715 10.5942 10.1362 9.69845 9.2825 8.88926 8.5195 8.17388 7.85305 7.55799 7.2893 7.04742 6.83274 6.6456 6.48628 6.35501 6.25199 6.177 6.12968 6.10978 6.11696 6.15085 6.21096 6.29662 6.40684 6.54118 6.70108 6.8876 7.10082 7.3408 7.60764 7.90149 8.22245 8.57081 8.94678 9.35064 9.78223 10.2363 10.7113 11.2075 11.7302 11.4564 10.7766 10.1529 9.58418 9.06794 8.60193 8.18445 7.81407 7.4895 7.20865 6.96947 6.77004 6.60856 6.48338 6.39305 6.33643 6.31261 6.32055 6.35938 6.42843 6.52713 6.65508 6.81198 6.99761 7.21183 7.45456 7.72573 8.02528 8.35317 8.70931 9.09357 9.50578 9.94569 10.413 10.9072 11.428 
11.7245 12.2784 12.8572 13.4597 14.0848 14.7313 15.3977 16.0827 16.7846 17.5021 18.2347 18.5237 17.9262 17.3276 16.7301 16.1355 15.5459 14.963 14.3884 13.8225 13.2666 12.7226 12.1911 11.6748 11.175 10.6932 10.2307 9.78882 9.36861 8.97133 8.59784 8.24881 7.92503 7.62745 7.35662 7.11298 6.89695 6.70887 6.54902 6.41765 6.31479 6.24012 6.19349 6.17463 6.18323 6.21887 6.28108 6.36885 6.48146 6.61891 6.78309 6.97434 7.19271 7.43825 7.71103 8.01115 8.33874 8.69397 9.07704 9.48814 9.92573 10.3845 10.8641 11.3661 11.8957 11.8092 11.1168 10.4809 9.90059 9.3742 8.89907 8.47325 8.0958 7.76471 7.47788 7.23328 7.029 6.86324 6.73437 6.6409 6.58154 6.5552 6.56117 6.59864 6.66692 6.76543 6.89377 7.0516 7.23872 7.45496 7.70021 7.97442 8.2775 8.6094 8.97002 9.35921 9.77678 10.2225 10.696 11.1968 11.7245 
12.0261 12.5873 13.174 13.7848 14.4183 15.0734 15.7487 16.4426 17.1536 17.8802 18.6218 18.7022 18.0982 17.4932 16.8891 16.2881 15.692 15.1028 14.5221 13.951 13.3901 12.8405 12.3041 11.7829 11.2784 10.792 10.3251 9.87903 9.4548 9.05353 8.67627 8.3238 7.99707 7.69692 7.42388 7.17843 6.96098 6.77187 6.61142 6.47977 6.37677 6.30233 6.25628 6.23837 6.24827 6.28556 6.34962 6.43931 6.55418 6.69502 6.86332 7.05912 7.28246 7.53339 7.81193 8.11815 8.45214 8.81404 9.20398 9.62213 10.0647 10.5281 11.0122 11.5207 12.0571 12.1648 11.46 10.8123 10.2205 9.68323 9.19885 8.76546 8.38107 8.04355 7.75083 7.50089 7.29182 7.12184 6.9893 6.89274 6.83086 6.80252 6.80678 6.8429 6.9104 7.00873 7.13745 7.29622 7.48482 7.70307 7.95086 8.22811 8.53473 8.87064 9.23574 9.62987 10.0528 10.5043 10.984 11.4914 12.0261 
12.3327 12.9012 13.4957 14.1147 14.7568 15.4205 16.1046 16.8075 17.5277 18.2634 19.014 18.8809 18.2705 17.6589 17.0484 16.4409 15.8384 15.2429 14.656 14.0794 13.5133 12.9583 12.417 11.8909 11.3817 10.8907 10.4194 9.96909 9.54084 9.13576 8.75479 8.39886 8.06915 7.76638 7.49109 7.24376 7.02481 6.83461 6.6734 6.54118 6.43796 6.36365 6.31809 6.30102 6.31211 6.35093 6.41653 6.50802 6.62514 6.76949 6.94174 7.14193 7.37008 7.6262 7.91031 8.22243 8.56264 8.931 9.32763 9.75217 10.1992 10.6671 11.1561 11.6714 12.2143 12.5233 11.8064 11.1469 10.5438 9.99579 9.50196 9.06103 8.66981 8.32596 8.02743 7.77222 7.55842 7.38426 7.24811 7.1485 7.08413 7.05385 7.05672 7.09193 7.15882 7.25697 7.38606 7.54578 7.73586 7.95612 8.20645 8.48674 8.7969 9.13684 9.50642 9.90549 10.3338 10.7911 11.277 11.7911 12.3327 
12.6442 13.22 13.8223 14.4496 15.1001 15.7725 16.4655 17.1774 17.9067 18.6515 19.4112 19.0598 18.4429 17.8249 17.2079 16.594 15.9852 15.3833 14.7903 14.2077 13.6361 13.0761 12.5298 11.9988 11.4849 10.9893 10.5136 10.059 9.62674 9.21782 8.83324 8.474 8.14128 7.83583 7.55823 7.30896 7.08844 6.89699 6.73478 6.6019 6.49837 6.4241 6.37893 6.3626 6.37477 6.41492 6.48186 6.57502 6.6946 6.84231 7.01836 7.22276 7.45553 7.71667 8.00617 8.32401 8.67024 9.04488 9.448 9.87804 10.3295 10.8018 11.2963 11.8181 12.3676 12.8846 12.1558 11.4848 10.8705 10.3122 9.80937 9.36007 8.96194 8.61186 8.30761 8.04719 7.82873 7.65045 7.51073 7.4081 7.34126 7.30908 7.31059 7.34498 7.4116 7.50992 7.63955 7.80021 7.99177 8.21406 8.46692 8.75026 9.06397 9.40793 9.78201 10.186 10.6198 11.0829 11.575 12.0956 12.6442 
12.9607 13.5438 14.1538 14.7893 15.4483 16.1294 16.8313 17.5522 18.2906 19.0446 19.8133 19.2388 18.6155 17.9911 17.3677 16.7474 16.1322 15.5241 14.9249 14.3364 13.7588 13.1938 12.6425 12.1068 11.588 11.0879 10.6078 10.1489 9.71253 9.29974 8.91151 8.54904 8.21337 7.90525 7.62528 7.37397 7.15174 6.95887 6.79558 6.66196 6.55803 6.48371 6.43882 6.42313 6.43627 6.47747 6.54563 6.64033 6.76256 6.91348 7.09315 7.3016 7.53883 7.80481 8.09951 8.42289 8.77495 9.15568 9.56511 9.99983 10.4556 10.9322 11.4327 11.9611 12.5169 13.0995 12.5082 11.8258 11.2006 10.6328 10.1211 9.66339 9.25755 8.90118 8.59128 8.32573 8.10266 7.92032 7.77707 7.67147 7.6022 7.56813 7.56831 7.6019 7.66826 7.76686 7.89728 8.05922 8.25245 8.47681 8.73222 9.01861 9.33587 9.68386 10.0624 10.4714 10.9105 11.3795 11.8778 12.4051 12.9607 
13.2819 13.8725 14.4901 15.1337 15.8013 16.4912 17.2019 17.9318 18.6793 19.4425 20.0439 19.4178 18.7882 18.1574 17.5277 16.901 16.2795 15.6652 15.0598 14.4649 13.8816 13.3115 12.7553 12.2147 11.6912 11.1865 10.7019 10.2387 9.79825 9.38155 8.98969 8.62396 8.28531 7.97448 7.69209 7.43867 7.21463 7.02028 6.85583 6.72139 6.61697 6.5425 6.49781 6.48264 6.49662 6.53862 6.60788 6.70416 6.82901 6.98298 7.16611 7.37845 7.61996 7.89061 8.19033 8.51907 8.87677 9.26342 9.67877 10.1177 10.5776 11.0586 11.5656 12.1002 12.6623 13.251 12.8636 12.17 11.5346 10.9576 10.437 9.97105 9.55743 9.19398 8.87838 8.60777 8.38016 8.19379 8.04707 7.93852 7.86686 7.83094 7.8298 7.86263 7.92875 8.02763 8.15886 8.32212 8.51719 8.74388 9.00207 9.29166 9.61254 9.96458 10.3477 10.7616 11.2062 11.6809 12.1855 12.7194 13.2819 
13.608 14.2059 14.8312 15.4829 16.159 16.8576 17.5773 18.3162 19.0728 19.8452 20.2293 19.597 18.9611 18.324 17.6879 17.0549 16.4271 15.8066 15.1951 14.5939 14.0046 13.4292 12.8681 12.3226 11.7944 11.2851 10.796 10.3285 9.88393 9.4633 9.06783 8.69881 8.35713 8.04353 7.75867 7.50307 7.27716 7.08126 6.91557 6.78022 6.67523 6.60051 6.55591 6.54116 6.55574 6.5984 6.66864 6.76663 6.89396 7.05082 7.23727 7.45331 7.69894 7.97408 8.27864 8.61256 8.97574 9.36812 9.78866 10.2316 10.6957 11.1816 11.6948 12.2357 12.8038 13.3986 13.222 12.5174 11.8725 11.2864 10.7572 10.283 9.86165 9.49103 9.16897 8.89324 8.66114 8.47081 8.32065 8.2092 8.13517 8.09743 8.095 8.12707 8.19297 8.29216 8.42421 8.58882 8.78572 9.01476 9.27579 9.56868 9.89334 10.2496 10.6374 11.0564 11.5064 11.9871 12.4979 13.0385 13.608 
13.9383 14.5435 15.1765 15.8363 16.521 17.2284 17.9569 18.7049 19.4707 20.2522 20.4147 19.7762 19.1341 18.4907 17.8483 17.209 16.5751 15.9483 15.3307 14.7232 14.128 13.5471 12.981 12.4307 11.8977 11.3838 10.8902 10.4184 9.96963 9.54504 9.14597 8.77362 8.42886 8.11245 7.82506 7.56722 7.33937 7.14184 6.97484 6.83849 6.73283 6.65778 6.61316 6.59873 6.61366 6.65687 6.72797 6.82777 6.95742 7.11702 7.30661 7.5262 7.77577 8.05523 8.36447 8.70338 9.07186 9.4698 9.89488 10.3418 10.8099 11.3012 11.8205 12.3674 12.9416 13.5423 13.5833 12.8685 12.2143 11.6192 11.0815 10.5991 10.1702 9.79243 9.46381 9.1822 8.94553 8.75129 8.59774 8.48343 8.40707 8.36753 8.36384 8.39518 8.46087 8.56038 8.69327 8.85923 9.05799 9.28938 9.55324 9.84946 10.1779 10.5384 10.9309 11.355 11.8106 12.2972 12.8144 13.3616 13.9383 
14.2722 14.8848 15.5255 16.1933 16.8865 17.6026 18.3401 19.0972 19.872 20.6627 20.6002 19.9555 19.3072 18.6576 18.0089 17.3634 16.7233 16.0904 15.4666 14.8529 14.2518 13.6651 13.094 12.5389 12.0012 11.4825 10.9845 10.5083 10.0554 9.62683 9.22416 8.84843 8.50055 8.18128 7.8913 7.63116 7.4013 7.20206 7.03367 6.89625 6.78983 6.71434 6.66961 6.65536 6.67042 6.71407 6.786 6.88757 7.0194 7.18158 7.37415 7.59714 7.85048 8.13408 8.44781 8.79155 9.16515 9.56848 9.99751 10.4483 10.9203 11.4174 11.9426 12.4956 13.0757 13.6819 13.9477 13.2234 12.56 11.956 11.4098 10.9194 10.4829 10.0981 9.76298 9.47543 9.23346 9.03516 8.87826 8.76113 8.68248 8.64117 8.63624 8.66687 8.73238 8.83223 8.96597 9.13329 9.33391 9.56766 9.83438 10.1339 10.4662 10.831 11.2281 11.6574 12.1185 12.611 13.1346 13.6885 14.2722 
14.6097 15.2298 15.8781 16.5538 17.2554 17.9804 18.7268 19.4928 20.2768 21.0766 20.7856 20.1349 19.4805 18.8246 18.1698 17.5181 16.8718 16.2328 15.6031 14.983 14.3761 13.7837 13.2072 12.6472 12.1048 11.5815 11.0789 10.5984 10.1412 9.70876 9.30244 8.9233 8.57224 8.25006 7.95743 7.69493 7.46299 7.26198 7.09211 6.95352 6.84625 6.77023 6.7253 6.71099 6.72607 6.77003 6.84287 6.94607 7.07992 7.24453 7.43993 7.66613 7.92307 8.21065 8.52871 8.8771 9.25565 9.66397 10.0967 10.5512 11.0274 11.5302 12.0613 12.6201 13.2061 13.8171 14.3156 13.5819 12.9094 12.2967 11.7421 11.2438 10.7998 10.408 10.0664 9.77296 9.52565 9.32263 9.16216 9.04224 8.96133 8.91828 8.91214 8.94208 9.00743 9.10762 9.24224 9.41093 9.61343 9.84955 10.1191 10.422 10.758 11.1271 11.5289 11.9633 12.43 12.9285 13.4584 14.019 14.6097 
14.9508 15.5782 16.2343 16.9179 17.6278 18.3615 19.1168 19.8919 20.6849 21.4938 20.971 20.3143 19.6538 18.9918 18.3308 17.673 17.0206 16.3755 15.7391 15.1135 14.5007 13.9026 13.3207 12.7558 12.2086 11.6806 11.1735 10.6886 10.2272 9.79085 9.38086 8.99826 8.64399 8.31884 8.02351 7.75858 7.5245 7.32162 7.1502 7.01037 6.90216 6.82552 6.78027 6.76568 6.78066 6.82483 6.89859 7.00328 7.13901 7.30588 7.50395 7.73321 7.99359 8.28497 8.60719 8.96006 9.34339 9.75615 10.1924 10.6506 11.1312 11.6397 12.1765 12.7411 13.3329 13.9482 14.5806 13.9441 13.2626 12.6412 12.0783 11.5721 11.1207 10.7221 10.3741 10.0747 9.82213 9.61438 9.44976 9.32669 9.24355 9.1988 9.19147 9.22075 9.28594 9.38651 9.522 9.69208 9.89648 10.135 10.4074 10.7136 11.0535 11.4268 11.8333 12.2729 12.7451 13.2495 13.7857 14.3531 14.9508 
15.2954 15.9301 16.5938 17.2854 18.0035 18.746 19.5102 20.2942 21.0963 21.8126 21.1564 20.4938 19.8272 19.1592 18.4921 17.8282 17.1697 16.5186 15.8759 15.2444 14.6259 14.0221 13.4345 12.8646 12.3127 11.7801 11.2684 10.779 10.3134 9.87317 9.45946 9.07337 8.71583 8.38767 8.08958 7.82215 7.58586 7.38106 7.208 7.06684 6.9576 6.88023 6.83455 6.81947 6.83424 6.87851 6.95321 7.05924 7.1967 7.36568 7.56625 7.7984 8.06205 8.35707 8.68327 9.04046 9.42841 9.84511 10.2848 10.7466 11.232 11.746 12.2884 12.8587 13.4561 14.0752 14.7112 14.3097 13.6195 12.9895 12.4184 11.9045 11.4457 11.0402 10.6858 10.3807 10.1228 9.91038 9.74163 9.61502 9.52913 9.48264 9.47415 9.50279 9.56786 9.66881 9.8052 9.97668 10.183 10.4239 10.6992 11.0087 11.3524 11.73 12.1412 12.5859 13.0636 13.574 14.1165 14.6906 15.2954 
15.6433 16.2854 16.9568 17.6562 18.3825 19.1337 19.9067 20.6998 21.5109 22.0038 21.3419 20.6734 20.0008 19.3268 18.6537 17.9838 17.3192 16.6618 16.0131 15.3758 14.7515 14.142 13.5489 12.9738 12.417 11.8798 11.3635 10.8698 10.4 9.95576 9.53831 9.14868 8.78784 8.4566 8.15569 7.88571 7.64713 7.44033 7.26556 7.12297 7.01262 6.93443 6.8881 6.87242 6.88687 6.93122 7.00675 7.11397 7.25301 7.42395 7.62687 7.86175 8.1285 8.42699 8.75701 9.11834 9.51074 9.93095 10.374 10.8393 11.3296 11.849 12.3969 12.9728 13.5755 14.1982 14.8378 14.6777 13.98 13.3416 12.7624 12.2407 11.7747 11.3623 11.0017 10.6908 10.4277 10.2106 10.0377 9.90758 9.81874 9.76995 9.76013 9.78814 9.85311 9.95447 10.0918 10.2647 10.4729 10.7162 10.9943 11.3073 11.6547 12.0366 12.4525 12.9023 13.3856 13.902 14.4508 15.0315 15.6433 
15.9946 16.644 17.323 18.0303 18.7648 19.5246 20.3065 21.1085 21.9286 22.195 21.5273 20.853 20.1746 19.4946 18.8155 18.1396 17.4695 16.8061 16.1508 15.5076 14.8776 14.2625 13.6639 13.0833 12.5218 11.9799 11.459 10.9608 10.4869 10.0387 9.61745 9.22425 8.86005 8.52569 8.2219 7.9493 7.70837 7.49949 7.32293 7.17884 7.06727 6.98817 6.94098 6.92458 6.9386 6.98304 7.05924 7.16752 7.30798 7.48073 7.68584 7.92328 8.19298 8.49477 8.82843 9.19374 9.5904 10.0137 10.46 10.9288 11.4243 11.9489 12.5022 13.0835 13.691 14.3174 14.9605 15.0479 14.3432 13.6973 13.1101 12.5808 12.1075 11.6885 11.3216 11.0049 10.7366 10.5149 10.3379 10.2043 10.1125 10.0614 10.0498 10.0768 10.1416 10.2434 10.3816 10.556 10.7661 11.0118 11.2929 11.6091 11.9604 12.3465 12.7672 13.2221 13.711 14.2332 14.7884 15.3758 15.9946 
16.3492 17.0059 17.6925 18.4077 19.1503 19.9186 20.7093 21.5202 22.3493 22.3857 21.7128 21.0328 20.3485 19.6627 18.9776 18.2958 17.6194 16.9494 16.289 15.64 15.0042 14.3835 13.7794 13.1935 12.627 12.0803 11.5549 11.0523 10.5742 10.122 9.69695 9.30013 8.93253 8.59499 8.28827 8.01299 7.76964 7.55861 7.38017 7.23449 7.12162 7.0415 6.99324 6.97602 6.9895 7.03399 7.11075 7.21993 7.36167 7.53607 7.7432 7.98305 8.25552 8.56044 8.89759 9.2667 9.66725 10.0936 10.5431 11.0155 11.5159 12.0457 12.6042 13.1908 13.8028 14.4328 15.0795 15.4203 14.7086 14.0561 13.4615 12.9246 12.4442 12.0185 11.6454 11.3231 11.0496 10.8232 10.6423 10.5051 10.4105 10.357 10.3436 10.3694 10.4337 10.5356 10.6747 10.8505 11.0626 11.3107 11.5947 11.9143 12.2694 12.6598 13.0852 13.5452 14.0396 14.5678 15.1293 15.7233 16.3492 
16.7069 17.371 18.0651 18.7882 19.5389 20.3156 21.1151 21.935 22.773 22.5757 21.8984 21.2126 20.5226 19.8309 19.1401 18.4523 17.77 17.0939 16.4276 15.7729 15.1314 14.5051 13.8955 13.3042 12.7327 12.1813 11.6513 11.1443 10.662 10.2058 9.77686 9.37639 9.00533 8.66458 8.35486 8.07683 7.83099 7.61773 7.43734 7.28999 7.17572 7.09442 7.04495 7.0268 7.03963 7.08414 7.1613 7.27124 7.41411 7.59001 7.79901 8.0411 8.31618 8.62407 8.96453 9.33729 9.74134 10.1706 10.6231 11.0993 11.6046 12.1393 12.703 13.2949 13.9109 14.5445 15.1948 15.7947 15.0763 14.4172 13.8162 13.2722 12.7847 12.3523 11.9731 11.6451 11.3665 11.1356 10.9506 10.81 10.7125 10.6567 10.6415 10.6662 10.7298 10.8317 10.9713 11.1483 11.3622 11.6128 11.8997 12.2227 12.5816 12.9763 13.4064 13.8716 14.3715 14.9056 15.4734 16.0741 16.7069 
17.0678 17.7391 18.4408 19.1718 19.9305 20.7155 21.5239 22.3527 23.1997 22.7649 22.0839 21.3926 20.6969 19.9995 19.3028 18.6093 17.9206 17.2389 16.5668 15.9063 15.2592 14.6273 14.0123 13.4156 12.8389 12.2828 11.7482 11.2368 10.7503 10.29 9.85725 9.45308 9.07853 8.73449 8.42173 8.14089 7.89249 7.67693 7.49451 7.34539 7.22965 7.14695 7.09617 7.07698 7.0891 7.13352 7.21094 7.32151 7.46535 7.6426 7.85331 8.09748 8.37501 8.6857 9.02931 9.40556 9.81276 10.2448 10.7003 11.1804 11.6904 12.23 12.7988 13.3958 14.0154 14.6526 15.3065 15.9807 15.4462 14.7806 14.1734 13.6232 13.1289 12.6899 12.3046 11.971 11.6874 11.4519 11.2629 11.1189 11.0185 10.9604 10.9435 10.967 11.03 11.1318 11.272 11.45 11.6655 11.9182 12.2079 12.5342 12.897 13.2959 13.7307 14.2011 14.7065 15.2466 15.8206 16.428 17.0678 
17.4318 18.1104 18.8198 19.5585 20.3254 21.1188 21.9361 22.7738 23.6218 22.9536 22.2692 21.5728 20.8715 20.1684 19.4659 18.7666 18.0719 17.3844 16.7066 16.0404 15.3877 14.7503 14.1298 13.5278 12.9458 12.3849 11.8457 11.33 10.8392 10.3749 9.93817 9.53027 9.15218 8.80482 8.48895 8.20523 7.95421 7.73627 7.55174 7.40078 7.28346 7.19915 7.14697 7.12664 7.13798 7.18219 7.25974 7.37078 7.51546 7.69389 7.90616 8.15226 8.43206 8.7454 9.09199 9.47155 9.8816 10.3163 10.7747 11.2589 11.7734 12.3178 12.8914 13.4933 14.1164 14.7572 15.415 16.0944 15.8182 15.1462 14.5328 13.9768 13.4767 13.0313 12.6399 12.3008 12.0121 11.7721 11.5791 11.4317 11.3284 11.268 11.2495 11.2718 11.3342 11.436 11.5766 11.7557 11.9728 12.2277 12.5199 12.8494 13.2158 13.6189 14.0584 14.5338 15.0447 15.5907 16.171 16.785 17.4318 
17.7997 18.4857 19.2026 19.9494 20.7244 21.5262 22.3523 23.199 23.813 23.1418 22.454 21.7531 21.0463 20.3376 19.6295 18.9243 18.2237 17.5305 16.847 16.1751 15.5168 14.8739 14.248 13.6406 13.0534 12.4876 11.9439 11.4238 10.9288 10.4604 10.0197 9.60803 9.22636 8.87561 8.55658 8.26993 8.0162 7.79582 7.60909 7.4562 7.33719 7.25111 7.19741 7.17583 7.18635 7.23022 7.30775 7.41912 7.56448 7.74396 7.95763 8.2055 8.48741 8.80321 9.15263 9.53535 9.94796 10.3852 10.8464 11.3347 11.8536 12.4026 12.9811 13.5874 14.2141 14.8585 15.5204 16.2048 16.1922 15.5139 14.8945 14.3327 13.8272 13.3763 12.9789 12.6343 12.3406 12.0961 11.8992 11.7484 11.6422 11.5796 11.5593 11.5805 11.6423 11.7441 11.8853 12.0654 12.2841 12.5411 12.836 13.1687 13.5387 13.9459 14.3899 14.8704 15.3868 15.9386 16.5253 17.1459 17.7997 
18.1717 18.865 19.5896 20.3442 21.1274 21.9376 22.7726 23.6283 24.0037 23.3295 22.6385 21.9337 21.2214 20.5071 19.7935 19.0824 18.376 17.6772 16.988 16.3106 15.6467 14.9983 14.3669 13.7543 13.1619 12.5911 12.0429 11.5184 11.0191 10.5465 10.1019 9.68642 9.30112 8.94694 8.62469 8.33504 8.07855 7.85565 7.66665 7.51175 7.39083 7.30288 7.24757 7.22465 7.23427 7.27765 7.35504 7.46659 7.61249 7.79285 8.00784 8.25732 8.54116 8.85922 9.21129 9.597 10.0119 10.4517 10.9156 11.4079 11.9311 12.4847 13.0678 13.6784 14.3085 14.9564 15.6227 16.3121 16.5683 15.8838 15.2584 14.6909 14.18 13.724 13.3215 12.9714 12.6728 12.4238 12.223 12.0688 11.9599 11.895 11.873 11.8931 11.9543 12.0561 12.1978 12.379 12.5994 12.8585 13.1561 13.4919 13.8656 14.2769 14.7255 15.211 15.7329 16.2906 16.8835 17.5108 18.1717 
18.5476 19.2482 19.9805 20.743 21.5344 22.3531 23.1968 24.0614 24.1942 23.5169 22.8227 22.1143 21.3968 20.6771 19.9579 19.2409 18.5289 17.8245 17.1298 16.4467 15.7774 15.1235 14.4867 13.8688 13.2712 12.6954 12.1427 11.6138 11.1103 10.6335 10.1849 9.76551 9.37654 9.01888 8.69336 8.40065 8.14133 7.91584 7.72448 7.56748 7.44447 7.35455 7.29752 7.27315 7.28178 7.32455 7.40165 7.51326 7.65954 7.84072 8.05686 8.3078 8.59338 8.91351 9.26805 9.6565 10.0736 10.5158 10.9825 11.4787 12.006 12.5639 13.1517 13.7661 14.3997 15.0511 15.722 16.4164 16.9463 16.2558 15.6245 15.0514 14.5351 14.0742 13.6671 13.3122 13.0086 12.7553 12.5506 12.3931 12.2814 12.2142 12.1906 12.2095 12.2702 12.3719 12.5142 12.6965 12.9185 13.1797 13.48 13.819 14.1963 14.6118 15.065 15.5556 16.0829 16.6466 17.2458 17.8797 18.5476 
18.9274 19.6354 20.3753 21.1458 21.9454 22.7724 23.6249 24.4985 24.3849 23.704 23.0067 22.2949 21.5726 20.8475 20.1228 19.4 18.6825 17.9725 17.2723 16.5837 15.9088 15.2495 14.6074 13.9842 13.3814 12.8007 12.2434 11.7101 11.2023 10.7213 10.2686 9.84539 9.4527 9.09151 8.76265 8.46683 8.20461 7.97644 7.78267 7.62347 7.49817 7.40619 7.34735 7.32141 7.32897 7.371 7.44767 7.55918 7.70573 7.88763 8.10477 8.35699 8.64416 8.96618 9.32297 9.71392 10.1331 10.5775 11.0471 11.547 12.0784 12.6406 13.2327 13.8508 14.4879 15.1428 15.8184 16.5177 17.2387 16.6297 15.9926 15.414 14.8925 14.4266 14.015 13.656 13.3481 13.0904 12.8818 12.721 12.6065 12.5372 12.5119 12.5297 12.5898 12.6916 12.8344 13.0178 13.2414 13.5048 13.8078 14.1499 14.5309 14.9506 15.4084 15.904 16.4369 17.0064 17.6119 18.2526 18.9274 
19.3112 20.0265 20.7741 21.5525 22.3603 23.1957 24.0568 24.9395 24.5758 23.891 23.1905 22.4754 21.7489 21.0185 20.288 19.5598 18.8368 18.1213 17.4155 16.7215 16.0412 15.3765 14.729 14.1006 13.4926 12.907 12.3452 11.8074 11.2952 10.8101 10.3533 9.92612 9.52967 9.1649 8.83265 8.53365 8.26846 8.03756 7.84127 7.67972 7.55201 7.45787 7.39711 7.36953 7.37591 7.41705 7.49317 7.60444 7.75119 7.93365 8.15163 8.40497 8.69355 9.0173 9.37615 9.76933 10.1904 10.6371 11.1094 11.613 12.1483 12.7146 13.3111 13.9326 14.573 15.2315 15.9118 16.616 17.342 17.0056 16.3628 15.7787 15.252 14.7814 14.3652 14.0021 13.6905 13.429 13.2167 13.0525 12.9353 12.8638 12.8368 12.8536 12.9132 13.015 13.1584 13.3429 13.5681 13.8337 14.1393 14.4847 14.8694 15.2932 15.7556 16.2563 16.7947 17.3701 17.9819 18.6293 19.3112 
19.6987 20.4214 21.1767 21.963 22.779 23.6228 24.4926 25.3842 24.7669 24.0778 23.3743 22.6559 21.9256 21.1899 20.4538 19.7202 18.9918 18.2709 17.5597 16.8602 16.1745 15.5044 14.8517 14.218 13.6049 13.0145 12.4479 11.9057 11.3892 10.8998 10.4389 10.0078 9.60752 9.23912 8.90344 8.60119 8.33297 8.09925 7.90039 7.73627 7.60607 7.50967 7.4469 7.41758 7.42265 7.46279 7.53821 7.64912 7.79601 7.97887 8.19753 8.45181 8.74164 9.06696 9.4277 9.82285 10.2458 10.6945 11.1697 11.6768 12.2158 12.786 13.3868 14.0115 14.6553 15.3174 16.0025 16.7115 17.4423 17.3844 16.735 16.1455 15.6137 15.1383 14.7177 14.3506 14.0353 13.7706 13.5551 13.3877 13.2677 13.194 13.1654 13.1811 13.2402 13.3421 13.486 13.6717 13.8986 14.1663 14.4746 14.8232 15.2116 15.6395 16.1066 16.6124 17.1562 17.7376 18.3558 19.0098 19.6987 
20.09 20.8201 21.583 22.3774 23.2015 24.0537 24.9321 25.6369 24.9582 24.2649 23.5582 22.8365 22.1027 21.3618 20.6203 19.8814 19.1476 18.4213 17.7047 16.9999 16.3088 15.6334 14.9753 14.3364 13.7184 13.1231 12.5518 12.0052 11.4842 10.9906 10.5256 10.0904 9.68634 9.31426 8.97508 8.66953 8.39821 8.16162 7.96009 7.79321 7.66043 7.56167 7.4968 7.46565 7.46929 7.5083 7.58288 7.69337 7.84025 8.02336 8.24253 8.49761 8.78852 9.11523 9.47769 9.87457 10.2993 10.75 11.2279 11.7383 12.2809 12.8551 13.4598 14.0877 14.7348 15.4006 16.0904 16.8041 17.5398 17.7662 17.1097 16.5143 15.9775 15.4973 15.0724 14.7013 14.3825 14.1146 13.8963 13.7263 13.6037 13.5278 13.4976 13.5123 13.5709 13.6728 13.8173 14.0041 14.2327 14.5026 14.8136 15.1654 15.5575 15.9896 16.4613 16.9722 17.5216 18.1089 18.7333 19.3941 20.09 
20.4851 21.2226 21.9931 22.7954 23.6277 24.4883 25.3753 25.8325 25.1499 24.4524 23.7422 23.0173 22.28 21.5342 20.7875 20.0433 19.3043 18.5727 17.8507 17.1405 16.4441 15.7634 15.1001 14.456 13.833 13.2329 12.6569 12.1058 11.5805 11.0825 10.6134 10.1742 9.7662 9.3904 9.04767 8.73875 8.46428 8.22473 8.0204 7.85063 7.71517 7.61396 7.54688 7.51382 7.5159 7.55364 7.62725 7.73729 7.88399 8.0672 8.28672 8.54243 8.83426 9.1622 9.52621 9.92462 10.3509 10.8036 11.2842 11.7978 12.3439 12.9218 13.5302 14.1613 14.8116 15.4813 16.1757 16.8941 17.6345 18.1511 17.4874 16.8853 16.3432 15.8584 15.4292 15.0542 14.7318 14.4608 14.2398 14.0676 13.943 13.8651 13.8334 13.847 13.9051 14.007 14.1522 14.3401 14.5704 14.8425 15.1563 15.5112 15.907 16.3434 16.8197 17.3357 17.8906 18.4839 19.1147 19.7821 20.4851 
20.8838 21.6287 22.4069 23.2171 24.0576 24.9267 25.8222 26.0284 25.3419 24.6403 23.9264 23.1985 22.4575 21.7072 20.9554 20.2061 19.4618 18.725 17.9977 17.2823 16.5806 15.8946 15.2261 14.5769 13.949 13.344 12.7633 12.2077 11.678 11.1757 10.7023 10.2591 9.8472 9.46762 9.12128 8.80895 8.53124 8.28867 8.08135 7.90859 7.77037 7.66662 7.59723 7.56215 7.56256 7.5989 7.67147 7.78094 7.92733 8.11048 8.3302 8.58637 8.87895 9.20795 9.57336 9.97311 10.4009 10.8553 11.3386 11.8552 12.4047 12.9862 13.5982 14.2323 14.8859 15.5595 16.2584 16.9814 17.7265 18.4914 17.8682 17.2594 16.7111 16.2216 15.7881 15.4092 15.0834 14.8093 14.5857 14.4112 14.2849 14.2056 14.1725 14.1851 14.2428 14.3448 14.4906 14.6797 14.9116 15.186 15.5025 15.8607 16.2602 16.7007 17.1818 17.7028 18.2633 18.8625 19.4996 20.1738 20.8838 
21.2862 22.0384 22.8244 23.6425 24.4912 25.3686 26.2728 26.2245 25.5343 24.8287 24.1107 23.3795 22.6352 21.881 21.1242 20.3698 19.6204 18.8783 18.1458 17.4251 16.7182 16.027 15.3533 14.6991 14.0663 13.4565 12.8711 12.311 11.7768 11.2702 10.7926 10.3453 9.9294 9.546 9.19601 8.8802 8.5992 8.35353 8.14302 7.96719 7.82611 7.71973 7.64794 7.61074 7.60934 7.64416 7.71566 7.82442 7.97035 8.15328 8.37304 8.62952 8.92269 9.25259 9.61923 10.0202 10.4493 10.9054 11.3912 11.9108 12.4634 13.0484 13.6638 14.301 14.9577 15.6353 16.3385 17.0662 17.816 18.5856 18.252 17.6365 17.0819 16.5867 16.1491 15.7663 15.437 15.1599 14.9337 14.7571 14.6291 14.5486 14.5147 14.5267 14.5839 14.6861 14.8325 15.0228 15.2564 15.533 15.8522 16.2136 16.6169 17.0616 17.5474 18.0735 18.6396 19.2447 19.8882 20.569 21.2862 
21.6921 22.4518 23.2454 24.0715 24.9284 25.8142 26.7269 26.4211 25.7272 25.0177 24.2953 23.561 22.8134 22.0556 21.2938 20.5344 19.7799 19.0327 18.2951 17.5692 16.8571 16.1607 15.4818 14.8227 14.185 13.5704 12.9803 12.4157 11.8771 11.3662 10.8843 10.4328 10.0129 9.62564 9.27194 8.95258 8.66823 8.41936 8.20549 8.02651 7.88248 7.77338 7.69909 7.65967 7.65635 7.68952 7.75991 7.86782 8.01314 8.19571 8.41535 8.67197 8.96557 9.29621 9.6639 10.0659 10.4962 10.9539 11.4422 11.9645 12.5202 13.1086 13.7271 14.3673 15.0272 15.7087 16.4163 17.1484 17.9029 18.6772 18.6383 18.0166 17.4557 16.9546 16.512 16.1254 15.7928 15.5127 15.2839 15.1052 14.9755 14.8938 14.8592 14.8709 14.9283 15.0307 15.1778 15.3693 15.6046 15.8835 16.2054 16.5701 16.9771 17.4261 17.9165 18.4478 19.0194 19.6305 20.2803 20.9679 21.6921 
22.1016 22.8686 23.6699 24.504 25.3691 26.2633 27.1845 26.618 25.9209 25.2074 24.4806 23.743 22.9922 22.2309 21.4644 20.7001 19.9406 19.1883 18.4456 17.7145 16.9973 16.2957 15.6118 14.9478 14.3053 13.6859 13.0911 12.5219 11.9789 11.4636 10.9774 10.5217 10.0978 9.70661 9.34915 9.0262 8.73843 8.48615 8.26885 8.08664 7.93958 7.82766 7.75077 7.70903 7.70366 7.73515 7.80431 7.91123 8.0558 8.23784 8.45721 8.71382 9.00769 9.3389 9.70749 10.1104 10.5418 11.001 11.4915 12.0165 12.5752 13.1668 13.7883 14.4314 15.0944 15.7798 16.4918 17.2283 17.9873 18.7663 19.0262 18.3994 17.8325 17.3256 16.8774 16.4865 16.1506 15.8675 15.6362 15.4554 15.3241 15.2412 15.2058 15.2173 15.2749 15.3781 15.5263 15.7192 15.9563 16.2374 16.5621 16.93 17.3408 17.794 18.2891 18.8255 19.4027 20.0198 20.676 21.3703 22.1016 
