# Please cite arXiv:2008.xxxxx
# The chisq test statistic between a given point in parameter space and the data including a marginalization over theta23, delta, and Dmsq31 for a fixed MO
# The first two rows define the grid:
#   |eps|
#   phi
# The remaining rows are the chisq test statistic where the first row is at |eps|=0 and at increasing values of phi. The remaining rows are increasing values of |eps|.
0 0.006 0.012 0.018 0.024 0.03 0.036 0.042 0.048 0.054 0.06 0.066 0.072 0.078 0.084 0.09 0.096 0.102 0.108 0.114 0.12 0.126 0.132 0.138 0.144 0.15 0.156 0.162 0.168 0.174 0.18 0.186 0.192 0.198 0.204 0.21 0.216 0.222 0.228 0.234 0.24 0.246 0.252 0.258 0.264 0.27 0.276 0.282 0.288 0.294 0.3 0.306 0.312 0.318 0.324 0.33 0.336 0.342 0.348 0.354 0.36 0.366 0.372 0.378 0.384 0.39 0.396 0.402 0.408 0.414 0.42 0.426 0.432 0.438 0.444 0.45 0.456 0.462 0.468 0.474 0.48 0.486 0.492 0.498 0.504 0.51 0.516 0.522 0.528 0.534 0.54 0.546 0.552 0.558 0.564 0.57 0.576 0.582 0.588 0.594 0.6 
0 0.0628319 0.125664 0.188496 0.251327 0.314159 0.376991 0.439823 0.502655 0.565487 0.628319 0.69115 0.753982 0.816814 0.879646 0.942478 1.00531 1.06814 1.13097 1.19381 1.25664 1.31947 1.3823 1.44513 1.50796 1.5708 1.63363 1.69646 1.75929 1.82212 1.88496 1.94779 2.01062 2.07345 2.13628 2.19911 2.26195 2.32478 2.38761 2.45044 2.51327 2.57611 2.63894 2.70177 2.7646 2.82743 2.89027 2.9531 3.01593 3.07876 3.14159 3.20442 3.26726 3.33009 3.39292 3.45575 3.51858 3.58142 3.64425 3.70708 3.76991 3.83274 3.89557 3.95841 4.02124 4.08407 4.1469 4.20973 4.27257 4.3354 4.39823 4.46106 4.52389 4.58673 4.64956 4.71239 4.77522 4.83805 4.90088 4.96372 5.02655 5.08938 5.15221 5.21504 5.27788 5.34071 5.40354 5.46637 5.5292 5.59203 5.65487 5.7177 5.78053 5.84336 5.90619 5.96903 6.03186 6.09469 6.15752 6.22035 6.28319 
5.8131 5.8131 5.8131 5.8131 5.8131 5.8131 5.8131 5.8131 5.8131 5.8131 5.8131 5.8131 5.8131 5.8131 5.8131 5.8131 5.8131 5.8131 5.8131 5.8131 5.8131 5.8131 5.8131 5.8131 5.8131 5.8131 5.8131 5.8131 5.8131 5.8131 5.8131 5.8131 5.8131 5.8131 5.8131 5.8131 5.8131 5.8131 5.8131 5.8131 5.8131 5.8131 5.8131 5.8131 5.8131 5.8131 5.8131 5.8131 5.8131 5.8131 5.8131 5.8131 5.8131 5.8131 5.8131 5.8131 5.8131 5.8131 5.8131 5.8131 5.8131 5.8131 5.8131 5.8131 5.8131 5.8131 5.8131 5.8131 5.8131 5.8131 5.8131 5.8131 5.8131 5.8131 5.8131 5.8131 5.8131 5.8131 5.8131 5.8131 5.8131 5.8131 5.8131 5.8131 5.8131 5.8131 5.8131 5.8131 5.8131 5.8131 5.8131 5.8131 5.8131 5.8131 5.8131 5.8131 5.8131 5.8131 5.8131 5.8131 5.8131 
5.68778 5.68523 5.6832 5.68169 5.68071 5.68025 5.6803 5.68087 5.68195 5.68405 5.68558 5.68811 5.69111 5.69456 5.69845 5.70275 5.70745 5.71254 5.71799 5.72379 5.72991 5.73633 5.74303 5.74999 5.75719 5.76459 5.77218 5.77993 5.78781 5.79581 5.80388 5.81201 5.82016 5.82832 5.83645 5.84452 5.85251 5.86039 5.86813 5.8757 5.88307 5.89021 5.89711 5.90372 5.91002 5.91599 5.9216 5.92683 5.93165 5.93603 5.93997 5.94343 5.94639 5.94885 5.95078 5.95218 5.95302 5.95331 5.95303 5.95218 5.95076 5.94877 5.94622 5.9431 5.93944 5.93524 5.93052 5.9253 5.91959 5.91343 5.90683 5.89984 5.89247 5.88476 5.87675 5.86848 5.85997 5.85128 5.84245 5.8335 5.82449 5.81546 5.80645 5.7975 5.78865 5.77993 5.7714 5.76308 5.75501 5.74722 5.73975 5.73263 5.72587 5.71951 5.71358 5.70808 5.70305 5.69848 5.69441 5.69084 5.68778 
5.56476 5.56062 5.55752 5.55546 5.55442 5.55438 5.55532 5.55724 5.56009 5.56385 5.5685 5.57401 5.58035 5.58749 5.59539 5.60402 5.61335 5.62335 5.63398 5.6452 5.65698 5.66928 5.68208 5.69532 5.70897 5.723 5.73736 5.75202 5.76693 5.78206 5.79737 5.8128 5.82833 5.84389 5.85946 5.87497 5.89039 5.90567 5.92076 5.9356 5.95015 5.96435 5.97816 5.9915 6.00435 6.01663 6.02829 6.03928 6.04954 6.05903 6.06768 6.07544 6.08227 6.08812 6.09293 6.09668 6.09932 6.10082 6.10114 6.10026 6.09817 6.09486 6.09031 6.08453 6.07752 6.06932 6.05993 6.0494 6.03777 6.02507 6.01138 5.99675 5.98127 5.96502 5.94809 5.93057 5.91255 5.89412 5.8754 5.85646 5.83741 5.81836 5.79942 5.78067 5.76223 5.74417 5.72658 5.70956 5.69316 5.67747 5.66255 5.64845 5.63522 5.62291 5.61155 5.60118 5.59182 5.58349 5.57619 5.56995 5.56476 
5.44484 5.44009 5.43688 5.43518 5.43496 5.43618 5.43877 5.44271 5.44795 5.45442 5.4621 5.47102 5.48084 5.49181 5.50378 5.51671 5.53054 5.54524 5.56075 5.57702 5.59402 5.6117 5.63002 5.64892 5.66838 5.68833 5.70874 5.72955 5.75074 5.77224 5.79401 5.816 5.83816 5.86043 5.88277 5.90512 5.92742 5.9496 5.97161 5.99338 6.01484 6.03592 6.05655 6.07665 6.09614 6.11494 6.13296 6.15013 6.16635 6.18153 6.19558 6.20841 6.21994 6.23006 6.2387 6.24576 6.25117 6.25485 6.25673 6.25675 6.25484 6.25094 6.2449 6.23672 6.22642 6.21402 6.1996 6.18321 6.16494 6.1449 6.1232 6.09999 6.07539 6.04957 6.02269 5.99491 5.9664 5.93733 5.92163 5.87822 5.8485 5.8189 5.78956 5.76063 5.73226 5.70457 5.67768 5.6517 5.62684 5.60326 5.58104 5.56027 5.54102 5.52331 5.50721 5.49273 5.47988 5.46868 5.45912 5.45118 5.44484 
5.32882 5.32443 5.32205 5.32162 5.32304 5.32625 5.33118 5.33774 5.34586 5.35547 5.3665 5.37888 5.39253 5.40741 5.42345 5.44058 5.45875 5.47791 5.498 5.51897 5.54077 5.56335 5.58667 5.61067 5.63532 5.66056 5.68636 5.71266 5.73943 5.76661 5.79415 5.82201 5.85014 5.87847 5.90697 5.93555 5.96418 5.99277 6.02125 6.04956 6.07761 6.10533 6.13262 6.15938 6.18552 6.21094 6.23552 6.25915 6.28171 6.30307 6.3231 6.34167 6.35864 6.37387 6.38722 6.39855 6.40772 6.41459 6.41904 6.42077 6.41949 6.41513 6.40765 6.397 6.38321 6.36631 6.34638 6.32353 6.29789 6.26963 6.23896 6.20609 6.17126 6.13472 6.09674 6.05758 6.01752 5.97682 5.93575 5.89457 5.85352 5.81283 5.77274 5.73345 5.69514 5.65801 5.62219 5.58784 5.55508 5.52401 5.49484 5.46789 5.44321 5.42085 5.40083 5.38315 5.36778 5.35471 5.3439 5.33528 5.32882 
5.21748 5.21443 5.21379 5.21543 5.21926 5.22514 5.23298 5.24265 5.25408 5.26714 5.28177 5.29786 5.31535 5.33414 5.35418 5.37538 5.39765 5.42095 5.44525 5.4705 5.49665 5.52367 5.55152 5.58014 5.60949 5.63952 5.67018 5.70141 5.73317 5.7654 5.79809 5.8312 5.86467 5.89846 5.93252 5.96678 6.0012 6.03569 6.0702 6.10464 6.13893 6.17298 6.20669 6.23996 6.27268 6.30471 6.33593 6.3662 6.39537 6.42328 6.44975 6.47462 6.49769 6.51877 6.53767 6.55417 6.56806 6.57915 6.58689 6.54603 6.49862 6.45439 6.41349 6.37602 6.34209 6.31178 6.28517 6.26234 6.24334 6.22821 6.21699 6.20971 6.20638 6.20701 6.16904 6.1171 6.0641 6.01052 5.95681 5.90342 5.85054 5.79843 5.74738 5.69765 5.64949 5.60311 5.5587 5.51642 5.47641 5.43878 5.40362 5.37117 5.34188 5.31576 5.2928 5.27295 5.25614 5.24228 5.2313 5.22307 5.21748 
5.1116 5.11081 5.11275 5.11725 5.12414 5.13328 5.14452 5.15772 5.17276 5.18951 5.20772 5.22729 5.24818 5.27036 5.29379 5.31841 5.34421 5.37113 5.39914 5.42819 5.45826 5.48929 5.52125 5.5541 5.58779 5.62228 5.65753 5.69347 5.73006 5.76725 5.80498 5.84317 5.88177 5.92068 5.95984 5.99925 6.03894 6.07885 6.11892 6.15907 6.19922 6.23927 6.27913 6.31869 6.35781 6.39638 6.43423 6.47121 6.50715 6.54186 6.57512 6.60674 6.63646 6.66404 6.68923 6.66682 6.59736 6.53102 6.46801 6.41067 6.35264 6.3006 6.25251 6.20848 6.16863 6.13306 6.10184 6.07504 6.05274 6.03497 6.02178 6.01318 6.0092 6.00984 6.01509 6.02494 6.03934 6.04255 5.97388 5.90589 5.8392 5.77437 5.71194 5.65199 5.5943 5.53912 5.48665 5.43708 5.39054 5.34716 5.30699 5.27012 5.23719 5.20838 5.1836 5.16272 5.14562 5.13213 5.12208 5.1153 5.1116 
5.01189 5.01425 5.01956 5.02759 5.03815 5.05103 5.06601 5.08264 5.10082 5.12051 5.14166 5.16422 5.18816 5.21345 5.24004 5.2679 5.29699 5.32727 5.35871 5.39128 5.42493 5.45963 5.49535 5.53204 5.56967 5.6082 5.64759 5.6878 5.72878 5.77049 5.81286 5.85586 5.8994 5.94343 5.98786 6.03261 6.07758 6.12265 6.16784 6.21327 6.25888 6.30458 6.35028 6.39585 6.44117 6.48611 6.5305 6.57418 6.61695 6.6586 6.6989 6.73759 6.77441 6.74121 6.65466 6.57134 6.49149 6.41533 6.34669 6.27487 6.21094 6.15142 6.09644 6.04615 6.00065 5.96003 5.92439 5.8938 5.86833 5.848 5.83287 5.82296 5.81829 5.81885 5.82725 5.83565 5.85183 5.87315 5.89956 5.92421 5.82209 5.74294 5.66732 5.59579 5.52874 5.46543 5.40566 5.34962 5.29744 5.24922 5.20503 5.16487 5.12946 5.09916 5.07378 5.05312 5.03694 5.02499 5.01701 5.01273 5.01189 
4.919 4.92533 4.93472 4.9469 4.96141 4.97767 4.99558 5.01509 5.03615 5.05872 5.08277 5.10825 5.13514 5.16341 5.19301 5.22392 5.25611 5.28954 5.32418 5.35999 5.39694 5.435 5.47414 5.51433 5.55554 5.59773 5.64087 5.68494 5.72988 5.77567 5.82227 5.86962 5.91767 5.96637 6.01565 6.06543 6.11562 6.16612 6.21682 6.26757 6.3183 6.36927 6.42046 6.47174 6.523 6.5741 6.62488 6.67516 6.72473 6.77338 6.82084 6.87563 6.77133 6.67021 6.57258 6.47871 6.38884 6.30322 6.22206 6.14554 6.07386 6.00716 6.40558 5.88931 5.83839 5.79296 5.75311 5.71891 5.69087 5.67077 5.65067 5.63945 5.63403 5.6344 5.64056 5.65248 5.67301 5.69355 5.72262 5.75728 5.79688 5.70269 5.61356 5.53008 5.45272 5.38169 5.31557 5.25402 5.1972 5.1452 5.09804 5.05571 5.0191 4.98861 4.96396 4.94481 4.93081 4.92159 4.91679 4.91605 4.919 
4.8335 4.84455 4.85853 4.87446 4.89212 4.91143 4.93232 4.95475 4.9787 5.00413 5.03102 5.05936 5.0891 5.12024 5.15273 5.18655 5.22166 5.25804 5.29566 5.33449 5.37449 5.41565 5.45792 5.50128 5.54573 5.59123 5.63776 5.6853 5.73382 5.78329 5.8337 5.88499 5.93713 5.99008 6.04378 6.09817 6.15317 6.2087 6.26465 6.32089 6.37728 6.43366 6.49 6.54666 6.60356 6.66057 6.71752 6.77424 6.83051 6.88612 6.94078 6.83819 6.71405 6.60169 6.49333 6.39352 6.28974 6.19501 6.13965 6.02077 5.94164 5.8681 5.80034 5.73846 5.68257 5.63283 5.59006 5.55239 5.52021 5.49517 5.47692 5.46393 5.45774 5.45782 5.46418 5.47677 5.49557 5.52067 5.55168 5.58889 5.65494 5.65368 5.54828 5.45344 5.36654 5.28783 5.21641 5.15047 5.09011 5.03542 4.9864 4.94307 4.90665 4.87736 4.85478 4.83845 4.82789 4.82261 4.82209 4.82588 4.8335 
4.75585 4.77174 4.78946 4.80885 4.82981 4.85226 4.87619 4.90157 4.92839 4.95666 4.98636 5.01748 5.05002 5.08406 5.11956 5.15644 5.19463 5.23407 5.27471 5.3165 5.35941 5.40342 5.4485 5.49465 5.54186 5.59013 5.63946 5.68986 5.74135 5.79392 5.8476 5.9024 5.95823 6.01502 6.07273 6.13132 6.19072 6.25087 6.31167 6.37303 6.4348 6.49683 6.55894 6.62091 6.68313 6.74575 6.80862 6.87156 6.93437 6.99682 6.91795 6.78664 6.65919 6.53594 6.4172 6.30328 6.19444 6.09092 5.993 5.90094 5.81493 5.73526 5.66268 5.59444 5.70316 5.47979 5.4324 5.39169 5.35771 5.33048 5.30999 5.29627 5.28929 5.28903 5.29548 5.30859 5.32832 5.35464 5.38754 5.4268 5.47253 5.52461 5.46879 5.36406 5.26915 5.18416 5.10845 5.03931 4.97657 4.92032 4.87058 4.82752 4.79271 4.76602 4.74688 4.73469 4.72883 4.72863 4.73347 4.74273 4.75585 
4.68527 4.70535 4.72699 4.75004 4.77443 4.80011 4.82711 4.85543 4.88513 4.91628 4.94912 4.98357 5.01955 5.05694 5.09569 5.1357 5.1769 5.21926 5.26271 5.31219 5.35279 5.39938 5.44698 5.4956 5.54524 5.59593 5.64768 5.70051 5.75444 5.80952 5.86576 5.92319 5.98185 6.04176 6.10293 6.16532 6.22872 6.29309 6.35835 6.42442 6.49119 6.55851 6.62623 6.69414 6.76196 6.82988 6.89838 6.96728 7.03641 7.03527 6.88842 6.74555 6.60703 6.47322 6.34444 6.22099 6.10322 5.99146 5.88592 5.78677 5.69418 5.60829 5.52922 5.45707 5.39192 5.66707 5.28293 5.23917 5.2026 5.17323 5.15107 5.13609 5.12828 5.1276 5.13401 5.14747 5.1679 5.19526 5.22947 5.27045 5.31812 5.37238 5.37216 5.26036 5.15985 5.07069 4.99219 4.92108 4.85714 4.80047 4.75109 4.70974 4.67797 4.65523 4.64086 4.63409 4.63413 4.64016 4.65138 4.66699 4.68527 
4.6206 4.64524 4.67107 4.69795 4.72585 4.7548 4.78488 4.81646 4.84978 4.88477 4.92132 4.95933 4.99873 5.0394 5.08128 5.12429 5.16836 5.21344 5.25951 5.30652 5.35448 5.40337 5.4532 5.50399 5.55576 5.60855 5.66238 5.71729 5.77333 5.83055 5.88898 5.94868 6.00968 6.07204 6.1358 6.20098 6.26763 6.33575 6.40507 6.47546 6.54684 6.61907 6.69203 6.76553 6.83934 6.91316 6.98701 7.0616 7.13677 7.01974 6.86117 6.70705 6.5578 6.41375 6.27529 6.14286 6.01672 5.89711 5.78421 5.67822 5.57929 5.48755 5.40314 5.32614 5.25664 5.19469 5.14035 5.09362 5.05454 5.02309 4.99925 4.983 4.9743 4.9731 4.97932 4.99291 5.01377 5.04182 5.07696 5.11905 5.16796 5.35111 5.25561 5.14134 5.03861 4.9479 4.86832 4.79651 4.73251 4.67651 4.62855 4.59051 4.5631 4.54562 4.53726 4.53712 4.54423 4.55757 4.57605 4.5974 4.6206 
4.56173 4.59127 4.62151 4.65234 4.68383 4.71642 4.75066 4.78651 4.8239 4.86278 4.90305 4.94462 4.98739 5.03127 5.07618 5.12205 5.16882 5.21645 5.26491 5.3142 5.3643 5.41524 5.46703 5.5197 5.5733 5.62788 5.68347 5.74015 5.79797 5.85699 5.91727 5.97888 6.04189 6.10635 6.17232 6.23985 6.309 6.37981 6.45232 6.52654 6.60212 6.67888 6.75669 6.8354 6.91482 6.99468 7.07466 7.1547 7.18091 7.0064 6.83642 6.67138 6.5117 6.35788 6.21032 6.06929 5.93504 5.80781 5.68779 5.57517 5.47028 5.37273 5.28315 5.20147 5.12775 5.06204 5.00437 4.95477 4.91322 4.8797 4.85418 4.83662 4.82693 4.82506 4.83091 4.84437 4.86533 4.89365 4.92915 4.97163 5.02081 5.07626 5.11739 5.00722 4.90631 4.81691 4.73777 4.66648 4.60351 4.54917 4.50404 4.47065 4.44881 4.43774 4.43653 4.44414 4.45938 4.48095 4.506 4.53314 4.56173 
4.50838 4.54314 4.57798 4.61301 4.64918 4.68668 4.72554 4.76575 4.8073 4.85013 4.89415 4.93926 4.98537 5.03239 5.08022 5.12882 5.17813 5.22812 5.27876 5.33007 5.38206 5.43476 5.48823 5.5425 5.59765 5.65373 5.71081 5.76896 5.82827 5.88879 5.95062 6.01383 6.07851 6.14473 6.21257 6.28211 6.35342 6.42655 6.50157 6.57852 6.65744 6.73826 6.82053 6.90406 6.9887 7.07422 7.16034 7.24668 7.18154 6.99546 6.81438 6.63876 6.46921 6.30608 6.14968 6.00028 5.85815 5.72352 5.59659 5.47754 5.36652 5.26366 5.16908 5.08284 5.00502 4.93565 4.87475 4.82232 4.77833 4.74274 4.71551 4.69654 4.68576 4.68305 4.68829 4.70132 4.72197 4.75001 4.78518 4.8271 4.87518 4.92838 4.95906 4.86013 4.76496 4.67927 4.60165 4.53201 4.47107 4.41926 4.37865 4.35101 4.33577 4.33211 4.33903 4.35536 4.37966 4.40867 4.44044 4.47396 4.50838 
4.4601 4.50038 4.5405 4.58136 4.62302 4.66561 4.70924 4.75397 4.79979 4.84666 4.89448 4.94314 4.99256 5.04264 5.09328 5.1444 5.196 5.24807 5.30061 5.35367 5.40729 5.4615 5.51639 5.572 5.62844 5.68576 5.74406 5.80343 5.86396 5.92574 5.98886 6.05342 6.11951 6.18722 6.25663 6.32786 6.401 6.47612 6.55331 6.63263 6.71413 6.79788 6.88389 6.97185 7.06129 7.15205 7.2439 7.33652 7.18447 6.98711 6.79532 6.60969 6.4306 6.25839 6.09336 5.93582 5.78602 5.64418 5.51052 5.38521 5.26839 5.16021 5.06075 4.97008 4.88826 4.81531 4.75123 4.696 4.64958 4.6119 4.58289 4.56243 4.5504 4.54665 4.551 4.56323 4.58308 4.61023 4.6442 4.68432 4.72942 4.77702 4.78849 4.70427 4.61748 4.53618 4.46125 4.39425 4.33618 4.28813 4.25343 4.23243 4.22461 4.22917 4.24504 4.2709 4.30342 4.3399 4.379 4.41942 4.4601 
4.41624 4.46329 4.51041 4.55756 4.60497 4.65289 4.70152 4.75097 4.80123 4.85225 4.90394 4.95616 5.00877 5.06169 5.11487 5.1683 5.22198 5.27593 5.33017 5.38477 5.43978 5.49527 5.55133 5.60805 5.66552 5.72383 5.7831 5.84343 5.90493 5.96769 6.03185 6.09749 6.16473 6.23369 6.30445 6.37713 6.45182 6.52863 6.60767 6.68903 6.7728 6.85903 6.94779 7.03911 7.1329 7.22849 7.32564 7.40366 7.18987 6.98169 6.7797 6.58431 6.39588 6.21476 6.04129 5.87575 5.71841 5.56951 5.42926 5.29782 5.17535 5.06196 4.95774 4.86276 4.77705 4.70061 4.63343 4.57547 4.52664 4.48686 4.45601 4.43393 4.42048 4.41545 4.4186 4.42962 4.44814 4.47366 4.50543 4.5423 4.58213 4.61982 4.61633 4.54481 4.46612 4.38927 4.318 4.25444 4.19993 4.15745 4.12942 4.11574 4.11598 4.12935 4.15477 4.18943 4.22973 4.27418 4.32111 4.36891 4.41624 
4.37743 4.43278 4.48731 4.54113 4.59464 4.64824 4.7022 4.75663 4.81155 4.86684 4.92232 4.9779 5.03352 5.08915 5.14475 5.20033 5.25591 5.31154 5.36727 5.42318 5.47936 5.5359 5.59291 5.65049 5.70875 5.76783 5.82783 5.88887 5.95109 6.01461 6.07954 6.14602 6.21417 6.28411 6.35595 6.42983 6.50585 6.58413 6.66477 6.74787 6.83358 6.92198 7.01315 7.10715 7.20404 7.30383 7.40584 7.42287 7.19811 6.97949 6.76745 6.56242 6.3648 6.17494 5.99317 5.8198 5.65508 5.49927 5.35256 5.21512 5.0871 4.96861 4.85972 4.76049 4.67094 4.59105 4.5208 4.4601 4.40887 4.36697 4.33426 4.31053 4.29556 4.28907 4.29072 4.3001 4.31671 4.33982 4.36834 4.40047 4.43281 4.45742 4.44441 4.38367 4.31196 4.24028 4.17335 4.11382 4.06415 4.02844 4.0076 4.00173 4.01047 4.03308 4.06763 4.10989 4.15825 4.21099 4.26613 4.3217 4.37743 
4.34411 4.40824 4.47065 4.53164 4.59177 4.65153 4.71122 4.77094 4.83054 4.88998 4.94918 5.00809 5.06667 5.12489 5.18277 5.24032 5.29762 5.35473 5.41173 5.46874 5.52587 5.58323 5.64095 5.69916 5.75801 5.81761 5.87811 5.93965 6.00237 6.06641 6.1319 6.19898 6.2678 6.33848 6.41117 6.486 6.56309 6.64258 6.72458 6.80922 6.89661 6.98688 7.08014 7.1765 7.27602 7.37877 7.48479 7.44468 7.20924 6.98034 6.75843 6.54396 6.33732 6.13889 5.94899 5.76794 5.59599 5.4334 5.28035 5.13702 5.00355 4.88004 4.76655 4.66313 4.56977 4.48645 4.41311 4.34965 4.29595 4.25185 4.21714 4.1916 4.17491 4.16674 4.16666 4.1741 4.18835 4.20839 4.23271 4.25886 4.2823 4.29396 4.27515 4.22219 4.1572 4.09093 4.02871 3.97377 3.93076 3.9022 3.88892 3.89117 3.9087 3.94051 3.98236 4.03227 4.08875 4.14989 4.21346 4.2787 4.34411 
4.3158 4.38921 4.46012 4.52894 4.59631 4.66277 4.72845 4.79345 4.85781 4.92149 4.98445 5.04666 5.10811 5.1688 5.22879 5.28815 5.34696 5.40533 5.46339 5.52127 5.57912 5.63708 5.6953 5.75393 5.81313 5.87305 5.93385 5.99568 6.05868 6.12303 6.18886 6.25634 6.32561 6.39682 6.47012 6.54566 6.62359 6.70404 6.78716 6.87309 6.96194 7.05384 7.14892 7.24732 7.34916 7.4545 7.56343 7.4692 7.22328 6.98429 6.75271 6.68942 6.31349 6.10663 5.90876 5.72016 5.54111 5.37185 5.21258 5.06346 4.92462 4.79615 4.67811 4.57053 4.47339 4.38663 4.31019 4.24392 4.18768 4.14127 4.10444 4.07688 4.05826 4.04812 4.04592 4.05098 4.06237 4.07878 4.09831 4.11787 4.13233 4.13334 4.11063 4.06285 4.00375 3.94279 3.88541 3.83676 3.80089 3.7797 3.77422 3.78481 3.81129 3.85041 3.89925 3.95671 4.02121 4.09069 4.1644 4.24033 4.3158 
4.29241 4.37564 4.45576 4.53314 4.60828 4.68162 4.7535 4.82406 4.89336 4.96138 5.02811 5.09357 5.15777 5.22078 5.28271 5.34365 5.40376 5.46317 5.52207 5.5806 5.63895 5.69729 5.75579 5.81463 5.87399 5.93402 5.99492 6.05683 6.11993 6.18439 6.25038 6.31805 6.38757 6.4591 6.53281 6.60885 6.68739 6.76859 6.85259 6.93954 7.0296 7.12291 7.21959 7.31978 7.42362 7.53125 7.64276 7.49651 7.2403 6.99141 6.75032 6.51748 6.2933 6.07818 5.87246 5.67644 5.4904 5.31458 5.14918 4.99434 4.8502 4.71684 4.59429 4.48258 4.38165 4.29146 4.21187 4.14275 4.08389 4.03505 3.99594 3.9662 3.9454 3.933 3.92836 3.93062 3.93867 3.95093 3.96515 3.97793 3.98417 3.97713 3.95134 3.90719 3.85313 3.79718 3.7458 3.70417 3.67549 3.66181 3.66428 3.68334 3.71762 3.76308 3.81881 3.88365 3.95594 4.03514 4.11981 4.20654 4.29241 
4.27442 4.36798 4.45781 4.54408 4.62733 4.70803 4.78651 4.8629 4.93729 5.0097 5.08017 5.14876 5.21557 5.28072 5.34437 5.40668 5.46785 5.52809 5.58758 5.64654 5.70517 5.76368 5.82226 5.88111 5.94043 6.00039 6.06119 6.12301 6.18602 6.25042 6.31637 6.38405 6.45364 6.52531 6.59923 6.67558 6.75453 6.83625 6.92091 7.00868 7.09971 7.19417 7.2922 7.39395 7.49956 7.60916 7.72294 7.52669 7.26038 7.00175 6.75131 6.50952 6.27679 6.05353 5.84008 5.63676 5.44384 5.26155 5.09009 4.92961 4.78022 4.64201 4.51498 4.39915 4.29445 4.20078 4.11802 4.04597 3.9844 3.93303 3.89149 3.85938 3.83618 3.82128 3.81388 3.813 3.81733 3.82509 3.83381 3.84 3.83906 3.82593 3.79756 3.75564 3.70605 3.65583 3.61107 3.57637 3.55492 3.54885 3.55939 3.5868 3.62724 3.67912 3.74168 3.81373 3.89477 3.9847 4.08025 4.17785 4.27442 
4.26214 4.36623 4.46614 4.56187 4.6538 4.74233 4.82773 4.91016 4.98973 5.06651 5.14063 5.21221 5.28143 5.3485 5.41364 5.47708 5.53908 5.59989 5.65975 5.71891 5.77761 5.83608 5.89454 5.95321 6.0123 6.07201 6.13255 6.1941 6.25686 6.32103 6.38678 6.45431 6.52379 6.59542 6.66938 6.74586 6.82503 6.90708 6.9922 7.08056 7.17234 7.26771 7.36684 7.4699 7.57704 7.68841 7.80414 7.55981 7.28356 7.01537 6.75573 6.50512 6.26398 6.0327 5.81163 5.60111 5.40139 5.21271 5.03526 4.8692 4.71462 4.57158 4.4401 4.32015 4.21166 4.1145 4.02851 3.95347 3.8891 3.83507 3.79097 3.75631 3.73052 3.71286 3.70245 3.69816 3.69852 3.70161 3.70486 3.70494 3.69792 3.68014 3.6501 3.60986 3.56442 3.51975 3.48131 3.4534 3.43916 3.44074 3.45943 3.49361 3.54011 3.59852 3.66804 3.74791 3.83932 3.93993 4.04629 4.15477 4.26214 
4.25589 4.37094 4.48145 4.58716 4.68824 4.78495 4.8775 4.96607 5.05082 5.13189 5.2095 5.28387 5.35527 5.424 5.49037 5.55468 5.61725 5.67839 5.73838 5.79752 5.85608 5.91431 5.97246 6.03077 6.08946 6.14875 6.20886 6.26999 6.33235 6.39613 6.46153 6.52875 6.59798 6.66941 6.74325 6.81968 6.8989 6.9811 7.06649 7.15524 7.24756 7.34363 7.44364 7.54776 7.65617 7.76904 7.88652 7.59595 7.30992 7.0323 6.7636 6.50431 6.25487 6.01567 5.7871 5.56945 5.36302 5.16802 4.98465 4.81305 4.65331 4.50547 4.36955 4.24548 4.13318 4.0325 3.94323 3.86513 3.79787 3.74107 3.69427 3.65691 3.62834 3.60773 3.5941 3.5862 3.58245 3.58085 3.57885 3.57341 3.5613 3.53997 3.50892 3.47037 3.42875 3.3893 3.35693 3.33569 3.32863 3.33789 3.3642 3.40405 3.45667 3.52164 3.59815 3.68761 3.78947 3.90077 4.018 4.13747 4.25589 
4.25672 4.38309 4.50461 4.62069 4.73123 4.83633 4.93616 5.03088 5.12071 5.20591 5.28678 5.36368 5.43698 5.50709 5.5744 5.6393 5.70218 5.76339 5.82329 5.88218 5.94039 5.99819 6.05585 6.11362 6.17175 6.23047 6.29001 6.35058 6.41239 6.47564 6.54055 6.60732 6.67615 6.74725 6.82081 6.89704 6.97615 7.05834 7.14381 7.23278 7.32544 7.42201 7.52267 7.62763 7.73707 7.85119 7.93898 7.63516 7.33951 7.0526 6.77497 6.5071 6.24947 6.00247 5.76646 5.54179 5.3287 5.12745 4.93821 4.76111 4.59623 4.44362 4.30325 4.17506 4.05893 3.95468 3.86209 3.78085 3.71061 3.65094 3.60131 3.56112 3.52961 3.50589 3.48889 3.47726 3.46936 3.46316 3.45623 3.44589 3.42954 3.40551 3.37395 3.33716 3.29918 3.26471 3.23822 3.22355 3.22365 3.24063 3.27295 3.31856 3.37741 3.44902 3.5338 3.63349 3.74589 3.86799 3.99623 4.12693 4.25672 
4.26558 4.40362 4.53646 4.66316 4.78336 4.89695 5.00403 5.10479 5.19952 5.28859 5.37244 5.45156 5.52644 5.5976 5.66554 5.73075 5.79366 5.8547 5.91426 5.9727 6.03035 6.08753 6.14453 6.20161 6.25903 6.31704 6.37587 6.43574 6.49687 6.55947 6.62377 6.68997 6.75827 6.82889 6.90204 6.97793 7.05678 7.1388 7.22421 7.31321 7.40604 7.50291 7.60402 7.7096 7.81985 7.93496 7.99114 7.6775 7.37236 7.07629 6.78984 6.51352 6.24779 5.99307 5.74973 5.51808 5.29842 5.09096 4.89589 4.71332 4.54334 4.38596 4.24115 4.10882 3.98883 3.88098 3.785 3.70056 3.62726 3.56461 3.51205 3.46889 3.43432 3.40738 3.3869 3.37149 3.35946 3.34884 3.33736 3.3227 3.30285 3.27679 3.24512 3.2102 3.17577 3.14611 3.1254 3.11724 3.12449 3.14835 3.18609 3.2376 3.3028 3.38141 3.47603 3.58612 3.70925 3.84236 3.98189 4.12411 4.26558 
4.28333 4.43332 4.57772 4.71522 4.84514 4.96721 5.08142 5.18801 5.28736 5.37997 5.46644 5.5474 5.62349 5.69537 5.76362 5.82915 5.89148 5.9521 6.01109 6.06886 6.12578 6.18217 6.23834 6.29458 6.35115 6.40832 6.46631 6.52536 6.5857 6.64754 6.71111 6.77661 6.84427 6.9143 6.98692 7.06234 7.1408 7.2225 7.30769 7.39658 7.48941 7.5864 7.68777 7.79377 7.9046 8.02049 8.04633 7.72302 7.40851 7.10341 6.80826 6.52358 6.24985 5.98749 5.73687 5.49833 5.27214 5.05853 4.85766 4.66965 4.49458 4.33243 4.18317 4.04669 3.92282 3.81132 3.7119 3.62419 3.54775 3.48204 3.42644 3.38022 3.34249 3.31222 3.28822 3.26902 3.25297 3.23815 3.22251 3.20408 3.18135 3.15381 3.12238 3.08945 3.05853 3.0336 3.01859 3.01691 3.03129 3.06065 3.10397 3.16154 3.23325 3.32044 3.42526 3.54597 3.68011 3.82455 3.97572 4.12982 4.28333 
4.31063 4.47288 4.62902 4.77741 4.91705 5.04746 5.16817 5.27995 5.38332 5.47895 5.56759 5.65003 5.72707 5.79947 5.86794 5.93312 5.99544 6.05537 6.11357 6.17048 6.22647 6.2819 6.3371 6.39236 6.44796 6.50416 6.56121 6.61933 6.67877 6.73975 6.80248 6.86719 6.9341 7.00343 7.0754 7.15024 7.22818 7.30945 7.39428 7.48291 7.57557 7.67252 7.77399 7.88021 7.99142 8.10786 8.10462 7.77177 7.44802 7.13399 6.83023 6.53729 6.25564 5.98572 5.7279 5.48252 5.24985 5.03011 4.82348 4.63005 4.44989 4.28299 4.12928 3.98862 3.86083 3.74564 3.64273 3.55169 3.47204 3.40319 3.34447 3.29509 3.25413 3.22049 3.19294 3.17001 3.15007 3.13131 3.11189 3.09019 3.06512 3.03656 3.00566 2.97485 2.94746 2.92724 2.91789 2.92269 2.94325 2.97785 3.02692 3.09073 3.16951 3.26656 3.38183 3.51346 3.65895 3.81512 3.97832 4.14473 4.31063 
4.3472 4.52143 4.68895 4.84774 4.99653 5.1347 5.26215 5.37921 5.48653 5.58497 5.67547 5.75903 5.83659 5.90906 5.97725 6.0419 6.10367 6.16315 6.22084 6.2772 6.33265 6.38656 6.44065 6.49481 6.54931 6.60444 6.66044 6.71754 6.77599 6.83601 6.89782 6.96164 7.02771 7.09624 7.16747 7.24162 7.31893 7.39964 7.48398 7.57221 7.66458 7.76133 7.86272 7.96899 8.0804 8.19719 8.16605 7.82379 7.49091 7.16805 6.85579 6.55467 6.26518 5.98775 5.72279 5.47062 5.23151 5.00569 4.79332 4.59449 4.40926 4.23759 4.0794 3.93455 3.80281 3.6839 3.57745 3.48302 3.40008 3.32802 3.26612 3.21352 3.16927 3.13224 3.10116 3.07458 3.0509 3.02847 3.00566 2.98114 2.95419 2.925 2.89492 2.86636 2.84254 2.82703 2.82336 2.83456 2.86021 2.90021 2.95521 3.02547 3.1128 3.22002 3.34601 3.48891 3.64613 3.81446 3.99018 4.169 4.3472 
4.39117 4.5783 4.75798 4.92783 5.08625 5.23241 5.3662 5.48805 5.59879 5.69949 5.79134 5.87551 5.95314 6.02527 6.09283 6.15665 6.21743 6.27583 6.33238 6.38757 6.44183 6.49555 6.54881 6.60175 6.65506 6.70902 6.76388 6.84965 6.87725 6.93623 6.99704 7.0599 7.12504 7.19269 7.26308 7.33644 7.41302 7.49306 7.57681 7.66452 7.75645 7.85287 7.95402 8.06018 8.1716 8.28855 8.23068 7.87912 7.53722 7.20563 6.88494 6.57572 6.27845 5.9936 5.72154 5.46262 5.21711 4.98524 4.76714 4.56293 4.37262 4.19618 4.03351 3.88438 3.74844 3.62555 3.51532 3.41729 3.33088 3.25543 3.19019 3.13426 3.08665 3.0462 3.01164 2.98154 2.9544 2.92866 2.90293 2.87615 2.84788 2.81856 2.78965 2.76355 2.74336 2.73249 2.73433 2.75095 2.78158 2.8271 2.88817 2.96523 3.06193 3.17921 3.3159 3.47006 3.63907 3.81963 4.0079 4.19979 4.39117 
4.44589 4.64622 4.83825 5.01914 5.18698 5.34078 5.48042 5.60648 5.72002 5.82238 5.91498 5.99925 6.07648 6.14786 6.21444 6.27711 6.33665 6.39374 6.44895 6.5028 6.55572 6.60812 6.66033 6.71303 6.76506 6.81777 6.87141 6.92623 6.98246 7.04033 7.10006 7.16188 7.22603 7.29272 7.36219 7.43468 7.51044 7.58972 7.67277 7.75984 7.85122 7.94716 8.04794 8.15383 8.2651 8.38202 8.29855 7.93779 7.58697 7.24673 6.91771 6.60045 6.29548 6.00325 5.72415 5.45852 5.20664 4.96873 4.74488 4.53492 4.3392 4.15767 3.9902 3.83661 3.69662 3.56989 3.45601 3.35445 3.26462 3.18582 3.11724 3.05798 3.007 2.96314 2.92512 2.89155 2.861 2.83208 2.80359 2.77472 2.74527 2.71591 2.68821 2.66459 2.64805 2.64191 2.64933 2.67061 2.70634 2.75754 2.82484 2.9099 3.0165 3.14439 3.29235 3.45844 3.63997 3.83357 4.0353 4.24087 4.44589 
4.51156 4.72545 4.92999 5.12191 5.29893 5.45992 5.60483 5.73444 5.85009 5.95343 6.04618 6.12999 6.20634 6.27657 6.34181 6.40303 6.46107 6.51664 6.57034 6.62268 6.67414 6.7251 6.77592 6.82691 6.87837 6.93056 6.98292 7.03649 7.09151 7.14821 7.20681 7.26754 7.33062 7.39628 7.46477 7.53632 7.61117 7.6896 7.77185 7.85819 7.94889 8.04424 8.14451 8.24999 8.36095 8.47769 8.3697 7.99985 7.64019 7.2914 6.9541 6.62888 6.31626 6.0167 5.7306 5.4583 5.19939 4.95504 4.72515 4.5098 4.30898 4.12263 3.95062 3.79274 3.64868 3.51808 3.40049 3.29536 3.20207 3.11987 3.04795 2.98534 2.931 2.88375 2.84235 2.80544 2.7717 2.73986 2.70891 2.67828 2.64798 2.61887 2.59259 2.57159 2.55881 2.55747 2.56969 2.59565 2.63664 2.69369 2.76748 2.86173 2.97847 3.11724 3.27682 3.45524 3.64976 3.85692 4.07266 4.29244 4.51156 
4.58861 4.81656 5.03391 5.23682 5.42267 5.59022 5.73958 5.87186 5.98881 6.09241 6.18466 6.26744 6.34243 6.41109 6.47465 6.53415 6.59045 6.6443 6.69631 6.74702 6.79689 6.84631 6.89564 6.9452 6.99527 7.04612 7.09832 7.15055 7.20432 7.2598 7.31721 7.37679 7.43875 7.50333 7.57077 7.6413 7.71519 7.79268 7.87404 7.95955 8.04949 8.14413 8.24377 8.3487 8.45922 8.5756 8.44416 8.06531 7.6969 7.33963 6.99414 6.66102 6.3408 6.03327 5.73971 5.4603 5.19531 4.94495 4.70936 4.4886 4.28268 4.09151 3.91494 3.75274 3.60458 3.47008 3.34875 3.24002 3.14323 3.05761 2.9823 2.91634 2.85866 2.80809 2.7634 2.7233 2.68655 2.65204 2.61894 2.58685 2.556 2.52738 2.50273 2.48449 2.47557 2.47894 2.4954 2.52617 2.57259 2.63567 2.71692 2.82074 2.94787 3.09781 3.26936 3.46052 3.66851 3.88977 4.1201 4.35475 4.58861 
4.679 4.92153 5.15188 5.3656 5.55971 5.73296 5.8857 6.01948 6.13653 6.2393 6.33017 6.41129 6.48444 6.55114 6.6127 6.6702 6.72455 6.77649 6.82667 6.87562 6.92379 6.97158 7.01935 7.06741 7.11603 7.16549 7.21737 7.26787 7.32078 7.37499 7.43118 7.48957 7.55037 7.61382 7.68015 7.74962 7.82246 7.89895 7.97936 8.06395 8.15302 8.24685 8.34575 8.45001 8.55994 8.67583 8.52197 8.13421 7.75713 7.39145 7.03742 6.69589 6.36759 6.05298 5.75247 5.46643 5.19512 4.93876 4.69747 4.47132 4.26029 4.06429 3.88314 3.71659 3.56431 3.42587 3.30077 3.18841 3.08809 2.99903 2.92033 2.85103 2.79003 2.7362 2.68832 2.64518 2.60563 2.56869 2.5337 2.50044 2.4693 2.44141 2.41858 2.40325 2.39831 2.40577 2.42655 2.46228 2.5143 2.5836 2.67334 2.78694 2.92468 3.08614 3.27015 3.47471 3.69697 3.93329 4.17922 4.42966 4.679 
4.78317 5.0407 5.28416 5.50843 5.71018 5.88818 6.04319 6.17732 6.29339 6.39434 6.48291 6.5615 6.63211 6.6964 6.75564 6.8109 6.86309 6.91298 6.96119 7.00826 7.05465 7.10074 7.14688 7.19338 7.24052 7.28855 7.3377 7.38821 7.4403 7.49372 7.54865 7.6058 7.66541 7.72768 7.79287 7.86122 7.93297 8.0084 8.08777 8.17137 8.25949 8.35242 8.45047 8.55395 8.66316 8.77842 8.60316 8.20658 7.82037 7.44575 7.08347 6.73414 6.39832 6.07649 5.76907 5.47642 5.19882 4.93646 4.68948 4.45793 4.24178 4.04093 3.85519 3.68428 3.52784 3.38544 3.25654 3.14052 3.03665 2.94413 2.86205 2.78942 2.72516 2.66813 2.61718 2.57114 2.52898 2.48984 2.45321 2.41904 2.38787 2.36093 2.34009 2.32782 2.32672 2.33797 2.36321 2.40405 2.46184 2.53793 2.63693 2.76077 2.90975 3.08343 3.28062 3.49927 3.73652 3.98859 4.25082 4.51773 4.78317 
4.9011 5.17411 5.43084 5.66538 5.87402 6.05569 6.21172 6.34497 6.45894 6.5571 6.64258 6.71799 6.78547 6.84675 6.90322 6.95598 7.00584 7.05352 7.09965 7.14476 7.18929 7.23362 7.27809 7.32299 7.3686 7.41517 7.46291 7.51206 7.56283 7.61542 7.66953 7.72543 7.78381 7.84488 7.90888 7.97607 8.04668 8.12099 8.19927 8.28181 8.3689 8.46085 8.55796 8.66055 8.76893 8.88343 8.68776 8.28124 7.88643 7.50353 7.13321 6.77613 6.43282 6.10381 5.78951 5.49027 5.20638 4.93803 4.68536 4.44841 4.22714 4.02143 3.83107 3.65577 3.49517 3.34878 3.21606 3.09635 2.98892 2.89293 2.80747 2.73153 2.66405 2.60392 2.55 2.50122 2.45664 2.41552 2.37749 2.34264 2.31167 2.28588 2.26722 2.25817 2.26054 2.2758 2.30577 2.35206 2.41603 2.50007 2.60876 2.74325 2.90386 3.09016 3.30097 3.53425 3.78708 4.05556 4.3348 4.6189 4.9011 
5.03276 5.32179 5.59196 5.83644 6.05111 6.23522 6.3909 6.52193 6.63263 6.72706 6.80868 6.88031 6.94419 7.00209 7.05541 7.10526 7.15254 7.1979 7.24185 7.28492 7.32753 7.37005 7.41281 7.45609 7.50015 7.54523 7.59155 7.63932 7.68876 7.74005 7.79342 7.84906 7.91382 7.96535 8.02815 8.09413 8.16357 8.23671 8.31385 8.39527 8.48126 8.57214 8.66822 8.76983 8.87727 8.99089 8.77399 8.35936 7.95608 7.56495 7.18665 6.82185 6.47111 6.13494 5.81377 5.50796 5.2178 4.94348 4.68512 4.44276 4.21635 4.00576 3.81077 3.63107 3.46627 3.31587 3.1793 3.0559 2.94489 2.84544 2.75661 2.6774 2.60676 2.5436 2.48685 2.4355 2.38871 2.34585 2.3067 2.27148 2.241 2.21666 2.20047 2.19462 2.20052 2.22004 2.25499 2.30699 2.37742 2.47028 2.58892 2.73434 2.9069 3.10619 3.33106 3.57948 3.84847 4.13403 4.43102 4.73309 5.03276 
5.17806 5.48372 5.76755 6.02158 6.24128 6.42643 6.58022 6.70763 6.81388 6.90363 6.98066 7.04796 7.10782 7.16203 7.21196 7.25869 7.3031 7.34589 7.38758 7.42855 7.4692 7.50988 7.5509 7.59254 7.63503 7.67862 7.7235 7.76989 7.81799 7.86798 7.92007 7.97445 8.03046 8.08905 8.15061 8.21537 8.28359 8.35554 8.43149 8.51173 8.59657 8.68631 8.78128 8.88181 8.98822 9.10084 8.86426 8.44102 8.02934 7.63003 7.2438 6.87132 6.51317 6.16987 5.84186 5.5295 5.23307 4.95277 4.68872 4.44095 4.2094 3.99392 3.79428 3.61016 3.44114 3.28671 3.14628 3.01916 2.90458 2.80168 2.70954 2.62716 2.5535 2.48749 2.42811 2.37442 2.32566 2.28134 2.24133 2.206 2.17626 2.1536 2.14005 2.1372 2.1468 2.17077 2.21092 2.26885 2.34641 2.44846 2.57728 2.73391 2.91873 3.13138 3.37073 3.63477 3.92049 4.22379 4.53926 4.86011 5.17806 
5.33686 5.65988 5.95762 6.22073 6.44428 6.62884 6.77907 6.90138 7.002 7.08617 7.15795 7.22044 7.27593 7.32618 7.37252 7.41599 7.45741 7.49745 7.53667 7.57548 7.61414 7.65295 7.69222 7.73221 7.77313 7.81522 7.85867 7.90368 7.95043 7.99912 8.04993 8.10306 8.15859 8.21593 8.27623 8.33975 8.40673 8.47744 8.55216 8.63118 8.7148 8.80335 8.89714 8.99651 9.10179 9.21333 8.95804 8.52624 8.10622 7.69878 7.30466 6.92454 6.55901 6.2086 5.87377 5.55487 5.25218 4.96591 4.69617 4.44298 4.20627 3.98589 3.78158 3.59302 3.41977 3.2613 3.11703 2.98626 2.86819 2.76196 2.66662 2.58117 2.50459 2.43585 2.37399 2.31813 2.2676 2.22202 2.18139 2.14618 2.1174 2.09664 2.08563 2.08591 2.09939 2.128 2.17354 2.23763 2.32304 2.43449 2.57373 2.74182 2.93919 3.16554 3.41976 3.69988 4.00288 4.32456 4.65929 4.99976 5.33686 
5.50899 5.85018 6.16214 6.43378 6.65977 6.84187 6.98672 7.10241 7.19625 7.27401 7.33996 7.39722 7.44806 7.49414 7.53674 7.57683 7.61519 7.65244 7.68908 7.72554 7.76217 7.79912 7.83664 7.87497 7.91433 7.95493 7.99696 8.04059 8.08601 8.13339 8.18293 8.2348 8.28921 8.34592 8.40496 8.46722 8.53295 8.6024 8.67585 8.75361 8.83597 8.92326 9.01581 9.11395 9.21802 9.32837 9.05533 8.61505 8.18673 7.77121 7.36924 6.98151 6.60863 6.25114 5.9095 5.58406 5.27513 4.98289 4.70745 4.44883 4.20696 3.98166 3.77268 3.5797 3.40228 3.23987 3.09184 2.95747 2.83595 2.72641 2.62791 2.53946 2.46005 2.3887 2.32448 2.26661 2.21451 2.16788 2.12685 2.09198 2.06438 2.04563 2.03716 2.04072 2.05827 2.0917 2.14283 2.21331 2.30719 2.42824 2.57811 2.75791 2.96815 3.20846 3.47792 3.77455 4.09535 4.43604 4.79077 5.15177 5.50899 
5.69421 6.05453 6.38109 6.66058 6.88729 7.0648 7.20229 7.30983 7.39581 7.46643 7.52608 7.57779 7.62375 7.66552 7.70429 7.74094 7.77619 7.8106 7.84465 7.87873 7.91316 7.94822 7.984 8.02069 8.05851 8.09764 8.13825 8.18052 8.22463 8.27073 8.319 8.36962 8.42279 8.47871 8.53676 8.59775 8.6622 8.73037 8.80254 8.879 8.96006 9.04605 9.13729 9.23413 9.33692 9.44599 9.15617 8.70746 8.2709 7.84734 7.43755 7.04224 6.66204 6.29749 5.94905 5.61709 5.30191 5.00369 4.72256 4.4585 4.21148 3.98132 3.76777 3.57045 3.38889 3.22253 3.07074 2.93278 2.80784 2.69503 2.59342 2.50203 2.41988 2.34603 2.2796 2.21989 2.16638 2.11891 2.07767 2.04335 2.01714 2.00037 1.99459 2.00162 2.02339 2.06183 2.11875 2.19611 2.29875 2.42958 2.59028 2.78201 3.00528 3.25993 3.54497 3.85854 4.19758 4.55788 4.93337 5.31583 5.69421 
5.89122 6.27165 6.61363 6.90044 7.12625 7.29673 7.42476 7.52264 7.5998 7.66269 7.71566 7.76162 7.80257 7.83995 7.87483 7.90801 7.94013 7.97171 8.00317 8.03487 8.06711 8.10015 8.13418 8.16926 8.20555 8.24323 8.28246 8.32339 8.3662 8.41103 8.45806 8.50745 8.5594 8.61409 8.67157 8.7313 8.79446 8.86134 8.9322 9.00734 9.08706 9.1717 9.26159 9.35707 9.4585 9.56622 9.26057 8.80348 8.35872 7.92716 7.5096 7.10674 6.71923 6.34763 5.99241 5.65394 5.33251 5.02833 4.74153 4.47213 4.22004 3.98508 3.76695 3.56527 3.37957 3.20928 3.05374 2.91221 2.78386 2.66782 2.56315 2.46889 2.3841 2.30785 2.23935 2.17794 2.12321 2.07507 2.03383 2.00025 1.9755 1.96083 1.9579 1.96855 1.99473 2.03836 2.10126 2.18602 2.29759 2.43836 2.61008 2.81394 3.05052 3.31972 3.62062 3.95143 4.30922 4.68969 5.08651 5.49095 5.89122 
6.09833 6.50007 6.85626 7.1498 7.37468 7.53651 7.65291 7.73977 7.80729 7.86202 7.90809 7.94818 7.98408 8.01706 8.04805 8.07778 8.10679 8.13556 8.16445 8.19379 8.22385 8.25487 8.28707 8.32055 8.35535 8.39161 8.42948 8.46911 8.51065 8.55424 8.60005 8.64823 8.69896 8.75244 8.80886 8.86781 8.9297 8.99527 9.0648 9.1386 9.21696 9.30021 9.3887 9.48277 9.58278 9.68908 9.36856 8.90314 8.45023 8.0107 7.58538 7.175 6.78022 6.40158 6.03958 5.69461 5.36699 5.05694 4.76456 4.48984 4.23269 3.99291 3.7702 3.56417 3.37433 3.20011 3.04083 2.89573 2.76401 2.64477 2.5371 2.44004 2.35269 2.27416 2.20371 2.14076 2.08497 2.03635 1.99529 1.96262 1.93939 1.92697 1.92705 1.94149 1.97224 2.02123 2.0903 2.18292 2.30356 2.45445 2.63735 2.85352 3.10361 3.38758 3.70462 4.053 4.42964 4.83006 5.24816 5.67513 6.09833 
6.31516 6.73788 7.1081 7.40789 7.63046 7.78271 7.88536 7.95999 8.01731 8.06365 8.10275 8.13697 8.16785 8.19648 8.22365 8.24997 8.27592 8.30192 8.32829 8.35531 8.38324 8.41228 8.44263 8.47445 8.50779 8.54267 8.57922 8.61758 8.65788 8.70027 8.74489 8.79188 8.84143 8.89371 8.94892 9.00725 9.06786 9.13213 9.20033 9.27276 9.34974 9.43158 9.51863 9.61124 9.70977 9.81457 9.48014 9.00645 8.54542 8.09796 7.66492 7.24704 6.84499 6.45934 6.09063 5.73926 5.40553 5.08963 4.79167 4.51163 4.24941 4.0048 3.77751 3.56713 3.37315 3.195 3.03199 2.88335 2.74828 2.62589 2.51527 2.41549 2.32566 2.24496 2.17269 2.10834 2.05166 2.00272 1.96202 1.93034 1.90877 1.89875 1.90201 1.9204 1.95588 2.0104 2.08587 2.18669 2.32151 2.47769 2.67193 2.90057 3.16434 3.46328 3.79649 4.162 4.55707 4.9776 5.41751 5.86783 6.31516 
6.54119 6.98419 7.36926 7.67468 7.89277 8.03338 8.1205 8.18201 8.22886 8.26678 8.29902 8.3275 8.3535 8.37789 8.40133 8.42433 8.4473 8.4706 8.4945 8.51926 8.54511 8.57222 8.60077 8.63091 8.66278 8.69632 8.73159 8.76872 8.80783 8.84905 8.8926 8.93835 8.98674 9.03784 9.09186 9.149 9.20892 9.27189 9.33875 9.40981 9.48538 9.56578 9.65136 9.74247 9.83947 9.94272 9.59534 9.11341 8.6443 8.18896 7.74822 7.32286 6.9136 6.52105 6.14571 5.78797 5.44813 5.12639 4.82284 4.53747 4.27018 4.02075 3.78887 3.57414 3.37603 3.19395 3.02722 2.87507 2.73668 2.61117 2.49765 2.39522 2.30301 2.22025 2.14628 2.08067 2.02324 1.97416 1.93394 1.90336 1.8836 1.87615 1.88272 1.90521 1.94559 2.00579 2.08805 2.1972 2.3364 2.50793 2.71364 2.9549 3.23245 3.546 3.89479 4.27732 4.69102 5.13194 5.59413 6.06857 6.54119 
6.77466 7.23893 7.63983 7.95004 8.16096 8.28671 8.35648 8.40444 8.4409 8.47068 8.49631 8.51931 8.54062 8.56095 8.58081 8.60062 8.62072 8.6414 8.66292 8.68549 8.70932 8.73456 8.76137 8.78988 8.82022 8.85245 8.8865 8.92245 8.96041 9.0005 9.04284 9.08757 9.13483 9.18479 9.23764 9.29358 9.35284 9.41451 9.48004 9.54973 9.62387 9.70281 9.78689 9.87646 9.97188 10.0735 9.71418 9.22405 8.7469 8.28368 7.8353 7.40258 6.98621 6.58679 6.20483 5.84072 5.49478 5.16719 4.85806 4.56736 4.295 4.04074 3.80428 3.58518 3.38294 3.19695 3.02651 2.87086 2.72919 2.60062 2.48426 2.37924 2.28474 2.20001 2.12447 2.05774 1.99971 1.95062 1.91099 1.88166 1.86387 1.85912 1.86916 1.89589 1.94131 2.00736 2.09673 2.21433 2.36299 2.54502 2.76232 3.01609 3.30681 3.63465 3.99906 4.39869 4.83115 5.2927 5.77756 6.27683 6.77466 
7.01482 7.50194 7.9199 8.23386 8.43402 8.54036 8.59123 8.62584 8.65244 8.67459 8.69408 8.71195 8.72888 8.74538 8.76185 8.77861 8.79597 8.81415 8.83338 8.85385 8.87572 8.89916 8.92429 8.95123 8.9801 9.01098 9.04386 9.07868 9.11555 9.15456 9.19582 9.23947 9.28565 9.3345 9.38621 9.44098 9.49902 9.55995 9.62416 9.69247 9.76519 9.84265 9.92521 10.0132 10.107 10.207 9.83666 9.33837 8.85322 8.38224 7.92633 7.48629 7.06283 6.65655 6.26798 5.89752 5.54547 5.21204 4.89732 4.60129 4.32385 4.06477 3.82371 3.60026 3.39389 3.20399 3.02986 2.87074 2.72581 2.59422 2.47508 2.36755 2.27084 2.18426 2.10726 2.03953 1.98104 1.93207 1.89314 1.86521 1.84952 1.84761 1.86126 1.89239 1.94298 2.01503 2.11181 2.23797 2.39619 2.5888 2.81733 3.08307 3.38688 3.72903 4.10909 4.52587 4.97717 5.45947 5.9673 6.49199 7.01482 
7.26203 7.77406 8.2115 8.52702 8.71046 8.79013 8.82243 8.84474 8.8625 8.87784 8.8918 8.90501 8.91793 8.93088 8.94419 8.9581 8.97285 8.98866 9.00571 9.02417 9.04419 9.06591 9.08943 9.11487 9.14232 9.17187 9.20358 9.23733 9.27315 9.31114 9.35138 9.394 9.43913 9.48691 9.53752 9.59114 9.64799 9.7082 9.77109 9.83802 9.90932 9.98529 10.0663 10.1527 10.2449 10.3432 9.9628 9.45644 8.96342 8.48475 8.02134 7.574 7.14346 6.73034 6.33516 5.95834 5.60019 5.26092 4.94061 4.63925 4.35673 4.09281 3.84717 3.61937 3.40887 3.21507 3.03727 2.8747 2.72655 2.59197 2.47011 2.36015 2.26131 2.17296 2.09462 2.02602 1.96721 1.91845 1.88038 1.85397 1.84052 1.84159 1.85898 1.89463 1.95055 2.02873 2.13316 2.26798 2.43573 2.6384 2.87788 3.15561 3.47252 3.82897 4.22468 4.6586 5.12874 5.63186 6.16284 6.71367 7.26203 
7.89048 8.05604 8.517 8.82889 8.9878 9.03146 9.04759 9.05971 9.07017 9.07978 9.089 9.09814 9.10746 9.11721 9.12761 9.13888 9.1512 9.16478 9.17977 9.19633 9.21459 9.23466 9.25666 9.28067 9.30678 9.33506 9.36558 9.39832 9.43316 9.47017 9.50945 9.55109 9.59522 9.64198 9.69199 9.74403 9.79971 9.85881 9.92079 9.98636 10.0562 10.1307 10.2102 10.295 10.3855 10.482 10.0927 9.5784 9.07755 8.59122 8.12032 7.6657 7.22809 6.80814 6.40636 6.02319 5.65894 5.31382 4.98792 4.68123 4.39363 4.12488 3.87464 3.64248 3.42787 3.23019 3.04873 2.88273 2.7314 2.59388 2.46936 2.35702 2.25615 2.16613 2.08655 2.01721 1.95816 1.90975 1.87266 1.84791 1.83683 1.84101 1.86228 1.90258 1.96394 2.04849 2.16069 2.30396 2.48077 2.69342 2.94386 3.23357 3.56357 3.93431 4.34562 4.79663 5.28557 5.80957 6.36446 6.94226 7.89048 
7.77864 8.34835 8.83621 9.13779 9.25234 9.25876 9.2642 9.26945 9.27464 9.27988 9.28528 9.291 9.29722 9.30413 9.31191 9.32076 9.33085 9.34235 9.35542 9.37019 9.38679 9.40532 9.42588 9.44854 9.47338 9.50046 9.52985 9.56157 9.59549 9.63159 9.66996 9.71068 9.75386 9.79964 9.84815 9.89959 9.95414 10.012 10.0735 10.1375 10.2059 10.2789 10.3568 10.44 10.5287 10.6236 10.2265 9.70426 9.19562 8.70164 8.22328 7.76139 7.31673 6.88994 6.48157 6.09205 5.72171 5.37074 5.03925 4.72722 4.43453 4.16095 3.90612 3.66961 3.45089 3.24933 3.06423 2.89484 2.74035 2.59994 2.47281 2.35817 2.25533 2.16375 2.08304 2.01305 1.95389 1.90595 1.86996 1.847 1.83841 1.84583 1.87109 1.91616 1.9831 2.07416 2.19378 2.34523 2.53112 2.75377 3.01516 3.31685 3.6599 4.04488 4.47173 4.93974 5.44762 5.99329 6.57242 7.17678 7.77864 
8.04651 8.65 9.16725 9.407 9.45461 9.46605 9.47015 9.47288 9.47527 9.47765 9.48026 9.4833 9.48695 9.49142 9.4969 9.50357 9.51163 9.52123 9.53252 9.54563 9.56067 9.57776 9.59697 9.61837 9.64202 9.66798 9.6963 9.72701 9.76007 9.79533 9.83285 9.8727 9.91499 9.95983 10.0074 10.0578 10.1112 10.168 10.2282 10.2913 10.3583 10.4298 10.5062 10.5877 10.6747 10.7678 10.3642 9.83404 9.31761 8.81601 8.33021 7.86107 7.40936 6.97575 6.5608 6.16493 5.78848 5.43167 5.09458 4.77722 4.47944 4.20101 3.9416 3.70074 3.47791 3.27249 3.08377 2.911 2.7534 2.61015 2.48046 2.36358 2.25887 2.16581 2.08406 2.01354 1.95437 1.90702 1.87226 1.85119 1.84522 1.85599 1.88537 1.93533 2.00776 2.10508 2.23205 2.39171 2.58669 2.81935 3.0917 3.40533 3.76139 4.16053 4.60282 5.08811 5.6156 6.18289 6.7861 7.41661 8.04651 
8.31955 8.95931 9.42191 9.53998 9.61633 9.65157 9.66431 9.66932 9.67156 9.67275 9.67367 9.67478 9.67643 9.67889 9.6824 9.68717 9.6934 9.70127 9.71093 9.72251 9.73613 9.75187 9.76983 9.79006 9.81261 9.83753 9.86485 9.89461 9.92682 9.96131 9.99804 10.0371 10.0786 10.1225 10.1691 10.2185 10.2709 10.3266 10.3856 10.4478 10.5134 10.5835 10.6582 10.7381 10.8234 10.9147 10.5058 9.96773 9.44355 8.93435 8.44111 7.96473 7.50599 7.06557 6.64402 6.24181 5.85927 5.4966 5.15392 4.83121 4.52834 4.24507 3.98107 3.73587 3.50895 3.29967 3.10735 2.93124 2.77055 2.6245 2.49231 2.37326 2.26675 2.1723 2.08962 2.01865 1.95959 1.91293 1.87951 1.86047 1.85722 1.87146 1.90501 1.95965 2.03738 2.14109 2.27544 2.44334 2.64743 2.89009 3.17337 3.4989 3.86791 4.28112 4.73924 5.24234 5.78928 6.37794 7.0049 7.66113 8.31955 
8.5968 9.27422 9.53493 9.66614 9.76255 9.81997 9.84701 9.85852 9.86323 9.8649 9.86526 9.86526 9.86549 9.86638 9.86825 9.87139 9.87603 9.88235 9.89054 9.90073 9.91303 9.92755 9.94436 9.96351 9.98505 10.009 10.0354 10.0643 10.0957 10.1295 10.1655 10.2038 10.2445 10.2876 10.3334 10.3819 10.4332 10.4878 10.5456 10.607 10.6712 10.7398 10.813 10.8912 10.9748 11.0642 10.6512 10.1053 9.57342 9.05664 8.55598 8.07237 7.60661 7.15937 6.73125 6.3227 5.93405 5.56553 5.21725 4.88919 4.58123 4.29312 4.02452 3.77499 3.54398 3.33086 3.13496 2.95553 2.79179 2.64298 2.50835 2.3872 2.27896 2.1832 2.09968 2.02837 1.96951 1.92367 1.8917 1.87478 1.87438 1.89204 1.92952 1.98881 2.07191 2.18212 2.32389 2.50004 2.71325 2.9659 3.26008 3.59747 3.97935 4.40708 4.88145 5.40218 5.96831 6.57801 7.22829 7.90972 8.5968 
8.87731 9.48789 9.64692 9.78878 9.90083 9.97689 10.0197 10.0407 10.0502 10.054 10.0549 10.0546 10.054 10.0537 10.0543 10.0561 10.0594 10.0644 10.0712 10.0802 10.0913 10.1047 10.1205 10.1386 10.1592 10.1823 10.2079 10.236 10.2666 10.2997 10.3351 10.3728 10.4127 10.4551 10.5001 10.5476 10.5981 10.6515 10.7083 10.7686 10.8317 10.8988 10.9705 11.047 11.1289 11.2164 10.8006 10.2469 9.70724 9.18288 8.67483 8.184 7.71121 7.25717 6.82247 6.40757 6.01282 5.63845 5.28457 4.95116 4.6381 4.34515 4.07197 3.8181 3.583 3.36606 3.1666 2.98387 2.81713 2.6656 2.52858 2.40539 2.2955 2.19852 2.11424 2.04268 1.98413 1.9392 1.90878 1.89406 1.89634 1.91729 1.95877 2.02277 2.11131 2.22814 2.37734 2.56177 2.78408 3.04671 3.35174 3.70092 4.09613 4.53874 5.0292 5.56736 6.15239 6.78271 7.45575 8.1618 8.87731 
9.16017 9.59299 9.75844 9.90941 10.0343 10.1262 10.1844 10.2165 10.2326 10.2399 10.2424 10.2426 10.2417 10.2408 10.2405 10.2412 10.2433 10.2472 10.2529 10.2607 10.2708 10.2832 10.298 10.3153 10.3351 10.3574 10.3823 10.4097 10.4396 10.472 10.5068 10.5439 10.5832 10.6249 10.6691 10.7159 10.7654 10.8179 10.8735 10.9326 10.9948 11.0605 11.1306 11.2055 11.2856 11.3713 10.9538 10.3923 9.84499 9.31309 8.79764 8.2996 7.8198 7.35896 6.91768 6.49644 6.09558 5.71535 5.35586 5.0171 4.69895 4.40116 4.12338 3.86518 3.62602 3.40527 3.20226 3.01627 2.84655 2.69236 2.55299 2.42783 2.31636 2.21823 2.13328 2.06156 2.00342 1.9595 1.93062 1.91791 1.92287 1.94718 1.99273 2.06151 2.1556 2.27908 2.43574 2.62845 2.85987 3.13244 3.44828 3.80968 4.21855 4.67593 5.1823 5.73763 6.34122 6.9917 7.68684 8.41684 9.16017 
9.44459 9.69857 9.86986 10.0289 10.1648 10.2704 10.3428 10.3867 10.4107 10.4227 10.4278 10.4292 10.4287 10.4276 10.4267 10.4266 10.4278 10.4307 10.4354 10.4423 10.4515 10.463 10.477 10.4935 10.5126 10.5342 10.5584 10.5852 10.6145 10.6463 10.6806 10.7172 10.7559 10.797 10.8405 10.8865 10.9352 10.9867 11.0413 11.0992 11.1605 11.2248 11.2934 11.3667 11.445 11.5288 11.111 10.5417 9.98669 9.44725 8.92442 8.41918 7.93238 7.46474 7.01688 6.58929 6.18233 5.79624 5.43114 5.08702 4.76377 4.46113 4.17877 3.91625 3.67302 3.44848 3.24195 3.05271 2.88005 2.72323 2.58158 2.45451 2.34152 2.24233 2.15678 2.085 2.02733 1.9843 1.95686 1.94624 1.95394 1.98169 2.03137 2.105 2.20473 2.33489 2.49904 2.70002 2.94053 3.22302 3.55003 3.924 4.34646 4.81845 5.34055 5.91277 6.53455 7.20467 7.92119 8.67436 9.44459 
9.62735 9.80476 9.98144 10.1477 10.2934 10.411 10.4965 10.552 10.5848 10.6025 10.6111 10.6144 10.6147 10.6138 10.6127 10.6121 10.6127 10.6148 10.6187 10.6248 10.6332 10.6439 10.6572 10.6731 10.6915 10.7126 10.7362 10.7624 10.7912 10.8225 10.8564 10.8925 10.9308 10.9713 11.0142 11.0595 11.1073 11.158 11.2115 11.2697 11.3287 11.3916 11.4588 11.5304 11.607 11.689 11.2721 10.695 10.1323 9.58537 9.05517 8.54274 8.04893 7.57449 7.12006 6.68612 6.27305 5.8811 5.51038 5.16091 4.83255 4.52507 4.23813 3.97129 3.72401 3.49568 3.28565 3.0932 2.91763 2.75823 2.61435 2.48541 2.37098 2.27079 2.18474 2.11288 2.05554 2.0134 1.98747 1.97901 1.98954 2.02079 2.07468 2.15321 2.25868 2.39554 2.56718 2.77644 3.02602 3.31871 3.6573 4.05605 4.47989 4.96615 5.50375 6.09257 6.73213 7.42134 8.15846 8.93397 9.62735 
9.73042 9.91166 10.0934 10.2662 10.4206 10.549 10.6465 10.7134 10.7553 10.7795 10.7923 10.7981 10.7998 10.7996 10.7985 10.7977 10.7978 10.7994 10.8027 10.8081 10.8158 10.826 10.8387 10.854 10.8719 10.8925 10.9157 10.9414 10.9698 11.0007 11.0341 11.0698 11.1077 11.1478 11.1901 11.2347 11.2819 11.3316 11.3843 11.44 11.4991 11.5611 11.6267 11.6968 11.7717 11.8518 11.437 10.8522 10.2819 9.72745 9.18989 8.67027 8.16946 7.68823 7.22721 6.78693 6.36775 5.96993 5.5936 5.23876 4.9053 4.59298 4.30146 4.0303 3.77897 3.54688 3.33336 3.13774 2.95929 2.79735 2.65128 2.52054 2.40473 2.30361 2.21696 2.14493 2.08797 2.04681 2.02246 2.01623 2.02964 2.06447 2.12261 2.2061 2.31739 2.46098 2.64012 2.85765 3.11651 3.41982 3.76994 4.16885 4.61812 5.11887 5.67174 6.27685 6.93377 7.64148 8.3984 9.19534 9.73042 
9.83446 10.0193 10.2058 10.3847 10.5471 10.6853 10.7937 10.8715 10.9227 10.9539 10.9714 10.9803 10.984 10.9847 10.9841 10.9833 10.9832 10.9844 10.9873 10.9922 10.9994 11.009 11.0213 11.0361 11.0536 11.0738 11.0966 11.1221 11.1501 11.1806 11.2136 11.2491 11.2866 11.3263 11.3682 11.4123 11.4587 11.5077 11.5594 11.6142 11.672 11.7331 11.7973 11.8658 11.9389 12.0172 11.6059 11.0134 10.4355 9.87348 9.32857 8.80176 8.29396 7.80594 7.33834 6.89171 6.46641 6.06272 5.68077 5.32057 4.982 4.66484 4.36874 4.09327 3.83791 3.60207 3.38509 3.1863 3.00502 2.84057 2.69236 2.55988 2.44271 2.34052 2.25326 2.18112 2.12462 2.08449 2.0618 2.05787 2.07424 2.1127 2.17516 2.26366 2.38083 2.53117 2.71781 2.94375 3.21235 3.52628 3.88787 4.29911 4.7616 5.27646 5.84436 6.46543 7.13926 7.86489 8.6408 9.45822 9.83446 
9.93952 10.1279 10.3188 10.5034 10.6732 10.8203 10.9389 11.027 11.0874 11.1258 11.1487 11.1611 11.1671 11.1692 11.1693 11.1689 11.1688 11.1698 11.1723 11.1769 11.1837 11.193 11.2049 11.2194 11.2366 11.2565 11.279 11.3042 11.332 11.3623 11.395 11.4302 11.4675 11.5069 11.5484 11.592 11.6378 11.6861 11.737 11.7907 11.8475 11.9076 11.9704 12.0373 12.1088 12.1852 11.7787 11.1785 10.5929 10.0235 9.47122 8.93723 8.42244 7.92762 7.45345 7.00046 6.56904 6.15948 5.77191 5.40634 5.06266 4.74065 4.43998 4.16021 3.90082 3.66124 3.44082 3.2389 3.05481 2.8879 2.73761 2.60334 2.48469 2.38145 2.29363 2.22146 2.16547 2.12646 2.10549 2.10392 2.12331 2.16545 2.23229 2.32586 2.44895 2.60606 2.80029 3.03513 3.31348 3.63798 4.04348 4.43448 4.91001 5.4388 6.02147 6.65816 7.34847 8.09141 8.88549 9.72231 9.93952 
10.0456 10.2373 10.4324 10.6226 10.7992 10.9545 11.0824 11.1802 11.2497 11.2956 11.324 11.3405 11.3491 11.3529 11.3541 11.3542 11.3544 11.3554 11.3578 11.3622 11.3688 11.3778 11.3894 11.4037 11.4207 11.4404 11.4628 11.4879 11.5155 11.5456 11.5782 11.6132 11.6504 11.6895 11.7306 11.7738 11.8191 11.8667 11.9168 11.9696 12.0254 12.0846 12.146 12.2114 12.2812 12.3558 11.9553 11.3475 10.7544 10.1774 9.61783 9.07667 8.55488 8.05327 7.57252 7.11317 6.67564 6.2602 5.867 5.49606 5.14727 4.82042 4.51517 4.2311 3.96771 3.7244 3.50056 3.29553 3.10867 2.93933 2.78685 2.65072 2.53062 2.4264 2.33808 2.26594 2.21053 2.17269 2.15351 2.15436 2.17683 2.22272 2.29398 2.39266 2.52174 2.68566 2.88796 3.13172 3.4198 3.75483 4.14346 4.712 5.06324 5.60574 6.20293 6.85491 7.56124 8.3209 9.13219 9.86523 10.0456 
10.1527 10.3477 10.5469 10.7422 10.9253 11.0882 11.2247 11.3318 11.4099 11.4634 11.4977 11.5185 11.5301 11.536 11.5385 11.5394 11.54 11.5412 11.5437 11.548 11.5544 11.5633 11.5748 11.589 11.6059 11.6256 11.648 11.6729 11.7005 11.7306 11.7631 11.7979 11.835 11.874 11.9149 11.9577 12.0026 12.0496 12.099 12.1509 12.2057 12.2635 12.324 12.3879 12.4561 12.5289 12.1358 11.5204 10.9198 10.3353 9.77176 9.22007 8.69129 8.18289 7.69556 7.22985 6.78619 6.36487 5.96604 5.58972 5.23582 4.90413 4.59431 4.30595 4.03855 3.79154 3.5643 3.35619 3.16656 2.99468 2.83997 2.70201 2.58051 2.47536 2.3866 2.31455 2.25979 2.22318 2.20585 2.20918 2.23479 2.28448 2.36021 2.46403 2.59917 2.77034 2.98078 3.23346 3.53123 3.87673 4.2723 4.71998 5.22117 5.77719 6.38862 7.05554 7.77744 8.55311 9.38023 9.96981 10.1527 
10.261 10.4591 10.6624 10.8626 11.0515 11.2215 11.3662 11.4819 11.5685 11.6294 11.6698 11.6952 11.7102 11.7183 11.7224 11.7243 11.7255 11.7271 11.7298 11.7342 11.7407 11.7496 11.7611 11.7753 11.7922 11.8119 11.8343 11.8593 11.887 11.9171 11.9496 11.9844 12.0214 12.0604 12.1011 12.1437 12.1882 12.2347 12.2834 12.3346 12.3883 12.445 12.5046 12.567 12.6336 12.7046 12.3202 11.6972 11.0891 10.4972 9.92294 9.36744 8.83167 8.31648 7.82256 7.35049 6.9007 6.4735 6.06903 5.68733 5.32832 4.99178 4.6774 4.38476 4.11336 3.86266 3.63203 3.42084 3.22831 3.05385 2.89695 2.75721 2.63437 2.52834 2.43919 2.36728 2.31324 2.27792 2.2625 2.26837 2.29717 2.3507 2.43095 2.53997 2.68156 2.86011 3.07868 3.34026 3.64908 4.00364 4.41089 4.86983 5.40582 5.95303 6.57844 7.25994 7.99693 8.78737 9.62956 10.0755 10.261 
10.3704 10.5717 10.7787 10.9836 11.1781 11.3547 11.5069 11.6308 11.7256 11.7939 11.8405 11.8706 11.8891 11.8999 11.9057 11.9089 11.9109 11.913 11.9191 11.9207 11.9274 11.9364 11.948 11.9623 11.9794 11.9992 12.0218 12.047 12.0748 12.105 12.1376 12.1725 12.2096 12.2486 12.2893 12.3317 12.3759 12.422 12.4701 12.5205 12.5733 12.63 12.6875 12.7486 12.8135 12.8828 12.5085 11.878 11.2623 10.663 10.0814 9.51878 8.97602 8.45402 7.95352 7.47509 7.01917 6.58607 6.17596 5.78889 5.42476 5.08338 4.76443 4.46751 4.19213 3.93775 3.70372 3.4893 3.29387 3.11687 2.95782 2.81633 2.69219 2.58533 2.49585 2.42415 2.37086 2.33691 2.32345 2.33191 2.36394 2.42138 2.50618 2.62075 2.76896 2.95489 3.1816 3.45206 3.76912 4.13538 4.55316 5.02443 5.55074 6.13317 6.77227 7.46803 8.21905 9.02361 9.88018 10.1825 10.3704 
10.4812 10.6855 10.8961 11.1054 11.3052 11.488 11.6473 11.7789 11.8815 11.957 12.0098 12.0449 12.0671 12.0807 12.0885 12.0931 12.0961 12.0989 12.1025 12.1075 12.1145 12.1237 12.1356 12.1502 12.1675 12.1876 12.2104 12.2359 12.2639 12.2944 12.3272 12.3622 12.3994 12.4385 12.4792 12.5216 12.5655 12.6113 12.6589 12.7086 12.7607 12.8153 12.8729 12.9325 12.9959 13.0634 12.7007 12.0626 11.4395 10.8328 10.2439 9.67407 9.12432 8.59553 8.08844 7.60364 7.14158 6.70259 6.28684 5.89438 5.52514 5.17891 4.8554 4.55421 4.27486 4.01675 3.77918 3.56154 3.36324 3.18373 3.02256 2.87937 2.75398 2.64633 2.55658 2.48513 2.43267 2.40012 2.38868 2.39979 2.43511 2.49648 2.58611 2.70647 2.86132 3.05464 3.28947 3.62631 3.89542 4.27196 4.7007 5.18361 5.72219 6.3175 6.97004 7.67934 8.44366 9.26181 10.1208 10.2907 10.4812 
10.5932 10.8004 11.0145 11.2279 11.4327 11.6213 11.7873 11.9262 12.0363 12.1189 12.1778 12.2179 12.2442 12.2607 12.2707 12.2769 12.2811 12.2848 12.289 12.2945 12.3019 12.3116 12.3238 12.3387 12.3563 12.3768 12.4 12.4258 12.4542 12.4851 12.5182 12.5535 12.5909 12.6302 12.671 12.7133 12.7572 12.8027 12.8498 12.899 12.9502 13.0039 13.0603 13.1189 13.1808 13.2466 12.8968 12.2512 11.6206 11.0065 10.4103 9.83333 9.27659 8.741 8.22731 7.73614 7.26794 6.82305 6.40165 6.00381 5.62945 5.27838 4.95031 4.64486 4.36148 4.09953 3.85843 3.63758 3.43643 3.25444 3.09118 2.94633 2.81973 2.71135 2.62137 2.55023 2.49864 2.46755 2.45818 2.47199 2.51064 2.57615 2.67089 2.79707 2.95858 3.15929 3.40224 3.69038 4.02653 4.41327 4.85288 5.34729 5.89798 6.50595 7.17157 7.89352 8.67074 9.502 10.2284 10.4003 10.5932 
10.7065 10.9164 11.1339 11.3513 11.5608 11.7549 11.9272 12.073 12.1902 12.2797 12.3447 12.39 12.4202 12.4399 12.4523 12.4602 12.4658 12.4705 12.4755 12.4816 12.4896 12.4997 12.5124 12.5278 12.5459 12.5669 12.5905 12.6169 12.6457 12.677 12.7106 12.7462 12.7839 12.8235 12.8645 12.907 12.9508 12.996 13.0429 13.0915 13.142 13.1948 13.2502 13.3077 13.3681 13.4322 13.0968 12.4437 11.8056 11.1842 10.5807 9.99654 9.43282 8.89043 8.37014 7.87259 7.39824 6.94745 6.5204 6.11717 5.73769 5.38178 5.04916 4.73938 4.45186 4.18607 3.94145 3.71742 3.51344 3.329 3.16369 3.01721 2.88944 2.78037 2.69022 2.61944 2.56878 2.5392 2.53195 2.5485 2.59063 2.66058 2.76047 2.89251 3.0607 3.2688 3.51984 3.81677 4.16239 4.59879 5.00963 5.5154 6.07802 6.69844 7.37634 8.11055 8.90029 9.74419 10.3374 10.5113 10.7065 
10.821 11.0336 11.2543 11.4754 11.6894 11.8888 12.067 12.2194 12.3434 12.4395 12.5106 12.5609 12.5954 12.6183 12.6332 12.6431 12.6501 12.656 12.6619 12.6688 12.6774 12.6882 12.7015 12.7174 12.7362 12.7577 12.7819 12.8089 12.8383 12.8701 12.9042 12.9404 12.9784 13.0183 13.0597 13.1023 13.1462 13.1914 13.2379 13.2861 13.336 13.3879 13.4423 13.4988 13.5577 13.6202 13.3007 12.6401 11.9946 11.3658 10.755 10.1637 9.593 9.04381 8.51692 8.01299 7.53249 7.07579 6.64309 6.23446 5.84986 5.48911 5.15188 4.83767 4.54601 4.27638 4.02825 3.80106 3.59427 3.40741 3.24008 3.09201 2.96312 2.85341 2.76312 2.69276 2.64307 2.61505 2.60997 2.62936 2.67528 2.74974 2.85481 2.99275 3.16762 3.3831 3.64222 3.9479 4.30293 4.71061 5.17087 5.68786 6.26224 6.89469 7.58425 8.33041 9.13229 9.9884 10.4476 10.6235 10.821 
10.9367 11.1519 11.3757 11.6004 11.8186 12.0229 12.2069 12.3654 12.4959 12.5985 12.6754 12.7309 12.7696 12.7959 12.8135 12.8255 12.8341 12.8412 12.8482 12.856 12.8654 12.877 12.8909 12.9076 12.927 12.9492 12.9742 13.0018 13.0319 13.0644 13.0991 13.1358 13.1744 13.2147 13.2565 13.2994 13.3434 13.3886 13.435 13.4827 13.5321 13.5833 13.6367 13.6922 13.7498 13.8107 13.5085 12.8404 12.1875 11.5513 10.9333 10.3349 9.75714 9.20114 8.66765 8.15733 7.67068 7.20806 6.7697 6.35568 5.96596 5.60032 5.25837 4.93971 4.64391 4.37047 4.11884 3.8885 3.67893 3.48967 3.32036 3.17074 3.04076 2.93045 2.84008 2.77017 2.7215 2.6951 2.69225 2.7148 2.76459 2.84358 2.95388 3.09774 3.27929 3.50215 3.76932 4.08371 4.45323 4.86496 5.33653 5.86462 6.45058 7.09432 7.79528 8.55309 9.36677 10.2347 10.5592 10.7371 10.9367 
11.0536 11.2714 11.4981 11.7263 11.9485 12.1575 12.3467 12.5112 12.6479 12.7566 12.8394 12.9 12.943 12.9727 12.9931 13.0073 13.0177 13.0262 13.0343 13.0432 13.0535 13.0659 13.0806 13.0981 13.1183 13.1413 13.1671 13.1955 13.2265 13.2597 13.2952 13.3326 13.3718 13.4126 13.4549 13.4982 13.5425 13.5877 13.6339 13.6814 13.7303 13.7808 13.8333 13.8879 13.9441 14.0035 13.7203 13.0447 12.3843 11.7408 11.1155 10.5099 9.92524 9.36243 8.82233 8.30562 7.81281 7.34427 6.90025 6.48083 6.08594 5.7153 5.36861 5.04552 4.74558 4.46833 4.21323 3.97976 3.76743 3.5758 3.40453 3.2534 3.12237 3.0115 2.92109 2.85168 2.80408 2.77934 2.77901 2.80481 2.85851 2.94208 3.05762 3.20743 3.39567 3.62589 3.90109 4.22415 4.59782 5.02457 5.50657 6.0456 6.64269 7.2973 8.00942 8.77859 9.60372 10.483 10.6721 10.8517 11.0536 
11.1717 11.3919 11.6214 11.8529 12.079 12.2924 12.4867 12.6568 12.7995 12.9141 13.0025 13.0682 13.1155 13.1488 13.172 13.1885 13.2007 13.2108 13.2202 13.2302 13.2415 13.2549 13.2706 13.2889 13.3101 13.334 13.3607 13.3901 13.4219 13.4561 13.4923 13.5305 13.5704 13.6119 13.6548 13.6986 13.7432 13.7886 13.8348 13.8821 13.9305 13.9804 14.0321 14.0858 14.1408 14.1986 13.9359 13.2529 12.5851 11.9342 11.3017 10.689 10.0973 9.52766 8.98095 8.45784 7.95887 7.48441 7.03472 6.60987 6.2097 5.83404 5.48261 5.15509 4.85103 4.56997 4.3114 4.07482 3.85976 3.66578 3.49259 3.33998 3.20793 3.09655 3.00614 2.93728 2.89079 2.86795 2.87028 2.89937 2.95702 3.0452 3.16602 3.32179 3.51671 3.75429 4.03748 4.36916 4.75205 5.18859 5.68091 6.23075 6.83833 7.50361 8.22666 9.00691 9.84317 10.6331 10.7863 10.9677 11.1717 
11.291 11.5135 11.7457 11.9804 12.2101 12.4278 12.6268 12.8022 12.9506 13.071 13.1649 13.2355 13.2871 13.324 13.3502 13.3691 13.3833 13.395 13.4058 13.417 13.4295 13.4439 13.4607 13.48 13.5022 13.5272 13.5549 13.5853 13.6181 13.6533 13.6905 13.7296 13.7704 13.8126 13.8561 13.9005 13.9455 13.9912 14.0375 14.0847 14.1328 14.1822 14.233 14.2858 14.3397 14.3961 14.1555 13.465 12.7898 12.1316 11.4918 10.872 10.2733 9.69685 9.14352 8.61401 8.10886 7.62848 7.1731 6.74271 6.33724 5.95655 5.60039 5.26843 4.96025 4.6754 4.41338 4.17371 3.95592 3.75963 3.58454 3.43048 3.29747 3.18561 3.09524 3.02697 2.98178 2.961 2.96603 2.99845 3.06008 3.1529 3.27902 3.44078 3.64238 3.88728 4.17844 4.5187 4.91074 5.35698 5.85951 6.4197 7.03747 7.71324 8.44698 9.23805 10.0851 10.747 10.9017 11.0849 11.291 
11.4113 11.6361 11.871 12.1086 12.3418 12.5635 12.7671 12.9476 13.1013 13.2273 13.3265 13.402 13.4579 13.4984 13.5276 13.549 13.5653 13.5787 13.5911 13.6036 13.6174 13.6329 13.6508 13.6713 13.6946 13.7207 13.7496 13.7811 13.8151 13.8514 13.8897 13.9298 13.9715 14.0146 14.0588 14.1039 14.1495 14.1955 14.242 14.2891 14.337 14.3859 14.4361 14.4883 14.5417 14.5958 14.3789 13.681 12.9984 12.3329 11.6859 11.0589 10.4532 9.86998 9.31003 8.77412 8.26279 7.77647 7.31529 6.87932 6.46854 6.08282 5.72193 5.38554 5.07325 4.78462 4.51916 4.27641 4.05593 3.85735 3.68039 3.52492 3.39096 3.27866 3.18838 3.12082 3.07713 3.05847 3.06623 3.10202 3.16767 3.26516 3.3966 3.56435 3.77262 4.02484 4.32392 4.67271 5.07383 5.52968 6.0423 6.61231 7.24011 7.92617 8.67038 9.47202 10.3296 10.862 11.0183 11.2033 11.4113 
11.5328 11.7598 11.9971 12.2376 12.4742 12.6996 12.9076 13.0928 13.2518 13.383 13.4874 13.5677 13.6279 13.672 13.7043 13.7282 13.7467 13.762 13.7759 13.7899 13.805 13.8218 13.841 13.8627 13.8873 13.9146 13.9448 13.9775 14.0128 14.0503 14.0898 14.131 14.1737 14.2178 14.2629 14.3088 14.355 14.4015 14.4483 14.4955 14.5432 14.5917 14.6413 14.6922 14.7449 14.7978 14.6063 13.901 13.211 12.5381 11.8839 11.2498 10.6372 10.0471 9.48049 8.93816 8.42065 7.92829 7.46127 7.01971 6.60362 6.21288 5.84726 5.50644 5.19004 4.89763 4.62874 4.38293 4.15978 3.95893 3.78013 3.62328 3.48841 3.37571 3.28559 3.21898 3.17684 3.16033 3.17087 3.21006 3.27976 3.38194 3.51872 3.69247 3.90741 4.16691 4.47389 4.83114 5.24128 5.70666 6.22897 6.80855 7.44623 8.14239 8.89686 9.70881 10.5767 10.9783 11.1362 11.3229 11.5328 
11.6553 11.8844 12.1241 12.3674 12.6071 12.8362 13.0483 13.2381 13.4019 13.5383 13.6477 13.7327 13.797 13.8448 13.8802 13.9068 13.9274 13.9447 13.9603 13.9759 13.9924 14.0106 14.0311 14.0542 14.0801 14.1088 14.1403 14.1744 14.211 14.2499 14.2906 14.3331 14.3771 14.4222 14.4682 14.515 14.562 14.609 14.6562 14.7035 14.7512 14.7994 14.8485 14.8986 14.9497 15.0021 14.8377 14.1249 13.4275 12.7473 12.0858 11.4446 10.825 10.2281 9.65488 9.10614 8.58237 8.08391 7.61104 7.16389 6.74249 6.34671 5.97636 5.63111 5.31061 5.01443 4.74214 4.49328 4.26748 4.06438 3.88377 3.72556 3.58983 3.47677 3.38704 3.32143 3.28088 3.26657 3.27991 3.32255 3.39632 3.50321 3.64534 3.8251 4.04669 4.31346 4.6283 4.99397 5.41305 5.88784 6.41938 7.0084 7.6558 8.36189 9.12642 9.94845 10.8263 11.0959 11.2552 11.4435 11.6553 
11.7789 12.01 12.252 12.4979 12.7406 12.9731 13.1891 13.3833 13.5518 13.693 13.8073 13.8969 13.9653 14.0168 14.0553 14.0845 14.1075 14.1268 14.1442 14.1614 14.1794 14.1991 14.2211 14.2456 14.273 14.3032 14.3361 14.3718 14.4098 14.4501 14.4923 14.5362 14.5814 14.6277 14.6748 14.7226 14.7704 14.8181 14.8658 14.9134 14.9611 15.0091 15.0576 15.1071 15.1574 15.2085 15.0729 14.3527 13.648 12.9604 12.2917 11.6434 11.0168 10.4131 9.83322 9.278 8.74789 8.24333 7.7646 7.31186 6.88514 6.48433 6.10924 5.75957 5.43498 5.13504 4.85934 4.60746 4.37902 4.17371 3.99131 3.83178 3.6952 3.58198 3.49273 3.42816 3.38924 3.37715 3.39334 3.43945 3.51731 3.62894 3.77645 3.9622 4.19044 4.46445 4.7871 5.16113 5.58908 6.07297 6.6135 7.21185 7.86882 8.58467 9.35906 10.1909 11.0785 11.2146 11.3754 11.5653 11.7789 
11.9035 12.1365 12.3807 12.6291 12.8746 13.1104 13.3301 13.5284 13.7014 13.8473 13.9663 14.0603 14.1329 14.1879 14.2296 14.2616 14.2869 14.3082 14.3275 14.3464 14.3661 14.3874 14.4109 14.437 14.4659 14.4976 14.5322 14.5694 14.6091 14.6509 14.6947 14.74 14.7866 14.8342 14.8826 14.9314 14.9802 15.0287 15.0769 15.1249 15.1727 15.2206 15.2688 15.3176 15.367 15.417 15.3121 14.5845 13.8724 13.1775 12.5016 11.8461 11.2125 10.602 10.0155 9.45369 8.91723 8.40655 7.92196 7.46362 7.03157 6.62573 6.24591 5.89183 5.56314 5.25945 4.98037 4.72548 4.49442 4.2869 4.10275 3.94192 3.80463 3.69138 3.60264 3.53916 3.5019 3.49207 3.51114 3.56074 3.64273 3.75911 3.91199 4.10375 4.33861 4.61984 4.95026 5.3326 5.76934 6.2619 6.81134 7.41888 8.08528 8.81072 9.59477 10.4363 11.2063 11.3344 11.4966 11.6882 11.9035 
12.0291 12.264 12.5102 12.761 13.0092 13.2481 13.4713 13.6735 13.8508 14.0012 14.1246 14.223 14.2995 14.3582 14.4031 14.4377 14.4655 14.489 14.5102 14.5309 14.5523 14.5753 14.6004 14.6282 14.6588 14.6922 14.7285 14.7674 14.8087 14.8523 14.8977 14.9446 14.9927 15.0417 15.0914 15.1414 15.1913 15.2407 15.2896 15.338 15.3861 15.4339 15.4818 15.5312 15.5788 15.6277 15.5552 14.8202 14.1007 13.3985 12.7153 12.0528 11.4122 10.7948 10.2016 9.63319 9.09038 8.57358 8.08312 7.61918 7.1818 6.77093 6.38637 6.02787 5.6951 5.38767 5.10521 4.84732 4.61367 4.40398 4.21809 4.05603 3.91821 3.80496 3.71678 3.6544 3.61884 3.61131 3.63328 3.6864 3.77254 3.89368 4.05195 4.24971 4.49118 4.77959 5.11774 5.50833 5.9536 6.45463 7.01286 7.62948 8.30517 9.04004 9.83357 10.6845 11.326 11.4554 11.619 11.8121 12.0291 
12.1556 12.3922 12.6405 12.8935 13.1443 13.3861 13.6127 13.8186 14 14.1546 14.2824 14.3849 14.4654 14.5277 14.5756 14.6131 14.6433 14.669 14.6922 14.7148 14.738 14.7627 14.7897 14.8192 14.8515 14.8867 14.9248 14.9656 15.0087 15.0541 15.1012 15.1499 15.1996 15.2502 15.3013 15.3526 15.4037 15.4541 15.5038 15.5528 15.6011 15.649 15.6967 15.7445 15.7928 15.8405 15.8022 15.0599 14.333 13.6234 12.9331 12.2634 11.6159 10.9915 10.3915 9.81652 9.26734 8.74442 8.24808 7.77853 7.33583 6.91992 6.53063 6.16771 5.83086 5.51971 5.23388 4.973 4.73677 4.52492 4.33733 4.17424 4.03592 3.92271 3.83511 3.77388 3.74005 3.73484 3.75974 3.81641 3.90671 4.03263 4.19629 4.40005 4.64811 4.94367 5.28951 5.68828 6.14172 6.65112 7.21805 7.84363 8.52847 9.27262 10.0755 10.9356 11.4468 11.5775 11.7425 11.937 12.1556 
12.283 12.5213 12.7715 13.0266 13.2799 13.5245 13.7542 13.9636 14.1488 14.3076 14.4395 14.5461 14.6305 14.6962 14.7473 14.7876 14.8203 14.8482 14.8736 14.8981 14.9232 14.9497 14.9785 15.0099 15.0441 15.0812 15.1212 15.1639 15.209 15.2562 15.3053 15.3558 15.4073 15.4595 15.5121 15.5648 15.6172 15.6688 15.7194 15.769 15.8178 15.8659 15.9134 15.9608 16.0084 16.0553 16.0532 15.3034 14.5692 13.8523 13.1547 12.478 11.8234 11.1921 10.5852 10.0037 9.44813 8.91907 8.41686 7.94169 7.49366 7.0727 6.67868 6.31136 5.97043 5.65555 5.36636 5.10253 4.86373 4.64975 4.46061 4.29654 4.15776 4.04462 3.95763 3.89758 3.8655 3.86265 3.8905 3.95074 4.04522 4.17593 4.34498 4.55474 4.80936 5.11204 5.46553 5.87229 6.33367 6.85137 7.4269 8.06132 8.75519 9.50846 10.3204 11.1897 11.5687 11.7006 11.8669 12.0629 12.283 
12.4113 12.6512 12.9031 13.1603 13.4159 13.6631 13.8958 14.1086 14.2975 14.4601 14.596 14.7066 14.7947 14.8638 14.9181 14.9611 14.9964 15.0266 15.0541 15.0807 15.1077 15.1362 15.1669 15.2002 15.2364 15.2755 15.3175 15.3623 15.4094 15.4587 15.5098 15.5622 15.6156 15.6696 15.7239 15.7781 15.8319 15.8847 15.9364 15.9868 16.0361 16.0844 16.1319 16.1791 16.226 16.2721 16.3081 15.551 14.8093 14.0852 13.3804 12.6964 12.0347 11.3965 10.7828 10.1947 9.63275 9.09755 8.58945 8.10866 7.65529 7.22929 6.83054 6.4588 6.1138 5.79521 5.50268 5.23589 4.99455 4.77852 4.58795 4.42294 4.28371 4.17067 4.08432 4.02548 3.99519 3.99472 4.02555 4.08937 4.18804 4.32355 4.498 4.71374 4.97491 5.28468 5.64576 6.06018 6.52944 7.05535 7.63939 8.28255 8.98531 9.74756 10.5685 11.4467 11.6917 11.8248 11.9924 12.1897 12.4113 
12.5404 12.7819 13.0355 13.2946 13.5523 13.802 14.0375 14.2535 14.4458 14.6122 14.7519 14.8663 14.958 15.0306 15.0879 15.1338 15.1715 15.2041 15.2338 15.2625 15.2915 15.3221 15.3548 15.3901 15.4284 15.4696 15.5138 15.5606 15.61 15.6614 15.7146 15.7691 15.8245 15.8805 15.9365 15.9924 16.0477 16.1019 16.1546 16.2059 16.2559 16.3045 16.3522 16.3991 16.4456 16.4909 16.5367 15.8024 15.0534 14.322 13.6099 12.9187 12.2499 11.6047 10.9843 10.3895 9.82119 9.27985 8.76585 8.27944 7.82073 7.38968 6.9862 6.61006 6.26099 5.93869 5.64283 5.3731 5.12924 4.91132 4.71935 4.55342 4.41378 4.30085 4.21518 4.15757 4.1291 4.13103 4.16486 4.23229 4.33516 4.47548 4.65532 4.87703 5.14472 5.46154 5.83009 6.25195 6.72901 7.26307 7.85552 8.50731 9.21884 9.98992 10.8197 11.7069 11.8158 11.9501 12.1189 12.3174 12.5404 
12.6703 12.9132 13.1684 13.4293 13.6891 13.9411 14.1793 14.3982 14.5939 14.7638 14.9072 15.0252 15.1205 15.1964 15.2567 15.3054 15.3457 15.3807 15.4126 15.4435 15.4746 15.5073 15.5421 15.5796 15.62 15.6634 15.7098 15.759 15.8106 15.8643 15.9197 15.9764 16.034 16.092 16.1499 16.2076 16.2645 16.3202 16.3742 16.4265 16.4771 16.5263 16.5741 16.6209 16.6669 16.7117 16.7564 16.0578 15.3015 14.5627 13.8433 13.1449 12.4689 11.8168 11.1895 10.5882 10.0135 9.46597 8.94607 8.45404 7.98998 7.55389 7.14567 6.76512 6.412 6.086 5.78681 5.51415 5.26792 5.04815 4.8548 4.68797 4.54794 4.43516 4.35019 4.29384 4.26721 4.27156 4.30842 4.37946 4.48655 4.63167 4.81692 5.04458 5.31877 5.64261 6.01833 6.44756 6.93237 7.47449 8.07527 8.73557 9.45576 10.2355 11.074 11.8442 11.941 12.0763 12.2462 12.446 12.6703 
12.801 13.0453 13.302 13.5645 13.8262 14.0805 14.3211 14.5429 14.7417 14.9149 15.0618 15.1834 15.282 15.3612 15.4246 15.476 15.5189 15.5563 15.5905 15.6236 15.6569 15.6917 15.7287 15.7684 15.8111 15.8569 15.9056 15.9572 16.0112 16.0673 16.1251 16.1841 16.2439 16.3041 16.3641 16.4236 16.4823 16.5395 16.5949 16.6483 16.6999 16.7496 16.7976 16.8444 16.8901 16.9343 16.978 16.3171 15.5534 14.8073 14.0805 13.3749 12.6918 12.0327 11.3987 10.7907 10.2096 9.65592 9.13012 8.63245 8.16304 7.7219 7.30895 6.924 6.56682 6.23712 5.93463 5.65911 5.41061 5.18901 4.99429 4.82658 4.68619 4.57359 4.48933 4.43428 4.4095 4.4163 4.4562 4.53087 4.64218 4.79212 4.98275 5.21637 5.49703 5.8278 6.21045 6.64702 7.13951 7.68962 8.29862 8.96735 9.69607 10.4844 11.3316 11.9694 12.0671 12.2035 12.3745 12.5755 12.801 
12.9324 13.178 13.4361 13.7002 13.9637 14.22 14.463 14.6874 14.8891 15.0655 15.2158 15.3407 15.4427 15.525 15.5914 15.6456 15.6911 15.7309 15.7674 15.8028 15.8384 15.8754 15.9147 15.9567 16.0018 16.0499 16.1012 16.1552 16.2117 16.2703 16.3306 16.3921 16.4543 16.5167 16.5789 16.6404 16.701 16.7599 16.8168 16.8715 16.9239 16.9743 17.0228 17.0696 17.1151 17.1588 17.2016 16.5804 15.8093 15.0557 14.3216 13.6088 12.9186 12.2525 11.6117 10.997 10.4095 9.84971 9.318 8.81468 8.33992 7.89373 7.47605 7.0867 6.72546 6.39208 6.08629 5.80806 5.55729 5.33387 5.13781 4.96925 4.82852 4.71611 4.63261 4.57886 4.55597 4.56524 4.60818 4.6865 4.80204 4.9568 5.15281 5.39236 5.67947 6.01691 6.40646 6.8503 7.35041 7.90843 8.52558 9.20263 9.93977 10.7366 11.5925 12.0956 12.1943 12.3316 12.5037 12.7057 12.9324 
13.0646 13.3113 13.5707 13.8363 14.1014 14.3596 14.6048 14.8317 15.0362 15.2156 15.3691 15.4973 15.6024 15.6878 15.7571 15.8141 15.8622 15.9044 15.9433 15.981 16.0189 16.0582 16.0999 16.1443 16.1918 16.2425 16.2963 16.3529 16.412 16.4733 16.5362 16.6003 16.6649 16.7298 16.7942 16.8579 16.9205 16.9813 17.0398 17.0958 17.1493 17.2005 17.2495 17.2965 17.3418 17.3851 17.4271 16.8476 16.069 15.3081 14.5666 13.8465 13.1492 12.4762 11.8285 11.2073 10.6133 10.0473 9.5097 9.00074 8.52062 8.06938 7.64696 7.25321 6.88793 6.55087 6.24189 5.96098 5.70796 5.48275 5.28537 5.11597 4.97492 4.86273 4.77999 4.72758 4.70659 4.71834 4.76435 4.84633 4.96611 5.12567 5.32707 5.57253 5.86603 6.20993 6.60632 7.05739 7.56506 8.13091 8.75613 9.4414 10.1869 10.992 11.8568 12.2227 12.3224 12.4607 12.6337 12.8368 13.0646 
13.1973 13.4452 13.7058 13.9727 14.2394 14.4993 14.7466 14.9758 15.1829 15.3652 15.5216 15.6529 15.7612 15.8496 15.9217 15.9814 16.0321 16.0768 16.1181 16.1581 16.1984 16.2402 16.2842 16.3311 16.3812 16.4345 16.4909 16.5503 16.6122 16.6762 16.7418 16.8086 16.8759 16.9433 17.0102 17.0761 17.1408 17.2035 17.2638 17.3213 17.376 17.4281 17.4776 17.5249 17.5702 17.6131 17.6545 17.1186 16.3326 15.5642 14.8155 14.0881 13.3837 12.7037 12.0492 11.4213 10.821 10.2488 9.70524 9.19063 8.70515 8.24886 7.8217 7.42355 7.05423 6.71352 6.40146 6.11787 5.86263 5.63563 5.43694 5.26674 5.12538 5.01343 4.93148 4.88042 4.86135 4.8756 4.9247 5.01033 5.13436 5.29873 5.5055 5.75686 6.05655 6.40684 6.81004 7.26828 7.78344 8.35706 8.99026 9.68366 10.4373 11.2509 12.1244 12.3509 12.4514 12.5906 12.7645 12.9685 13.1973 
13.3308 13.5796 13.8413 14.1095 14.3775 14.6391 14.8883 15.1197 15.3292 15.5142 15.6735 15.8077 15.919 16.0103 16.0852 16.1476 16.2008 16.248 16.2918 16.3342 16.3769 16.4211 16.4677 16.5172 16.5699 16.6259 16.6851 16.7473 16.812 16.8789 16.9474 17.017 17.087 17.1571 17.2265 17.2949 17.3618 17.4266 17.4887 17.5478 17.6039 17.657 17.7072 17.7549 17.8009 17.8429 17.8836 17.3935 16.6001 15.8243 15.0682 14.3336 13.6221 12.935 12.2737 11.6392 11.0325 10.4541 9.90462 9.38436 8.89351 8.43215 8.00026 7.59772 7.22435 6.88012 6.56498 6.27874 6.02127 5.79251 5.59253 5.42153 5.2799 5.1682 5.08707 5.03737 5.02024 5.03701 5.08919 5.1785 5.30677 5.47595 5.68808 5.94532 6.25097 6.60763 7.01759 7.48295 8.00555 8.58687 9.22796 9.9294 10.6912 11.5132 12.3954 12.48 12.5813 12.7214 12.8961 13.101 13.3308 
13.4648 13.7145 13.9772 14.2465 14.5159 14.779 15.0298 15.2632 15.4751 15.6625 15.8246 15.9616 16.0757 16.1699 16.2476 16.3126 16.3684 16.418 16.4643 16.5091 16.5543 16.601 16.6502 16.7023 16.7578 16.8166 16.8787 16.9438 17.0115 17.0813 17.1528 17.2253 17.2983 17.3712 17.4433 17.5142 17.5834 17.6505 17.7146 17.7755 17.833 17.8872 17.9382 17.9863 18.0318 18.0751 18.1145 17.6723 16.8714 16.0883 15.3248 14.583 13.8643 13.1703 12.5022 11.861 11.2478 10.6633 10.1078 9.58191 9.0857 8.61928 8.18265 7.77572 7.39837 7.05067 6.73246 6.44357 6.18389 5.95339 5.75213 5.58036 5.43846 5.32704 5.24673 5.19842 5.18324 5.20254 5.25783 5.35081 5.48333 5.65731 5.87479 6.13774 6.44929 6.81228 7.22896 7.7014 8.23137 8.82032 9.46923 10.1786 10.9484 11.779 12.5501 12.6101 12.7121 12.8529 13.0285 13.2342 13.4648 
13.5993 13.8498 14.1135 14.3838 14.6543 14.9188 15.1712 15.4065 15.6204 15.8103 15.9749 16.1146 16.2315 16.3283 16.4087 16.4763 16.5346 16.5868 16.6355 16.6828 16.7305 16.7798 16.8316 16.8865 16.9448 17.0065 17.0716 17.1397 17.2105 17.2835 17.3581 17.4337 17.5097 17.5854 17.6604 17.734 17.8057 17.8751 17.9413 18.004 18.0631 18.1186 18.1706 18.2193 18.265 18.3075 18.3472 17.9549 17.1466 16.3561 15.5853 14.8362 14.1104 13.4094 12.7345 12.0867 11.467 10.8763 10.3149 9.78331 9.28172 8.81024 8.36888 7.95755 7.57632 7.22515 6.90389 6.61236 6.35049 6.11825 5.91574 5.7432 5.60106 5.48992 5.41046 5.36355 5.35035 5.37218 5.43058 5.52725 5.66401 5.84279 6.0656 6.33407 6.6515 7.02078 7.44414 7.9236 8.4609 9.0574 9.71406 10.4313 11.2144 12.0483 12.6804 12.7411 12.8438 12.9853 13.1615 13.368 13.5993 
13.7344 13.9856 14.25 14.5213 14.7929 15.0585 15.3125 15.5494 15.7653 15.9573 16.1243 16.2666 16.3861 16.4856 16.5685 16.6387 16.6995 16.7542 16.8054 16.8553 16.9055 16.9575 17.012 17.0697 17.1309 17.1956 17.2638 17.335 17.409 17.4852 17.5631 17.6419 17.721 17.7999 17.8778 17.9542 18.0285 18.1003 18.1688 18.2335 18.2943 18.3511 18.4042 18.4536 18.4997 18.5422 18.5815 18.2415 17.4258 16.6278 15.8497 15.0933 14.3604 13.6524 12.9706 12.3162 11.6901 11.0931 10.5258 9.98855 9.48159 9.00504 8.55894 8.14328 7.75821 7.40358 7.07926 6.78511 6.52106 6.28709 6.08334 5.91006 5.76768 5.65685 5.57825 5.53276 5.52154 5.54592 5.60744 5.70779 5.84879 6.03237 6.26042 6.5343 6.85757 7.23311 7.66312 8.14955 8.69411 9.29811 9.96244 10.6875 11.4735 12.321 12.8116 12.873 12.9763 13.1184 13.2953 13.5023 13.7344 
13.8699 14.1218 14.3869 14.6589 14.9314 15.1982 15.4534 15.692 15.9096 16.1037 16.2729 16.4176 16.5396 16.6416 16.7271 16.7998 16.8631 16.9202 16.974 17.0264 17.0793 17.1339 17.1912 17.2518 17.316 17.3838 17.4551 17.5297 17.607 17.6865 17.7677 17.8499 17.9323 18.0143 18.0953 18.1747 18.2518 18.3262 18.3971 18.4639 18.5265 18.5848 18.639 18.6892 18.7358 18.7785 18.8175 18.5319 17.7088 16.9034 16.118 15.3543 14.6143 13.8993 13.2107 12.5496 11.917 11.3139 10.7406 10.1976 9.68529 9.20368 8.75284 8.33295 7.94403 7.58595 7.25859 6.96182 6.69559 6.45991 6.25493 6.08092 5.93833 5.82781 5.75009 5.70603 5.6968 5.72374 5.78839 5.89242 6.03766 6.22602 6.45914 6.73841 7.0675 7.44927 7.88588 8.37924 8.931 9.54243 10.2144 10.9471 11.7414 12.5971 12.9438 13.0057 13.1096 13.2522 13.4297 13.6373 13.8699 
14.0059 14.2583 14.524 14.7967 15.07 15.3378 15.5942 15.8341 16.0534 16.2493 16.4207 16.5676 16.6919 16.7964 16.8843 16.9594 17.0251 17.0848 17.1411 17.1961 17.2517 17.3091 17.3692 17.4328 17.5001 17.5711 17.6457 17.7236 17.8043 17.8873 17.972 18.0576 18.1434 18.2288 18.313 18.3954 18.4754 18.5525 18.626 18.6951 18.7596 18.8196 18.875 18.9262 18.9733 19.0163 19.0551 18.8262 17.9957 17.1829 16.3901 15.6193 14.872 14.15 13.4546 12.7869 12.1479 11.5384 10.9592 10.4106 9.89285 9.40616 8.95065 8.52654 8.13378 7.77225 7.44185 7.14247 6.87408 6.6367 6.4305 6.25577 6.11299 6.0028 5.92597 5.88335 5.87612 5.90563 5.97341 6.08113 6.23061 6.42371 6.66175 6.9464 7.28128 7.66925 8.11241 8.61266 9.17157 9.79036 10.4698 11.2103 12.0128 12.8766 13.0769 13.1393 13.2436 13.3867 13.5647 13.7728 14.0059 
14.1422 14.3951 14.6613 14.9345 15.2085 15.4771 15.7345 15.9757 16.1965 16.3942 16.5675 16.7165 16.8431 16.9499 17.0401 17.1175 17.1856 17.2478 17.3066 17.3644 17.4227 17.4829 17.546 17.6126 17.683 17.7573 17.8353 17.9167 18.0009 18.0875 18.1758 18.265 18.3544 18.4432 18.5308 18.6164 18.6994 18.7793 18.8555 18.927 18.9936 19.0553 19.1122 19.1644 19.2122 19.2555 19.2943 19.1244 18.2865 17.4663 16.6662 15.8881 15.1337 14.4047 13.7024 13.028 12.3825 11.7669 11.1817 10.6274 10.1042 9.61249 9.15239 8.72406 8.32746 7.96249 7.62905 7.32707 7.05652 6.81746 6.61005 6.43462 6.29165 6.1818 6.10587 6.06471 6.05949 6.09158 6.16248 6.27389 6.4276 6.62531 6.86824 7.15824 7.49889 7.89302 8.34271 8.84979 9.41579 10.0419 10.7288 11.4771 12.2877 13.1595 13.2108 13.2736 13.3784 13.5219 13.7002 13.9087 14.1422 
14.279 14.5322 14.7987 15.0724 15.347 15.6163 15.8746 16.1168 16.339 16.5382 16.7133 16.8643 16.993 17.102 17.1944 17.2741 17.3446 17.4092 17.4706 17.5311 17.5922 17.6553 17.7214 17.7911 17.8648 17.9424 18.0239 18.1088 18.1968 18.2871 18.379 18.4719 18.565 18.6574 18.7485 18.8375 18.9237 19.0066 19.0855 19.1595 19.2284 19.292 19.3504 19.4038 19.4524 19.4961 19.5349 19.4265 18.5812 17.7536 16.9462 16.1608 15.3992 14.6632 13.9541 13.273 12.6211 11.9992 11.408 10.848 10.3195 9.82273 9.35805 8.92551 8.52507 8.15666 7.82019 7.51561 7.24292 7.00218 6.79358 6.61745 6.4743 6.36481 6.28979 6.2501 6.2469 6.28156 6.3556 6.47069 6.62863 6.83078 7.0786 7.37393 7.72033 8.12059 8.57676 9.09062 9.66367 10.297 10.9913 11.7475 12.5661 13.3268 13.3456 13.4088 13.5139 13.6577 13.8364 14.0452 14.279 
14.416 14.6695 14.9363 15.2103 15.4853 15.7552 16.0142 16.2574 16.4807 16.6814 16.8581 17.011 17.1417 17.2526 17.3472 17.4291 17.5019 17.569 17.633 17.6961 17.7601 17.8263 17.8954 17.9683 18.0453 18.1264 18.2114 18.3001 18.3918 18.4859 18.5817 18.6784 18.7753 18.8715 18.9662 19.0586 19.1482 19.2342 19.316 19.3927 19.4639 19.5295 19.5896 19.6443 19.6938 19.7381 19.777 19.7326 18.8798 18.0449 17.23 16.4374 15.6687 14.9256 14.2096 13.5219 12.8635 12.2354 11.6382 11.0725 10.5386 10.0369 9.56764 9.13088 8.72661 8.35475 8.01526 7.70809 7.43326 7.19085 6.98107 6.80426 6.66094 6.55182 6.47772 6.4395 6.43833 6.47557 6.55275 6.67152 6.83359 7.04013 7.29281 7.59347 7.94557 8.35194 8.81455 9.33515 9.91519 10.5557 11.2574 12.0215 12.848 13.4621 13.4812 13.5447 13.6501 13.7941 13.973 14.182 14.416 
14.5534 14.8069 15.0739 15.3482 15.6235 15.8938 16.1534 16.3974 16.6218 16.8237 17.0019 17.1565 17.2889 17.4017 17.4983 17.5824 17.6576 17.727 17.7936 17.8595 17.9264 17.9956 18.0679 18.1441 18.2245 18.3091 18.3979 18.4903 18.5858 18.6839 18.7837 18.8844 18.9852 19.0852 19.1837 19.2798 19.3728 19.4621 19.547 19.6265 19.7002 19.7679 19.8298 19.8859 19.9365 19.9815 20.0206 20.0425 19.1823 18.34 17.5178 16.7179 15.9421 15.192 14.4691 13.7747 13.1099 12.4755 11.8723 11.3009 10.7616 10.255 9.78116 9.34018 8.93206 8.55677 8.21426 7.90451 7.62754 7.38347 7.17251 6.99504 6.85156 6.74282 6.66964 6.6329 6.63377 6.6736 6.75391 6.87636 7.04242 7.25334 7.51087 7.81683 8.17462 8.58706 9.05607 9.58337 10.1703 10.818 11.5272 12.2991 13.1333 13.5983 13.6176 13.6819 13.7869 13.9311 14.1101 14.3192 14.5534 
14.691 14.9446 15.2116 15.4859 15.7614 16.032 16.2921 16.5368 16.762 16.965 17.1446 17.3007 17.4348 17.5494 17.6479 17.7341 17.8115 17.8834 17.9525 18.0211 18.091 18.1633 18.239 18.3184 18.4023 18.4906 18.5831 18.6794 18.7789 18.881 18.9849 19.0897 19.1946 19.2987 19.401 19.5009 19.5975 19.6901 19.7782 19.8607 19.937 20.0071 20.0709 20.1285 20.1816 20.226 20.2655 20.3004 19.4887 18.639 17.8095 17.0023 16.2193 15.4622 14.7325 14.0314 13.3601 12.7194 12.1103 11.5332 10.9886 10.477 9.99859 9.55339 9.14144 8.76272 8.41719 8.10486 7.82576 7.58004 7.36792 7.18978 7.04616 6.9378 6.86556 6.8303 6.8332 6.87562 6.95907 7.08517 7.25511 7.4704 7.73277 8.044 8.40746 8.82593 9.30131 9.83526 10.4291 11.0839 11.8006 12.5802 13.4221 13.7353 13.7548 13.8186 13.9243 14.0686 14.2476 14.4568 14.691 
14.8288 15.0823 15.3493 15.6236 15.8991 16.1699 16.4303 16.6755 16.9014 17.1054 17.2861 17.4436 17.5791 17.6954 17.7958 17.884 17.9636 18.0379 18.1096 18.181 18.2538 18.3293 18.4083 18.4913 18.5787 18.6707 18.7671 18.8674 18.971 19.0773 19.1853 19.2944 19.4035 19.5117 19.6181 19.7219 19.8222 19.9184 20.0098 20.0954 20.1745 20.247 20.3128 20.3721 20.4251 20.4721 20.5117 20.5466 19.7991 18.942 18.1051 17.2907 16.5005 15.7363 14.9997 14.292 13.6142 12.9673 12.3521 11.7693 11.2195 10.703 10.22 9.77053 9.35474 8.97258 8.62404 8.30913 8.02792 7.78055 7.56727 7.38847 7.24472 7.13675 7.06545 7.03168 7.03663 7.08164 7.16822 7.29785 7.47166 7.6913 7.9585 8.27499 8.64408 9.06855 9.55026 10.0908 10.6915 11.3533 12.0776 12.8648 13.7144 13.8732 13.8928 13.9566 14.0623 14.2066 14.3856 14.5947 14.8288 
14.9668 15.2201 15.4869 15.7611 16.0365 16.3073 16.5679 16.8134 17.0399 17.2447 17.4264 17.585 17.7219 17.8398 17.9419 18.0321 18.1138 18.1905 18.2648 18.339 18.4148 18.4935 18.5759 18.6625 18.7536 18.8494 18.9497 19.0541 19.1619 19.2725 19.3849 19.4983 19.6117 19.7242 19.8348 19.9426 20.0468 20.1467 20.2415 20.3304 20.4124 20.4875 20.5556 20.6167 20.671 20.719 20.7592 20.7943 20.1134 19.2489 18.4047 17.5829 16.7856 16.0144 15.2709 14.5564 13.8722 13.219 12.5978 12.0094 11.4543 10.9328 10.4452 9.99159 9.57196 9.18636 8.83481 8.51733 8.23401 7.98499 7.77056 7.59112 7.44723 7.33966 7.26931 7.23704 7.24403 7.29163 7.38134 7.51438 7.69205 7.91604 8.18805 8.50977 8.88447 9.31492 9.80291 10.35 10.9575 11.6264 12.3582 13.153 14.0102 14.0119 14.0314 14.0952 14.2008 14.345 14.5239 14.7329 14.9668 
15.1049 15.3579 15.6244 15.8983 16.1736 16.4443 16.7049 16.9506 17.1775 17.383 17.5655 17.725 17.8632 17.9824 18.0863 18.1783 18.2622 18.3412 18.418 18.495 18.5739 18.6559 18.7418 18.8321 18.9269 19.0266 19.131 19.2395 19.3517 19.4666 19.5835 19.7014 19.8192 19.9361 20.0511 20.1631 20.2713 20.375 20.4735 20.5657 20.6508 20.7286 20.799 20.862 20.918 20.9669 21.008 21.0433 20.4316 19.5597 18.7081 17.8791 17.0746 16.2964 15.546 14.8248 14.134 13.4746 12.8475 12.2534 11.693 11.1666 10.6744 10.2166 9.79309 9.40406 9.0495 8.72945 8.44402 8.19337 7.97779 7.79771 7.6537 7.54653 7.47713 7.44636 7.4554 7.50558 7.59836 7.73476 7.91628 8.1446 8.4214 8.74834 9.12863 9.56501 10.0593 10.6129 11.2271 11.9032 12.6424 13.4447 14.1776 14.1513 14.1708 14.2344 14.3399 14.4839 14.6626 14.8713 15.1049 
