# Please cite arXiv:2008.01110
# The chisq test statistic between a given point in parameter space and the data including a marginalization over theta23, delta, and Dmsq31 for a fixed MO
# The first two rows define the grid:
#   |eps|
#   phi
# The remaining rows are the chisq test statistic where the first row is at |eps|=0 and at increasing values of phi. The remaining rows are increasing values of |eps|.
0 0.01 0.02 0.03 0.04 0.05 0.06 0.07 0.08 0.09 0.1 0.11 0.12 0.13 0.14 0.15 0.16 0.17 0.18 0.19 0.2 0.21 0.22 0.23 0.24 0.25 0.26 0.27 0.28 0.29 0.3 0.31 0.32 0.33 0.34 0.35 0.36 0.37 0.38 0.39 0.4 0.41 0.42 0.43 0.44 0.45 0.46 0.47 0.48 0.49 0.5 0.51 0.52 0.53 0.54 0.55 0.56 0.57 0.58 0.59 0.6 0.61 0.62 0.63 0.64 0.65 0.66 0.67 0.68 0.69 0.7 0.71 0.72 0.73 0.74 0.75 0.76 0.77 0.78 0.79 0.8 0.81 0.82 0.83 0.84 0.85 0.86 0.87 0.88 0.89 0.9 0.91 0.92 0.93 0.94 0.95 0.96 0.97 0.98 0.99 1 
0 0.0628319 0.125664 0.188496 0.251327 0.314159 0.376991 0.439823 0.502655 0.565487 0.628319 0.69115 0.753982 0.816814 0.879646 0.942478 1.00531 1.06814 1.13097 1.19381 1.25664 1.31947 1.3823 1.44513 1.50796 1.5708 1.63363 1.69646 1.75929 1.82212 1.88496 1.94779 2.01062 2.07345 2.13628 2.19911 2.26195 2.32478 2.38761 2.45044 2.51327 2.57611 2.63894 2.70177 2.7646 2.82743 2.89027 2.9531 3.01593 3.07876 3.14159 3.20442 3.26726 3.33009 3.39292 3.45575 3.51858 3.58142 3.64425 3.70708 3.76991 3.83274 3.89557 3.95841 4.02124 4.08407 4.1469 4.20973 4.27257 4.3354 4.39823 4.46106 4.52389 4.58673 4.64956 4.71239 4.77522 4.83805 4.90088 4.96372 5.02655 5.08938 5.15221 5.21504 5.27788 5.34071 5.40354 5.46637 5.5292 5.59203 5.65487 5.7177 5.78053 5.84336 5.90619 5.96903 6.03186 6.09469 6.15752 6.22035 6.28319 
5.8131 5.8131 5.8131 5.8131 5.8131 5.8131 5.8131 5.8131 5.8131 5.8131 5.8131 5.8131 5.8131 5.8131 5.8131 5.8131 5.8131 5.8131 5.8131 5.8131 5.8131 5.8131 5.8131 5.8131 5.8131 5.8131 5.8131 5.8131 5.8131 5.8131 5.8131 5.8131 5.8131 5.8131 5.8131 5.8131 5.8131 5.8131 5.8131 5.8131 5.8131 5.8131 5.8131 5.8131 5.8131 5.8131 5.8131 5.8131 5.8131 5.8131 5.8131 5.8131 5.8131 5.8131 5.8131 5.8131 5.8131 5.8131 5.8131 5.8131 5.8131 5.8131 5.8131 5.8131 5.8131 5.8131 5.8131 5.8131 5.8131 5.8131 5.8131 5.8131 5.8131 5.8131 5.8131 5.8131 5.8131 5.8131 5.8131 5.8131 5.8131 5.8131 5.8131 5.8131 5.8131 5.8131 5.8131 5.8131 5.8131 5.8131 5.8131 5.8131 5.8131 5.8131 5.8131 5.8131 5.8131 5.8131 5.8131 5.8131 5.8131 
5.90254 5.90025 5.8976 5.89461 5.89128 5.88763 5.88368 5.87943 5.87492 5.87015 5.86516 5.85996 5.85458 5.84903 5.84335 5.83756 5.83169 5.82577 5.81981 5.81385 5.80791 5.80202 5.79625 5.79048 5.78489 5.77945 5.77417 5.76909 5.76421 5.75957 5.75518 5.75105 5.7472 5.74364 5.74039 5.73746 5.73484 5.73256 5.73061 5.72901 5.72775 5.72684 5.72627 5.72604 5.72616 5.72662 5.72741 5.72853 5.72998 5.73174 5.7338 5.73617 5.73882 5.74175 5.74495 5.7484 5.75209 5.75602 5.76016 5.7645 5.76903 5.77374 5.7786 5.7836 5.78873 5.79397 5.79929 5.80469 5.81015 5.81564 5.82115 5.82666 5.83214 5.83759 5.84297 5.84827 5.85347 5.85855 5.86349 5.88372 5.87285 5.87724 5.88141 5.88534 5.88901 5.89241 5.89552 5.89833 5.90081 5.90297 5.90478 5.90624 5.90733 5.90806 5.90841 5.90838 5.90797 5.90718 5.90601 5.90446 5.90254 
6.0014 5.9969 5.99163 5.98561 5.97885 5.9714 5.96327 5.95452 5.94517 5.93528 5.92488 5.91404 5.9028 5.89122 5.87936 5.86727 5.85502 5.84267 5.83027 5.81789 5.8056 5.79344 5.78148 5.76977 5.75837 5.74733 5.7367 5.72652 5.71684 5.70769 5.69911 5.69112 5.68376 5.67704 5.67099 5.66561 5.66092 5.65692 5.65362 5.65101 5.6491 5.64786 5.6473 5.6474 5.64816 5.64954 5.65154 5.65414 5.65732 5.66105 5.66533 5.67013 5.67542 5.6812 5.68743 5.6941 5.70118 5.70866 5.71652 5.72473 5.73328 5.74214 5.75129 5.76071 5.77037 5.78026 5.79034 5.80058 5.81097 5.82147 5.83205 5.84268 5.85332 5.86394 5.8745 5.88497 5.89529 5.90545 5.91538 5.92506 5.93443 5.94345 5.95209 5.9603 5.96804 5.97527 5.98195 5.98803 5.9935 5.99831 6.00243 6.00583 6.0085 6.0104 6.01152 6.01186 6.01138 6.0101 6.00801 6.0051 6.0014 
6.10894 6.10232 6.09447 6.08539 6.07515 6.06377 6.0513 6.03781 6.02337 6.00804 5.99189 5.97502 5.95752 5.93946 5.92096 5.9021 5.883 5.86375 5.84446 5.82524 5.80617 5.78738 5.76895 5.75098 5.73355 5.71677 5.70069 5.68541 5.67097 5.65745 5.64489 5.63333 5.6228 5.61334 5.60497 5.59768 5.59149 5.58638 5.58236 5.57939 5.57747 5.57656 5.57663 5.57766 5.57959 5.58241 5.58606 5.59052 5.59573 5.60168 5.60831 5.6156 5.62351 5.63202 5.64109 5.65071 5.66084 5.67147 5.68257 5.69413 5.70613 5.71855 5.73137 5.74457 5.75814 5.77205 5.78627 5.80079 5.81557 5.83058 5.84578 5.86114 5.8766 5.89213 5.90767 5.92316 5.93856 5.95378 5.96878 5.98348 5.99782 6.01172 6.02511 6.03793 6.05009 6.06154 6.07219 6.08199 6.09088 6.09878 6.10565 6.11144 6.11609 6.11957 6.12184 6.12287 6.12264 6.12114 6.11836 6.11429 6.10894 
6.22404 6.21543 6.20507 6.19301 6.17929 6.16397 6.14709 6.12874 6.10901 6.08798 6.06581 6.04259 6.01845 5.99354 5.96799 5.94195 5.91556 5.88898 5.86237 5.83587 5.80965 5.78386 5.75863 5.73412 5.71045 5.68776 5.66615 5.64574 5.62661 5.60885 5.59253 5.57769 5.56437 5.55261 5.54241 5.53378 5.52669 5.52113 5.51705 5.51443 5.51319 5.51329 5.51467 5.51724 5.52096 5.52574 5.53152 5.53822 5.5458 5.55418 5.56331 5.57314 5.58363 5.59474 5.60644 5.6187 5.6315 5.64482 5.65866 5.673 5.68784 5.70317 5.719 5.73532 5.75212 5.7694 5.78714 5.80532 5.82394 5.84294 5.86231 5.882 5.90197 5.92214 5.94246 5.96286 5.98325 6.00356 6.02368 6.04353 6.06303 6.08201 6.10042 6.11814 6.13506 6.15107 6.16608 6.17998 6.19267 6.20406 6.21406 6.22258 6.22954 6.23489 6.23857 6.24055 6.24079 6.23927 6.23597 6.23089 6.22404 
6.34477 6.33428 6.32154 6.30659 6.28948 6.27028 6.24906 6.22592 6.20095 6.17427 6.14601 6.11631 6.08532 6.05323 6.02027 5.98666 5.9526 5.91829 5.88395 5.8498 5.81604 5.78289 5.75055 5.71921 5.68908 5.66032 5.63308 5.60752 5.58376 5.5619 5.54204 5.52422 5.5085 5.49489 5.4834 5.474 5.46666 5.46133 5.45792 5.45636 5.45655 5.45836 5.59810 5.73785 5.4723 5.47948 5.48775 5.49704 5.50724 5.51828 5.53007 5.54256 5.55566 5.56935 5.58356 5.59826 5.61343 5.62904 5.64509 5.6616 5.67864 5.69621 5.71435 5.73307 5.7524 5.77237 5.79296 5.8142 5.83607 5.85856 5.88164 5.90526 5.92939 5.95395 5.97886 6.00404 6.02938 6.05477 6.08009 6.10521 6.12999 6.15429 6.17796 6.20086 6.22284 6.24374 6.26342 6.28166 6.29835 6.31336 6.3266 6.33796 6.34736 6.35473 6.35998 6.36307 6.36395 6.36257 6.35892 6.35299 6.34477 
6.47041 6.45814 6.44311 6.42535 6.40491 6.38187 6.35632 6.32837 6.29813 6.26575 6.23138 6.19518 6.15735 6.11808 6.07759 6.03611 5.99403 5.95163 5.90919 5.867 5.82534 5.78448 5.74471 5.70629 5.66946 5.63446 5.60149 5.57076 5.54242 5.5166 5.49342 5.47293 5.4552 5.44023 5.42799 5.41846 5.41154 5.40712 5.40496 5.40493 5.40691 5.41078 5.4164 5.42362 5.4323 5.44229 5.45346 5.46567 5.4788 5.49272 5.50733 5.52255 5.53829 5.5545 5.57112 5.58812 5.60548 5.6232 5.64127 5.65971 5.67855 5.6978 5.71754 5.73793 5.75906 5.781 5.80377 5.82742 5.85196 5.8774 5.90372 5.93088 5.95885 5.98753 6.01685 6.04669 6.07693 6.10741 6.13799 6.1685 6.19874 6.22854 6.25771 6.28604 6.31328 6.33915 6.36348 6.38612 6.4069 6.4257 6.44236 6.45677 6.46881 6.47838 6.4854 6.48977 6.49145 6.49038 6.48653 6.47987 6.47041 
6.60038 6.58645 6.56922 6.54872 6.52503 6.49821 6.46837 6.43563 6.40013 6.36202 6.32148 6.27872 6.23394 6.18739 6.13931 6.09 6.03972 5.98891 5.93803 5.88746 5.83755 5.78866 5.74115 5.69535 5.6516 5.61019 5.57139 5.53545 5.50258 5.47295 5.44667 5.42385 5.40451 5.38866 5.37636 5.36717 5.36106 5.3578 5.35724 5.35924 5.36361 5.37018 5.37874 5.38909 5.40103 5.41435 5.42886 5.44438 5.46074 5.47778 5.49537 5.51338 5.53174 5.55037 5.56921 5.58825 5.60747 5.62688 5.64652 5.66643 5.68666 5.70727 5.72834 5.74994 5.77216 5.79533 5.81958 5.84498 5.8716 5.89944 5.92853 5.95884 5.99031 6.02288 6.05642 6.09081 6.12589 6.16149 6.19739 6.23339 6.26925 6.30474 6.33958 6.37336 6.4058 6.43669 6.46584 6.49303 6.51809 6.54082 6.56108 6.5787 6.59353 6.60547 6.61438 6.62019 6.6228 6.62217 6.61823 6.61097 6.60038 
6.73415 6.71865 6.69932 6.67618 6.64931 6.61879 6.58472 6.54725 6.50651 6.46269 6.41598 6.3666 6.31482 6.26089 6.20512 6.14782 6.08934 6.03005 5.97044 5.91116 5.85268 5.79543 5.73987 5.68643 5.63552 5.58752 5.54278 5.5016 5.46425 5.43094 5.40181 5.37697 5.35645 5.34024 5.32804 5.31953 5.31459 5.31305 5.31472 5.31939 5.32682 5.33674 5.34888 5.36297 5.37944 5.39591 5.41423 5.43345 5.45336 5.47375 5.49446 5.51535 5.53629 5.55723 5.5781 5.59889 5.61961 5.6403 5.66103 5.68187 5.70292 5.72429 5.7461 5.76846 5.79149 5.81531 5.84028 5.86673 5.89476 5.92444 5.95581 5.98885 6.02352 6.05972 6.09735 6.13623 6.17616 6.21692 6.25826 6.29989 6.34151 6.38281 6.42322 6.46244 6.50021 6.53626 6.57035 6.60224 6.6317 6.65852 6.68249 6.70344 6.72119 6.7356 6.74654 6.75389 6.75755 6.75745 6.75354 6.74578 6.73415 
6.87125 6.85427 6.83292 6.80723 6.77727 6.74313 6.70491 6.66277 6.61686 6.56737 6.51451 6.45854 6.39972 6.33836 6.27481 6.20942 6.14259 6.07476 6.00636 5.93808 5.87071 5.8048 5.7409 5.67954 5.62123 5.56646 5.51566 5.46921 5.42742 5.39057 5.35883 5.3323 5.31104 5.29467 5.35024 5.27538 5.27217 5.27297 5.27752 5.28554 5.29669 5.31063 5.32702 5.34548 5.36566 5.38722 5.40982 5.43314 5.45692 5.48091 5.50489 5.52869 5.5522 5.57531 5.598 5.62024 5.6421 5.66363 5.68493 5.70613 5.72735 5.74879 5.77062 5.79304 5.81623 5.84038 5.86563 5.89242 5.92124 5.9522 5.98535 6.02072 6.05826 6.09787 6.13941 6.18269 6.22745 6.27343 6.32031 6.36774 6.41535 6.46241 6.50847 6.55324 6.59643 6.63775 6.6769 6.71359 6.74756 6.77856 6.80636 6.83073 6.85149 6.86847 6.88151 6.89048 6.89527 6.8958 6.892 6.88383 6.87125 
7.01125 6.99288 6.96959 6.94143 6.90847 6.87079 6.82852 6.7818 6.73079 6.67569 6.61675 6.55421 6.48838 6.41959 6.34821 6.27465 6.19936 6.12283 6.04558 5.96819 5.89165 5.81678 5.74424 5.67469 5.60876 5.54703 5.49005 5.43827 5.3921 5.35185 5.31773 5.28986 5.26803 5.25166 5.24062 5.23477 5.23388 5.23765 5.24575 5.25779 5.27336 5.29203 5.31332 5.3368 5.362 5.38849 5.41584 5.44355 5.47127 5.499 5.52649 5.55354 5.58 5.60484 5.62911 5.65251 5.67511 5.69696 5.71823 5.7391 5.75982 5.78064 5.80213 5.82362 5.84631 5.87014 5.89531 5.92205 5.95101 5.98268 6.01714 6.05443 6.09452 6.1373 6.18259 6.23017 6.27975 6.33098 6.38348 6.43684 6.49037 6.54328 6.59517 6.64567 6.6944 6.74108 6.78537 6.82695 6.86552 6.90077 6.93245 6.96032 6.98416 7.00376 7.01897 7.02963 7.03562 7.03684 7.03322 7.0247 7.01125 
7.1538 7.13409 7.10895 7.0784 7.04252 7.00141 6.95517 6.90395 6.84794 6.78733 6.72237 6.65333 6.58053 6.50433 6.42512 6.34335 6.25953 6.1742 6.08795 6.00142 5.91547 5.83136 5.74991 5.6719 5.59811 5.52924 5.46594 5.4088 5.35828 5.31477 5.27851 5.24956 5.6591 5.21121 5.20147 5.19775 5.19977 5.20716 5.21948 5.23626 5.25696 5.28105 5.30788 5.33581 5.36559 5.3967 5.42863 5.46092 5.49314 5.52493 5.556 5.5861 5.61508 5.64283 5.66932 5.69452 5.71851 5.74026 5.7609 5.78084 5.80041 5.81993 5.83976 5.86026 5.88176 5.9046 5.92907 5.95545 6.80552 6.01585 6.05113 6.08995 6.13227 6.17797 6.22686 6.27867 6.33303 6.38955 6.44775 6.50709 6.56649 6.62534 6.68318 6.73955 6.79402 6.84616 6.89567 6.9422 6.98541 7.02498 7.0606 7.09201 7.11896 7.14124 7.15865 7.17105 7.17828 7.18025 7.17686 7.16805 7.1538 
7.29887 7.27783 7.25082 7.21788 7.17912 7.13464 7.08452 7.02891 6.96799 6.90197 6.83109 6.75563 6.67593 6.59237 6.50535 6.41537 6.32298 6.22877 6.1334 6.03761 5.94218 5.84856 5.75792 5.67119 5.5893 5.51309 5.44336 5.38079 5.32596 5.27932 5.24116 5.21113 5.18855 5.17336 5.16539 5.16436 5.16991 5.18157 5.19881 5.22104 5.24697 5.27549 5.30716 5.3413 5.37723 5.4143 5.45191 5.48949 5.52654 5.56264 5.59743 5.63064 5.66209 5.69165 5.71923 5.74487 5.76874 5.79107 5.81217 5.83144 5.84918 5.86672 5.88449 5.90296 5.92257 5.94375 5.96689 5.99232 6.02033 6.05169 6.08729 6.12723 6.17146 6.21986 6.2722 6.32815 6.38729 6.44912 6.51311 6.57836 6.64369 6.70856 6.77243 6.83478 6.8951 6.95289 7.00769 7.05922 7.10712 7.15103 7.19062 7.2256 7.2557 7.2807 7.30042 7.31465 7.32324 7.32604 7.32295 7.31391 7.29887 
7.44673 7.42438 7.39551 7.36016 7.31844 7.27047 7.21639 7.15639 7.09066 7.01932 6.94262 6.86085 6.77434 6.68349 6.58872 6.49056 6.38958 6.28644 6.18187 6.07667 5.97173 5.86837 5.76828 5.67258 5.58234 5.4986 5.42229 5.35425 5.29514 5.24551 5.20562 5.17458 5.1521 5.13812 5.13242 5.13464 5.14434 5.16094 5.18394 5.21011 5.24122 5.27645 5.315 5.35602 5.39873 5.44234 5.48613 5.52944 5.57166 5.61231 5.65097 5.68733 5.72118 5.75229 5.78064 5.80635 5.82964 5.85083 5.87029 5.88848 5.9059 5.92104 5.93603 5.95175 5.96877 5.98761 6.00875 6.03264 6.05962 6.09015 6.12559 6.16624 6.21207 6.26295 6.31859 6.3786 6.4425 6.50969 6.57953 6.65062 6.72196 6.79292 6.86291 6.93131 6.99755 7.06107 7.12134 7.17792 7.23053 7.27881 7.3224 7.36109 7.39456 7.42251 7.44469 7.46086 7.47086 7.47454 7.47178 7.46253 7.44673 
7.59713 7.5735 7.54281 7.5051 7.46048 7.40906 7.35101 7.28651 7.21581 7.13915 7.05674 6.96875 6.87554 6.77749 6.67505 6.56876 6.45922 6.34713 6.23329 6.11859 6.00402 5.89079 5.781 5.67607 5.57725 5.48578 5.40276 5.32917 5.26582 5.21332 5.1717 5.13989 5.11786 5.10551 5.10257 5.10862 5.12309 5.14533 5.17151 5.2044 5.24267 5.28537 5.3315 5.38011 5.43024 5.48106 5.53175 5.58143 5.62934 5.67484 5.71745 5.75683 5.79273 5.82496 5.85369 5.87909 5.90135 5.92084 5.93806 5.95356 5.96796 5.98191 5.99441 6.00665 6.02034 6.03614 6.05464 6.07637 6.10177 6.1312 6.364 6.20694 6.25407 6.30719 6.36599 6.43 6.49865 6.57124 6.64689 6.72386 6.80126 6.8784 6.95457 7.0291 7.10133 7.17064 7.23644 7.2982 7.35555 7.40838 7.4563 7.49891 7.53583 7.56675 7.59139 7.60951 7.62094 7.62551 7.62311 7.61366 7.59713 
7.74988 7.72499 7.6925 7.65247 7.60513 7.55017 7.4882 7.41927 7.34362 7.26151 7.17325 7.07914 6.97933 6.87418 6.76417 6.64981 6.53175 6.41071 6.28755 6.16326 6.03893 5.9158 5.79609 5.68167 5.57405 5.47464 5.38477 5.30556 5.23799 5.18277 5.1394 5.10707 5.08583 5.07554 5.07587 5.08632 5.1058 5.13137 5.16484 5.20522 5.25141 5.30231 5.35683 5.41418 5.47314 5.53248 5.59104 5.64779 5.70185 5.75249 5.79916 5.84146 5.87903 5.91179 5.93995 5.96386 5.98406 6.0012 6.01556 6.0277 6.03836 6.04834 6.05847 6.06766 6.0773 6.08935 6.10454 6.1235 6.14676 6.17476 6.20842 6.24929 6.29741 6.35257 6.41438 6.48233 6.55571 6.63375 6.71516 6.79805 6.88158 6.96495 7.04738 7.12809 7.20638 7.28153 7.35292 7.42 7.48251 7.54013 7.59242 7.63896 7.67934 7.71323 7.74034 7.76043 7.77329 7.77877 7.77674 7.76712 7.74988 
7.90482 7.8787 7.84444 7.80209 7.75177 7.69361 7.62777 7.55447 7.47393 7.38643 7.29229 7.19187 7.08552 6.9734 6.85586 6.73342 6.60675 6.47668 6.34412 6.21017 6.07601 5.94296 5.81317 5.68916 5.57274 5.46517 5.36831 5.28343 5.21165 5.15377 5.10873 5.07613 5.05602 5.04822 5.05233 5.06776 5.09058 5.12294 5.16401 5.21261 5.2675 5.32789 5.39264 5.46016 5.52893 5.59751 5.66456 5.72889 5.7895 5.84554 5.89639 5.94157 5.98066 6.01366 6.04082 6.0626 6.07964 6.09275 6.1029 6.11093 6.11714 6.12241 6.12771 6.13404 6.13961 6.14721 6.15841 6.17398 6.19455 6.22066 6.25287 6.29326 6.34206 6.39903 6.46374 6.53555 6.61368 6.6972 6.78431 6.87317 6.96289 7.05255 7.1413 7.22827 7.31265 7.3937 7.47079 7.54362 7.61153 7.67397 7.73065 7.78111 7.82496 7.86183 7.89142 7.91348 7.92779 7.93418 7.93253 7.92276 7.90482 
8.06187 8.03453 7.99851 7.95387 7.90074 7.83924 7.76957 7.69193 7.60656 7.51375 7.4138 7.30708 7.19399 7.07478 6.94962 6.81908 6.68385 6.54478 6.40284 6.25917 6.11509 5.97205 5.83207 5.69825 5.57261 5.45703 5.35324 5.26274 5.1868 5.12623 5.64096 5.04707 5.02843 5.02355 5.03197 5.05068 5.07977 5.11963 5.16904 5.22671 5.29211 5.36373 5.43975 5.51833 5.59772 5.67626 5.75243 5.82487 5.89242 5.96418 6.00929 6.0573 6.09775 6.13069 6.15644 6.17554 6.18876 6.19706 6.20158 6.20358 6.20433 6.20412 6.20383 6.20462 6.20728 6.20969 6.21623 6.22778 6.24509 6.26875 6.29928 6.33879 6.38798 6.44656 6.51403 6.58965 6.67252 6.76154 6.85433 6.94921 7.04516 7.14119 7.23631 7.32958 7.42012 7.50716 7.59037 7.66905 7.74243 7.80981 7.87087 7.92528 7.9726 8.01247 8.04455 8.06859 8.08435 8.09167 8.09042 8.0805 8.06187 
8.22099 8.19244 8.15466 8.10774 8.0518 7.98699 7.9135 7.83155 7.74139 7.6433 7.53761 7.42465 7.3046 7.17796 7.04524 6.90667 6.76295 6.61493 6.46362 6.31023 6.15617 6.00303 5.85279 5.70896 5.57402 5.45014 5.33929 5.24322 5.16336 5.10017 5.05227 5.01989 5.00307 5.00155 5.01399 5.03716 5.0734 5.12147 5.18006 5.24883 5.32617 5.41001 5.49824 5.58877 5.6796 5.76885 5.85477 5.93584 6.01072 6.07836 6.13797 6.18877 6.23041 6.263 6.2869 6.30277 6.3115 6.31423 6.31228 6.30711 6.30034 6.2935 6.28683 6.2813 6.27821 6.27677 6.27795 6.28486 6.29835 6.3191 6.3476 6.38585 6.43512 6.49511 6.56522 6.6446 6.73222 6.8267 6.9252 7.02614 7.12838 7.23083 7.33238 7.43201 7.52876 7.6222 7.71167 7.79624 7.87512 7.94755 8.01304 8.0714 8.12221 8.16507 8.19966 8.22569 8.24293 8.2512 8.25035 8.2403 8.22099 
8.38217 8.3524 8.31287 8.26367 8.20493 8.13681 8.0595 7.97325 7.87832 7.775 7.66359 7.54419 7.41717 7.2831 7.1426 6.99609 6.84396 6.68705 6.52641 6.3633 6.19921 6.03589 5.87535 5.72131 5.57688 5.44451 5.32648 5.22479 5.14107 5.0755 5.02648 4.99458 4.97993 4.9822 4.99774 5.02744 5.07149 5.12851 5.19828 5.27946 5.36974 5.46678 5.56817 5.67155 5.77466 5.87535 5.97168 6.06189 6.14452 6.21836 6.28251 6.33608 6.37876 6.41069 6.4323 6.44437 6.44795 6.44433 6.43504 6.42179 6.40641 6.39082 6.37669 6.36405 6.35411 6.34834 6.34358 6.34525 6.35439 6.37176 6.39791 6.43457 6.4837 6.54491 6.61752 6.70057 6.79286 6.89267 6.99688 7.10393 7.21253 7.32144 7.42948 7.53552 7.63878 7.73883 7.83461 7.92513 8.00955 8.08709 8.1571 8.21943 8.27374 8.31963 8.35674 8.38479 8.40352 8.41275 8.41232 8.40214 8.38217 
8.54542 8.51444 8.47316 8.42168 8.36012 8.28868 8.20755 8.117 8.0173 7.90876 7.79144 7.66555 7.5316 7.39014 7.24179 7.08726 6.92679 6.76107 6.59115 6.41833 6.2442 6.07062 5.89973 5.7353 5.58119 5.44017 5.31484 5.20746 5.11992 5.05201 5.00227 4.97115 4.95901 4.9649 4.98469 5.02152 5.07404 5.14171 5.22404 5.31862 5.42285 5.53408 5.64959 5.76673 5.88295 5.99585 6.54883 6.20312 6.2939 6.37422 6.44302 6.49933 6.54288 6.57383 6.59272 6.60043 6.59815 6.5874 6.56991 6.54763 6.52267 6.49722 6.47349 6.45296 6.43557 6.42284 6.41347 6.40933 6.41358 6.42709 6.45048 6.48528 6.53399 6.59624 6.67125 6.75791 6.85485 6.9598 7.06951 7.18257 7.29757 7.41302 7.5276 7.64015 7.75029 7.85701 7.95915 8.05568 8.14569 8.22837 8.30303 8.36935 8.42719 8.47612 8.51579 8.54588 8.56613 8.57633 8.57634 8.56606 8.54542 
8.71079 8.6786 8.63556 8.58177 8.51739 8.44261 8.35765 8.26278 8.15831 8.04441 7.92105 7.78868 7.64781 7.49899 7.34286 7.18012 7.01137 6.83691 6.65777 6.47528 6.29109 6.1072 5.92592 5.75096 5.58698 5.43714 5.30436 5.19125 5.09991 5.02986 4.97945 4.94959 4.94031 4.94891 4.97484 5.0194 5.08146 5.16147 5.25734 5.36633 5.48553 5.61194 5.74254 5.87436 6.00455 6.1304 6.24948 6.3596 6.45894 6.546 6.61957 6.6786 6.72285 6.75252 6.76823 6.77099 6.76217 6.74348 6.71691 6.68467 6.64913 6.61279 6.57836 6.54837 6.5228 6.50238 6.4877 6.47712 6.47593 6.48509 6.5053 6.53793 6.58596 6.64909 6.72639 6.81662 6.91823 7.02822 7.1434 7.26232 7.38352 7.50552 7.6267 7.74612 7.86324 7.9767 8.08527 8.18786 8.28351 8.37139 8.45076 8.52115 8.58255 8.63457 8.67682 8.70898 8.73078 8.74199 8.74246 8.73207 8.71079 
8.87831 8.84491 8.80011 8.74401 8.67678 8.59863 8.50981 8.4106 8.30131 8.18182 8.05239 7.91353 7.76574 7.6096 7.44571 7.27478 7.09762 6.9145 6.72621 6.53409 6.33986 6.14562 5.95388 5.7683 5.59427 5.43542 5.29508 5.17616 5.08103 5.00858 4.95801 4.92976 4.92382 4.93558 4.96819 5.02108 5.09449 5.1878 5.2982 5.4226 5.55778 5.70039 5.84706 5.99449 6.13948 6.27903 6.41014 6.53057 6.63851 6.73247 6.81097 6.873 6.91823 6.9467 6.95889 6.95612 6.94005 6.91263 6.87608 6.83291 6.78579 6.7377 6.69169 6.65048 6.61577 6.58692 6.56558 6.5486 6.54139 6.54572 6.56235 6.59251 6.6396 6.70342 6.78293 6.8767 6.98296 7.0979 7.21857 7.34336 7.47067 7.59897 7.72682 7.85344 7.97762 8.09788 8.21294 8.32164 8.423 8.51614 8.60029 8.67484 8.73985 8.79499 8.83987 8.87415 8.89752 8.90977 8.91071 8.90025 8.87831 
9.04807 9.01346 8.96688 8.90845 8.83835 8.7568 8.66408 8.5605 8.44618 8.32102 8.18548 8.04008 7.88537 7.7219 7.55029 7.37122 7.18551 6.99379 6.79643 6.59474 6.39048 6.18587 5.98359 5.78731 5.60306 5.43504 5.28699 5.1622 5.06325 4.98865 4.93794 4.91159 4.90861 4.92492 4.96472 5.02708 5.11315 5.2207 5.3466 5.48744 5.63963 5.79944 5.96317 6.1271 6.28712 6.43995 6.58301 6.71396 6.8308 6.93185 7.01541 7.08051 7.1268 7.15436 7.16369 7.1557 7.13184 7.09486 7.04743 6.99236 6.93275 6.87206 6.81345 6.76006 6.71445 6.67645 6.64672 6.62372 6.60995 6.60896 6.62159 6.64898 6.69488 6.75923 6.84085 6.93814 7.04898 7.16886 7.29501 7.42567 7.55911 7.69366 7.82818 7.96207 8.09338 8.22052 8.34213 8.45703 8.56416 8.66262 8.75161 8.83045 8.89911 8.95743 9.00499 9.04141 9.06641 9.07972 9.08117 9.07064 9.04807 
9.2201 9.18429 9.13592 9.07514 9.00214 8.91716 8.8205 8.71248 8.59292 8.46202 8.32031 8.16834 8.00667 7.83587 7.65655 7.46937 7.27514 7.07473 6.86836 6.65717 6.44292 6.22793 6.01505 5.808 5.61337 5.43602 5.28013 5.14939 5.04658 4.96993 4.91924 4.89506 4.89477 4.91691 4.96443 5.03783 5.13742 5.26015 5.40254 5.56084 5.73106 5.90911 6.09067 6.27066 6.44554 6.61219 6.76777 6.90971 7.03582 7.14418 7.23293 7.30111 7.34836 7.37477 7.38091 7.36783 7.33696 7.29019 7.23098 7.16305 7.09014 7.01585 6.94363 6.87689 6.8189 6.77092 6.73213 6.70246 6.68156 6.67475 6.68299 6.70731 6.75177 6.8165 6.90016 7.00093 7.11627 7.24107 7.37271 7.50926 7.64883 7.78966 7.93113 8.07202 8.21051 8.34461 8.47286 8.59401 8.70699 8.81086 8.90477 8.98801 9.06037 9.12191 9.17216 9.21076 9.23739 9.2518 9.25381 9.24327 9.2201 
9.39425 9.35734 9.30728 9.24416 9.16822 9.07977 8.97913 8.86649 8.74158 8.60486 8.45691 8.29831 8.12964 7.95149 7.76446 7.56921 7.36649 7.15727 6.94198 6.72134 6.49715 6.27178 6.04825 5.83039 5.62521 5.43836 5.27449 5.13772 5.03104 4.9524 4.90191 4.88018 4.88296 4.91154 4.96756 5.05329 5.16728 5.30613 5.46601 5.64279 5.83208 6.02908 6.2278 6.42419 6.61465 6.79578 6.96444 7.11785 7.2536 7.3695 7.46357 7.53485 7.58294 7.60797 7.61059 7.59194 7.55365 7.49776 7.42721 7.34513 7.25797 7.16905 7.08219 7.00119 6.92965 6.87032 6.82175 6.78478 6.75618 6.74308 6.74652 6.76746 6.81025 6.87521 6.96083 7.06507 7.18482 7.31453 7.45167 7.59411 7.73983 7.88719 8.03571 8.18357 8.329 8.47013 8.6051 8.7326 8.85152 8.96086 9.05978 9.14749 9.22355 9.28824 9.34117 9.38196 9.41028 9.42584 9.42844 9.41794 9.39425 
9.57052 9.53252 9.48079 9.41545 9.33666 9.24471 9.14002 9.02255 8.8922 8.74959 8.59533 8.43002 8.2543 8.06875 7.874 7.67068 7.45952 7.24147 7.01735 6.78739 6.55328 6.31747 6.08319 5.85448 5.6386 5.44209 5.2701 5.12722 5.01664 4.93608 4.88597 4.86695 4.87318 4.90877 4.97457 5.07345 5.20271 5.35861 5.53698 5.73326 5.94247 6.1577 6.37414 6.58771 6.79448 6.99073 7.17306 7.33841 7.48419 7.60784 7.70737 7.78176 7.83058 7.854 7.85273 7.82806 7.78178 7.71614 7.63391 7.53904 7.44912 7.33162 7.22911 7.13283 7.04678 6.97459 6.91557 6.87064 6.83378 6.81391 7.86797 6.82941 6.87029 6.93534 7.02285 7.13055 7.25462 7.38924 7.53188 7.68023 7.8321 7.98632 8.14193 8.29678 8.44904 8.59708 8.73886 8.8728 8.99775 9.11267 9.21662 9.30866 9.38843 9.45635 9.51204 9.55509 9.58514 9.6019 9.60515 9.59472 9.57052 
9.74899 9.70992 9.65652 9.58892 9.50732 9.41198 9.3032 9.18072 9.04485 8.89626 8.73559 8.56351 8.38066 8.18768 7.98517 7.77378 7.55436 7.32773 7.09477 6.8556 6.61164 6.36536 6.12017 5.88032 5.65355 5.44721 5.26696 5.1179 5.00337 4.92097 4.87139 4.85492 4.86541 4.90847 4.98546 5.09827 5.24367 5.41758 5.61543 5.83224 6.06073 6.29472 6.5297 6.76123 6.98503 7.19707 7.39387 7.57217 7.72881 7.86075 7.96581 8.04293 8.09181 8.11293 8.10738 8.07622 8.02137 7.94533 7.85146 7.74321 7.62544 7.50355 7.38434 7.27177 7.17023 7.0838 7.01353 6.95792 6.91432 6.8872 6.87984 6.89313 6.93188 6.99687 7.08621 7.19736 7.32567 7.4652 7.61333 7.76759 7.92571 8.08704 8.24976 8.41165 8.57078 8.7255 8.87415 9.01464 9.14571 9.26623 9.37506 9.47149 9.55508 9.6263 9.68482 9.7302 9.76206 9.78008 9.78401 9.77368 9.74899 
9.92974 9.8896 9.83453 9.76466 9.68022 9.58149 9.46858 9.34106 9.19959 9.04492 8.87777 8.69882 8.50877 8.30827 8.09798 7.87874 7.65121 7.41606 7.17424 6.92593 6.6722 6.41551 6.15936 5.90829 5.6702 5.45375 5.26509 5.10975 4.99124 4.90707 4.85819 4.84367 4.85965 4.91078 5.00019 5.12772 5.29014 5.483 5.70133 5.93861 6.18656 6.44014 6.69448 6.94475 7.18652 7.41613 7.62911 7.82134 7.98939 8.12994 8.24067 8.32043 8.36894 8.38673 8.37518 8.33642 8.27243 8.18552 8.07938 7.95754 7.82382 7.6848 7.54785 7.41798 7.29998 7.19831 7.11562 7.04942 6.99777 6.96291 6.94956 6.95858 6.99498 7.0598 7.15091 7.26551 7.39796 7.54238 7.69602 7.85621 8.02086 8.18933 8.35921 8.52816 8.6942 8.85563 9.01097 9.15811 9.29536 9.42132 9.53512 9.63605 9.72357 9.79817 9.85961 9.90739 9.94112 9.96044 9.9651 9.9549 9.92974 
10.1129 10.0716 10.0149 9.94275 9.85544 9.75327 9.63606 9.50358 9.35648 9.19564 9.02189 8.83598 8.63864 8.43057 8.21267 7.98566 7.75005 7.50644 7.25571 6.99835 6.73493 6.46787 6.20077 5.93842 5.68885 5.46183 5.2645 5.10278 4.98027 4.89438 4.84636 4.83406 4.85589 4.91603 5.01861 5.16178 5.34207 5.55483 5.79445 6.05168 6.31993 6.59396 6.86847 7.1388 7.40095 7.64948 7.87934 8.08609 8.26598 8.41543 8.53196 8.61435 8.66231 8.67643 8.65822 8.61004 8.53504 8.43677 8.31765 8.18145 8.03234 7.87533 7.7196 7.5714 7.43596 7.31814 7.22177 7.14437 7.08408 7.04101 7.02127 7.02573 7.05958 7.1241 7.21693 7.33496 7.47147 7.62079 7.77995 7.94607 8.11754 8.2932 8.47027 8.64633 8.81932 8.9875 9.14938 9.30324 9.44649 9.57797 9.69685 9.80239 9.89395 9.97203 10.0365 10.0867 10.1224 10.1431 10.1485 10.1385 10.1129 
10.2984 10.2561 10.1977 10.1232 10.033 9.92736 9.8057 9.66819 9.51552 9.34846 9.16802 8.97506 8.77033 8.55478 8.32935 8.09455 7.85086 7.59883 7.33924 7.07282 6.79979 6.52242 6.24438 5.97068 5.70951 5.47174 5.26527 5.09702 4.97045 4.8829 4.83589 4.82609 4.85411 4.92424 5.04067 5.20039 5.39944 5.63304 5.89362 6.17144 6.46084 6.75615 7.05228 7.34525 7.62886 7.89897 8.14458 8.36642 8.5586 8.71725 8.83973 8.92473 8.97194 8.98204 8.95669 8.89844 8.81088 8.6991 8.56627 8.41494 8.24963 8.07511 7.89954 7.73198 7.57812 7.45919 7.33196 7.24271 7.17322 7.12146 7.09496 7.09457 7.12565 7.18975 7.28426 7.40567 7.54621 7.70042 7.8651 8.03721 8.21575 8.39864 8.58295 8.76614 8.94613 9.12112 9.28959 9.44981 9.59911 9.73624 9.86032 9.97057 10.0663 10.1479 10.2154 10.2683 10.3059 10.328 10.3343 10.3244 10.2984 
10.4864 10.4347 10.383 10.3062 10.2131 10.1038 9.97756 9.83494 9.67665 9.50344 9.31622 9.11608 8.90395 8.68105 8.44803 8.2054 7.95362 7.69319 7.42479 7.14931 6.86675 6.57913 6.29016 6.00508 5.7322 5.48348 5.26766 5.09246 4.96179 4.87264 4.82679 4.81974 4.85431 4.93536 5.06633 5.24348 5.4622 5.71744 5.99862 6.29786 6.60925 6.92705 7.24755 7.56425 7.87024 8.15909 8.42483 8.66236 8.86729 9.03544 9.164 9.25158 9.30042 9.3036 9.27059 9.20167 9.10085 8.97368 8.82524 8.658 8.47565 8.50931 8.08763 7.89968 7.72642 7.57355 7.44981 7.34442 7.26515 7.20423 7.17058 7.16504 7.19317 7.25674 7.35289 7.4776 7.62215 7.78126 7.95148 8.12979 8.31548 8.50565 8.69723 8.88761 9.07465 9.25651 9.43146 9.59778 9.75326 9.89616 10.0256 10.1406 10.2406 10.3259 10.3966 10.452 10.4918 10.5154 10.5225 10.5129 10.4864 
10.677 10.6327 10.5708 10.4917 10.3956 10.2825 10.1517 10.0039 9.83989 9.65911 9.45229 9.23727 9.015 8.78639 8.55228 8.31347 8.05834 7.78952 7.51236 7.22777 6.93578 6.63799 6.33811 6.0416 5.75692 5.49707 5.2717 5.08929 4.95429 4.8636 4.81905 4.81501 4.85649 4.94937 5.09556 5.29092 5.53032 5.807 6.10942 6.43093 6.7652 7.10827 7.45438 7.79579 8.12509 8.43531 8.72011 8.97392 9.19204 9.36999 9.50479 9.66753 9.6401 9.64112 9.59996 9.51965 9.40496 9.26154 9.09499 8.91059 8.71039 8.49952 8.28407 8.07478 7.8808 7.70903 7.56465 7.44945 7.35962 7.28928 7.24809 7.23713 7.26211 7.32506 7.42281 7.55075 7.69931 7.86331 8.03907 8.22386 8.41675 8.61423 8.81312 9.01074 9.20488 9.39363 9.57485 9.74722 9.90899 10.0578 10.1926 10.3126 10.417 10.5061 10.58 10.6382 10.68 10.7052 10.7132 10.7039 10.677 
10.8702 10.8248 10.7613 10.6798 10.5807 10.4636 10.3282 10.1751 9.9867 9.78215 9.56807 9.34547 9.11536 8.8787 8.63642 8.3893 8.13841 7.88502 7.60191 7.30819 7.00685 6.69896 6.38821 6.08023 5.78368 5.51252 5.27741 5.08763 4.94798 4.85576 4.81265 4.81189 4.86086 4.96623 5.12832 5.34267 5.60371 5.90155 6.22601 6.57061 6.92987 7.29996 8.00341 8.03986 8.39339 8.72584 9.0304 9.3011 9.53288 9.72095 9.86212 9.9548 9.99866 9.99461 9.94479 9.8525 9.72319 9.56264 9.37692 9.17272 8.95383 8.72349 8.48789 8.25622 8.0412 7.84961 7.6874 7.55775 7.45605 7.37658 7.32747 7.3108 7.33246 7.39469 7.49402 7.62511 7.77765 7.94656 8.12787 8.3194 8.51953 8.72437 8.93062 9.13553 9.33684 9.53225 9.71978 9.89829 10.0663 10.2212 10.3616 10.4866 10.5956 10.6885 10.7657 10.8267 10.8707 10.8975 10.9064 10.8974 10.8702 
11.0661 11.0196 10.9544 10.8706 10.7684 10.6473 10.5071 10.3203 10.1198 9.90829 9.68692 9.45658 9.21852 8.97371 8.72312 8.46762 8.2736 7.94585 7.68198 7.39057 7.07992 6.76201 6.4458 6.12099 5.81248 5.52983 5.28479 5.08749 4.94301 4.84915 4.80733 4.81037 4.8675 4.98591 5.16456 5.39869 5.68188 6.00105 6.34834 6.71704 7.10391 7.5021 7.90257 8.29644 8.67514 10.0194 9.35573 9.64391 9.88979 10.0882 10.2359 10.3312 10.3736 10.3641 10.3051 10.2002 10.0555 9.87698 9.67113 9.44519 9.20592 8.95526 8.699 8.44496 8.20827 7.99524 7.81436 7.6693 7.55518 7.46608 7.40869 7.38603 7.40419 7.46561 7.5665 7.70067 7.85719 8.031 8.21791 8.41641 8.62384 8.83608 9.04974 9.26199 9.47042 9.67235 9.86628 10.051 10.2253 10.3863 10.5324 11.0579 10.7762 10.8731 10.9538 11.0176 11.064 11.0923 11.1023 11.0936 11.0661 
11.2646 11.2171 11.1502 11.064 10.9587 10.8334 10.6579 10.4632 10.2561 10.0376 9.80874 9.57067 9.32454 9.07145 8.81243 8.54842 8.2802 8.00909 7.73624 7.46274 7.15498 6.82713 6.49478 6.16384 5.84332 5.54901 5.29387 5.08886 4.93946 4.84374 4.80273 4.81044 4.87638 5.00837 5.20425 5.45893 5.76414 6.10546 6.4764 6.87146 7.28728 7.71464 8.14388 8.56549 8.97031 9.34977 9.69577 10.0012 10.2609 10.4696 10.6241 10.7224 10.7641 10.7495 10.6809 10.5628 10.402 10.2045 9.97759 9.72888 9.46666 9.19481 8.91702 8.64059 8.37984 8.23582 7.94548 7.78404 7.65695 7.55774 7.49171 7.46279 7.47728 7.53782 7.64025 7.77741 7.9379 8.11663 9.18047 8.5149 8.72966 8.94936 9.17047 9.39013 9.60543 9.81395 10.0144 10.2054 10.386 10.5533 10.7052 10.8408 10.9591 11.06 11.1442 11.211 11.2597 11.2898 11.3008 11.2925 11.2646 
11.4659 11.4174 11.3487 11.2601 11.1515 10.9971 10.8102 10.6095 10.3958 10.1701 9.93375 9.68779 9.43347 9.17197 8.9044 8.63175 8.35485 8.07475 7.79273 7.50985 7.22786 6.89428 6.55123 6.2088 5.87621 5.67732 5.3046 5.09176 4.93734 4.83962 4.79948 4.81208 4.88747 5.03358 5.24735 5.52334 5.85047 6.21477 6.61021 7.03407 7.47994 7.93756 8.40587 8.84699 9.27888 9.68212 10.0483 10.3711 10.6449 10.8642 11.0256 11.1271 11.168 11.149 11.0718 10.9403 10.7625 10.5453 10.2963 10.0238 9.7366 9.44209 9.14189 8.84302 8.55796 8.30141 8.08071 7.90193 7.76133 7.65154 7.5765 7.54104 7.55171 7.61129 7.71525 7.85533 8.01979 8.20344 8.40215 8.61485 8.837 9.0642 9.29283 9.51985 9.74188 9.95708 10.1641 10.3616 10.5484 10.7221 10.88 11.0211 11.1442 11.2493 11.3372 11.407 11.4581 11.4899 11.502 11.494 11.4659 
11.6699 11.6204 11.55 11.4589 11.3411 11.1588 10.9662 10.7592 10.5388 10.3059 10.0619 9.80798 9.54536 9.27534 8.99909 8.91226 8.43196 8.14251 7.85092 7.55851 7.26697 6.96346 6.60975 6.25585 5.91115 5.59305 5.31817 5.09618 4.93664 4.83692 4.79758 4.81528 4.90074 5.20422 5.2938 5.59178 5.94082 6.32892 6.75075 7.20484 7.68183 8.1708 8.66078 9.14093 9.56492 9.98891 10.4129 10.7536 11.042 11.2722 11.4406 11.5452 11.5853 11.5615 11.4757 11.3323 11.1371 10.8992 10.6279 10.3298 10.0166 9.69707 9.37359 9.0516 8.74187 8.46183 8.21999 8.02293 7.86828 7.74744 7.66302 7.62076 7.62745 7.68601 7.79149 7.93441 8.10284 8.29143 8.49641 8.71628 8.94587 9.18061 9.41682 9.65095 9.87979 10.1018 10.3154 10.5195 10.7126 10.8929 11.0569 11.2035 11.3317 11.4412 11.5329 11.6058 11.6594 11.693 11.7062 11.6985 11.6699 
11.877 11.8263 11.7541 11.6605 11.5067 11.3242 11.1258 10.9124 10.6851 10.4451 10.1933 9.93129 9.66027 9.38159 9.09652 8.80619 8.51111 8.4082 7.91078 7.60875 7.30761 7.00994 6.67034 6.30498 5.94814 5.61789 5.33121 5.10214 4.93737 4.83562 4.79702 4.82003 4.91616 5.0921 5.34357 5.66362 6.03516 6.4479 6.89833 7.38371 7.89291 8.41433 8.93628 9.44724 9.91417 10.3811 10.7896 11.1487 11.452 11.6934 11.8691 13.5366 12.0159 13.8097 11.8924 11.7369 11.5257 11.2663 10.9702 10.6469 10.3066 9.95976 9.61206 9.2661 8.93151 8.62728 8.36325 8.14708 7.97775 7.84538 7.75124 7.70192 7.70449 7.76196 7.86898 8.01465 8.18705 8.38059 8.59207 8.81917 9.05625 9.2986 9.5424 9.78345 10.0192 10.248 10.4685 10.6792 10.8788 11.0655 11.2358 11.3883 11.5219 11.6359 11.7314 11.8076 11.8637 11.8991 11.9133 11.906 11.877 
12.0873 12.0354 11.9612 11.851 11.681 11.4934 11.2891 11.0692 11.0465 10.5875 10.3226 10.0578 9.77823 9.49078 9.19677 8.89695 8.59215 8.28345 7.97235 7.66061 7.34979 7.04239 6.73297 6.35618 5.98719 5.64465 5.34707 5.10963 4.93953 4.83574 4.79784 4.82633 4.9337 5.12532 5.39661 5.73873 6.13347 6.57183 7.0529 7.57063 8.11313 8.69033 9.2225 9.76086 10.2724 10.7478 11.1783 11.5564 11.8751 12.1279 12.311 12.4219 12.4599 14.1096 15.9663 12.1538 11.9266 11.6465 11.3253 10.9751 10.6066 10.231 9.85728 9.48646 9.12682 8.79705 8.51044 8.28549 8.0897 7.94535 7.84113 7.7845 7.78281 7.83914 7.9477 8.09603 8.27241 8.47091 8.68915 8.92354 9.16815 9.41816 9.66936 9.91736 10.1601 10.3959 10.6232 10.8407 11.0469 11.2402 11.4171 11.5757 11.7147 11.8334 11.9328 12.0123 12.071 12.1083 12.1236 12.1167 12.0873 
12.3007 12.2476 12.1713 12.0336 11.8591 11.6663 11.4562 11.2301 10.9884 10.7334 10.466 10.1875 9.8993 9.60295 9.29955 8.98981 8.67512 8.35667 8.03568 7.71412 7.39354 7.07636 6.76676 6.40945 6.02828 5.67332 5.36467 5.11959 4.94312 4.83725 4.80015 4.83427 4.95333 5.16114 5.45287 5.81707 6.2357 6.70148 7.21439 7.76554 8.34244 8.93203 9.5178 10.0856 10.6249 11.1258 11.5791 12.7698 12.3112 12.5758 12.7663 12.8804 12.9172 12.8774 12.7642 12.583 12.3391 12.0393 11.6926 11.3143 10.9165 10.511 10.1092 9.71266 9.32772 8.97172 8.6615 8.40498 8.2041 8.0473 7.93266 7.86846 7.86239 7.91754 8.0276 8.17855 8.35891 8.56254 8.78764 9.02937 9.28158 9.53931 9.79767 10.0527 10.3025 10.5453 10.7797 11.004 11.2169 11.417 11.6008 11.7657 11.9102 12.0337 12.1372 12.22 12.2814 12.3217 12.3371 12.3305 12.3007 
12.5173 12.4629 12.3791 12.2267 12.0431 11.8431 11.627 11.4227 11.1455 10.8828 10.6074 10.3204 10.0235 9.71803 9.40462 9.0848 8.77552 8.43172 8.10079 7.76931 7.43889 7.11186 6.79234 6.46477 6.07144 5.70392 5.38399 5.12923 4.94813 4.84017 4.80395 4.84389 4.975 5.1995 5.51229 5.89862 6.34181 6.83689 7.38276 7.96838 8.58078 9.20484 9.82208 10.4202 10.9881 11.5152 11.9919 12.41 12.7616 13.0388 13.237 13.3536 13.3882 13.3422 13.2193 13.0244 12.7633 12.4431 12.0719 11.7098 11.2362 10.7998 10.3678 9.94463 9.53391 9.15102 8.8164 8.53861 8.3209 8.15119 8.02579 7.9539 7.94321 8.93491 8.10864 8.26219 8.44654 8.65551 8.88755 9.13666 9.39652 9.66196 9.92735 10.1895 10.4464 10.6964 10.9379 11.1692 11.3892 11.6221 11.787 11.9582 12.1085 12.2369 12.3444 12.4307 12.495 12.5367 12.5539 12.5475 12.5173 
12.737 12.7125 12.5732 12.4104 12.242 12.0313 11.8017 11.5621 11.3063 11.0358 10.7523 10.4567 10.1509 9.83565 9.51205 9.182 8.84709 8.50867 8.16774 7.82621 7.48586 7.33889 6.81945 6.50433 6.11664 5.73644 5.40505 5.14136 4.95458 4.84448 4.80922 4.85518 4.9987 5.24037 5.57467 5.98333 6.45177 6.97801 7.55793 8.17909 8.82808 9.48572 10.1353 10.7647 11.362 11.9362 12.4184 12.8587 13.2281 13.5183 13.7243 13.8434 13.8751 13.8212 13.6872 13.4782 13.1992 12.8578 12.4626 12.0256 11.5658 11.0972 10.6333 10.1823 9.74499 9.33487 8.975 8.67531 8.44005 8.25699 8.12049 8.04042 8.02524 8.0779 8.19081 8.34695 8.53529 8.74983 8.98886 9.24543 9.513 9.78593 10.0584 10.3277 10.5919 10.8492 11.0979 11.3365 11.5638 11.7778 11.9757 12.1535 12.3096 12.4429 12.5547 12.6445 12.7114 12.7546 12.7735 12.7678 12.737 
13.0144 12.9032 12.7712 12.6046 12.4167 12.2082 12.0104 11.7339 11.4709 11.1924 10.9004 10.5963 10.2813 9.95582 9.62188 9.28143 8.93619 8.58754 8.23656 7.88486 7.79671 7.18759 6.84808 6.52292 6.16389 5.77089 5.42795 5.15503 4.96245 4.85018 4.81595 4.86824 5.02438 5.2837 5.63958 6.07117 6.56595 7.12476 7.73983 8.39762 9.08317 9.77462 10.4575 11.1189 11.7465 12.3306 12.8598 13.3231 13.7108 14.0143 14.2282 14.3497 14.3784 14.3161 14.1689 13.9442 13.6467 13.2834 12.8635 12.3976 11.9051 11.5092 10.9064 10.4257 9.96093 9.52323 9.13732 8.81499 8.56153 8.36465 8.21672 8.12837 8.10847 8.15985 8.27408 8.43282 8.62517 8.8455 9.09158 9.35566 9.631 9.9112 10.1908 10.4674 10.739 11.0036 11.2597 11.506 11.7407 11.9619 12.167 12.3514 12.5134 12.6519 12.7679 12.8613 12.9311 12.9763 12.9965 13.118 13.0144 
13.1864 13.1191 12.973 12.8028 12.6104 12.4041 12.1626 11.925 11.6392 11.3778 11.0522 10.7393 10.4144 10.0786 10.1819 9.38316 9.02741 8.6684 8.30725 8.30399 7.58479 7.22785 6.87827 6.54307 6.21317 5.80728 5.49778 5.17027 4.97176 4.85726 4.82414 4.88306 5.052 5.32946 5.70701 6.1621 6.68476 7.2771 7.92832 8.6239 9.34535 10.0715 10.7886 11.4829 12.1437 13.0482 13.329 13.803 14.2096 14.5267 14.7488 14.8728 14.8982 14.8271 14.6661 14.423 14.1059 13.7199 13.2744 12.7803 12.2542 11.7241 11.187 10.6748 10.1817 9.71602 9.30326 8.95762 8.68528 8.47415 8.31447 8.2176 8.19288 8.24455 8.35846 8.51978 8.71615 8.94252 9.19572 9.46736 9.7505 10.0378 10.3246 10.6086 10.8876 11.1597 11.4237 11.6781 11.9201 12.1485 12.3608 12.552 12.7201 12.8638 12.9842 13.0813 13.1587 13.2018 13.2228 13.2179 13.1864 
13.4159 13.3282 13.1788 13.1558 12.808 12.5889 12.3489 12.0892 11.8113 11.5169 11.2077 10.8854 10.5447 10.204 9.84891 9.48722 9.12081 8.75128 8.37981 8.00754 7.63683 7.26975 6.91004 6.56458 6.24211 5.84562 5.48279 5.18707 4.9825 4.86573 4.83378 4.89962 5.08154 5.37759 5.7769 6.25609 6.80816 7.43494 8.12334 8.85755 9.61457 10.3764 11.1285 11.858 12.554 13.2019 13.7875 14.2986 14.7245 15.0557 15.286 15.4125 15.4344 15.3541 15.1788 14.9164 14.5766 14.1673 13.6954 13.1725 12.6129 12.0412 11.4881 10.9294 10.4071 9.91318 9.4728 9.10314 8.81127 8.58544 8.41368 8.30807 8.27846 8.83539 8.44392 8.60783 8.80824 9.04089 9.30126 9.58053 9.87131 10.1657 10.4598 10.7513 11.0378 11.3178 11.5899 11.8519 12.1019 12.3377 12.5572 12.7553 12.9296 13.0787 13.2036 13.6416 13.38 13.4296 13.4523 13.4955 13.4159 
13.6488 13.588 13.4991 13.2112 13.0096 12.7868 12.5588 12.2726 11.9872 11.6847 11.8137 11.0346 10.6889 10.332 9.96619 9.59366 9.21644 8.83623 8.45439 8.07198 7.69672 7.31374 7.0831 6.58772 6.25559 5.8859 5.64034 5.20544 4.99467 4.87556 4.84484 4.91788 5.11304 5.42805 5.84924 6.3531 6.93609 7.59824 8.32483 9.0974 9.89081 10.6892 11.4775 12.2451 12.9776 13.6587 14.2737 14.8098 15.2556 15.6011 15.8399 15.9688 15.9871 15.8973 15.7069 15.4246 15.0604 14.6256 14.1265 13.5994 12.9812 12.3729 11.7702 11.1896 10.6373 10.1146 9.64871 9.25149 8.93944 8.69848 8.51433 8.39978 8.36518 8.41263 8.53045 8.69695 8.90146 9.14059 9.40821 9.69517 9.99338 10.2949 10.5965 10.8954 11.1897 11.4779 11.7582 12.0283 12.2861 12.5316 12.7562 12.9614 13.142 13.2965 13.8174 13.6519 13.6093 13.661 13.6852 13.6812 13.6488 
13.8838 13.8229 13.6023 13.4211 13.46 13.279 12.7333 12.4599 12.167 11.8563 11.5295 11.1868 10.8304 10.4628 10.086 9.70251 9.31433 8.9235 8.53146 8.13891 7.7477 7.36004 6.97935 6.61267 6.27053 5.92814 5.53672 5.22538 5.00827 4.88677 4.85733 4.93782 5.1465 5.4808 5.92397 6.45308 7.06847 7.76692 8.5327 9.34332 10.174 11.0099 11.8371 12.6444 13.4142 14.1295 14.7749 15.3365 15.8028 16.163 16.4105 16.5417 16.5562 16.4564 16.2506 15.9475 15.558 15.0947 14.5675 13.9843 13.359 12.7137 12.073 11.4559 10.8721 10.3203 9.82227 9.40261 9.06977 8.81324 8.61639 8.49269 8.45303 8.49916 8.61805 8.78714 8.99594 9.24164 9.51656 9.81128 10.1167 10.4255 10.7345 11.0411 11.3434 11.64 11.9287 12.207 12.4727 12.7237 12.9578 13.1703 13.3881 13.5175 14.0292 13.7601 13.8418 13.8958 13.9213 13.9178 13.8838 
14.1245 14.061 13.9675 13.8437 13.4249 13.1898 12.9315 12.6512 12.3507 12.0318 11.6954 11.3422 10.9749 10.5963 10.2085 9.81383 9.41479 9.01349 8.61111 8.20834 7.80673 7.40865 7.01739 6.63982 6.28705 5.96906 5.56838 5.2469 5.0233 4.89934 4.87122 4.9594 5.18191 5.5358 6.00108 6.55637 7.20524 7.94091 8.74681 9.59525 10.4642 11.3386 12.2076 13.0557 13.864 14.6145 15.2909 15.8789 16.3661 16.7414 16.9977 17.1314 17.1417 17.0316 16.8097 16.4852 16.0694 15.5772 15.0185 14.4039 17.3907 14.2651 12.3826 11.7283 11.1116 10.5298 10.0021 9.55646 9.20221 8.92966 8.71983 8.58677 8.54199 8.5868 8.7067 8.87839 9.09169 9.34404 9.62633 9.92883 10.2413 10.5574 10.874 11.1883 11.4991 11.8043 12.1014 12.3881 12.6619 12.9206 13.1621 13.3819 13.5789 13.7414 13.8803 14.0864 14.0776 14.1339 14.1608 14.1578 14.1245 
14.3674 14.3024 14.2066 14.0794 13.9194 13.728 13.1337 12.8465 12.5383 12.211 11.8645 11.5007 11.1224 10.7326 10.3336 9.92786 9.51816 9.10624 8.69336 8.28029 7.86818 7.45961 7.05771 6.6692 6.30562 5.97771 5.60183 5.27 5.03977 4.91326 4.88651 4.98261 5.21922 5.59286 6.08052 6.66318 7.34635 8.12014 8.96618 9.85313 10.7612 11.6766 12.589 13.4791 14.3268 15.1135 15.8218 16.4366 16.9445 17.3347 17.6001 17.7368 17.7436 17.6229 17.3843 17.0376 16.5947 16.07 15.4795 14.8325 14.1395 13.4179 12.6995 12.0068 11.3556 10.7431 10.1853 9.71296 9.33671 9.04741 8.82461 8.682 8.63204 8.67556 8.79638 8.97069 9.18871 9.44777 9.7375 10.0476 10.3672 10.6907 11.0148 11.3373 11.6567 11.9706 12.2764 12.5715 12.8536 13.1202 13.3692 13.5964 13.7967 13.9684 14.1121 14.2286 14.3167 14.3753 14.4036 14.4011 14.3674 
14.6138 14.4317 14.4489 14.0757 14.1538 13.6106 13.3399 13.4752 12.7299 12.3937 12.037 11.6624 11.273 10.8717 10.4615 10.045 9.62447 9.20178 8.77825 8.35473 8.34196 7.51291 7.1003 6.70081 6.32629 5.98803 5.63709 5.38137 5.05767 4.92854 4.90319 5.00742 5.25839 5.65183 6.16225 6.77345 7.49172 8.30456 9.19055 10.1169 11.0651 12.0244 12.9813 13.9144 14.8027 15.6265 16.3669 17.0074 17.536 17.9413 18.2159 18.3559 18.3598 18.23 17.9743 17.6047 17.1338 16.5769 15.9509 15.2701 14.5419 13.7828 13.0235 12.2913 11.604 10.9601 10.3718 9.8721 9.47323 9.1668 8.9307 8.77837 8.72317 8.7654 8.88709 9.06403 9.287 9.55284 9.85008 10.1676 10.4943 10.8253 11.1572 11.4881 11.8164 12.1391 12.4536 12.7573 13.0478 13.3224 13.579 13.8138 14.0769 14.1985 14.4841 14.4678 14.5591 14.6201 14.6498 14.6478 14.6138 
14.8021 14.6744 14.4977 14.3023 14.3914 14.1892 13.5502 13.249 13.408 12.5798 12.2128 11.8274 11.4267 11.0138 10.5926 10.1652 9.73376 9.30015 8.86583 8.4317 8.42467 7.5686 7.14521 6.73467 6.34908 6.00036 5.67414 5.32099 5.07701 4.94517 4.92125 5.03379 5.29938 5.71272 6.24625 6.88712 7.64129 8.49409 9.41988 10.3865 11.3764 12.3818 13.3845 14.3617 15.2916 16.1527 16.924 17.5909 18.1406 18.5613 18.8454 18.9886 18.9895 18.8508 18.5797 18.1864 17.6867 17.0966 16.4338 15.7167 14.9523 14.1557 13.3557 12.5817 11.8633 11.1807 10.5614 10.0337 9.61177 9.28777 9.03807 8.87583 8.81537 8.85634 8.97881 9.1584 9.38655 9.65925 9.96407 10.2889 10.6227 10.9612 11.301 11.6408 11.978 12.3097 12.6331 12.9456 13.2445 13.5274 13.7916 14.034 14.248 14.4317 14.5853 14.7102 14.8048 14.8682 14.9064 14.8995 14.8021 
15.0387 14.9009 14.7317 14.5332 14.6321 14.0644 13.7645 13.9164 13.1248 12.7695 12.392 11.9955 11.5834 11.36 10.727 10.2886 9.84606 9.40138 8.95611 8.51124 8.0673 7.62667 7.19243 6.77078 6.37399 6.01471 5.71268 5.34888 5.09778 4.96285 4.94066 5.0617 5.34217 5.77548 6.33247 7.00414 7.79499 8.68865 9.65412 10.662 11.696 12.7488 13.7983 14.8209 15.7932 16.6902 17.4932 18.1869 18.7582 19.1947 19.4884 19.6349 19.6327 19.4848 19.1988 18.7828 18.2534 17.629 16.9284 16.1723 15.3708 14.5359 13.6925 12.878 12.7688 11.405 10.7543 10.1979 10.3247 9.4103 9.14668 8.97438 8.90861 8.94835 9.07153 9.25378 9.48736 9.767 10.0795 10.4113 10.7524 11.0985 11.4466 11.7954 12.1417 12.4825 12.8149 13.1363 13.4438 13.735 14.0071 14.2571 14.4782 14.6681 14.8268 14.9559 15.0539 15.1525 15.1524 15.1396 15.0387 
15.2814 15.1417 14.9698 14.7671 14.5342 14.6843 14.2282 14.1452 13.3279 13.5134 12.5745 12.167 11.7437 11.3082 10.8647 10.4152 9.96141 9.50551 9.04914 8.59338 8.13869 7.68716 7.24198 6.80916 6.40105 6.03111 5.71928 5.37837 5.11999 4.98186 4.96143 5.09112 5.41454 5.84008 6.42088 7.12443 7.95276 8.8876 9.89322 10.9432 12.024 13.1253 14.2229 15.2919 16.3056 17.239 18.0742 18.7955 19.3889 19.8415 20.145 20.2948 20.2893 20.132 19.8306 19.3934 18.8338 18.1741 17.4346 16.6371 15.7972 14.923 14.0373 13.8516 12.3761 11.6328 10.9501 10.3645 10.441 9.53434 9.25652 9.6362 9.00288 9.04144 9.16524 9.35018 9.58944 9.87609 10.1962 10.5349 10.8834 11.2372 11.594 11.9518 12.3073 12.6574 12.999 13.3294 13.7777 13.9453 14.8846 14.4831 14.7115 14.9076 15.0715 15.2049 15.4696 15.3849 15.4089 15.3837 15.2814 
15.5281 15.3865 15.2121 15.0058 14.7684 14.5012 14.2056 14.3686 14.0589 13.1592 12.7605 12.3418 11.907 11.4607 11.0058 10.545 10.0798 9.61258 9.14496 8.67814 8.21262 7.75008 7.29388 6.84982 6.43026 6.04957 5.72779 5.40948 5.14363 5.00224 4.98356 5.12202 5.43512 5.9065 6.51145 7.24795 8.11453 9.09053 10.1371 11.2302 12.3603 13.5114 14.6581 15.774 16.8284 17.799 18.6673 19.4167 20.0328 20.5022 20.8157 20.9684 20.9594 20.7924 20.4752 20.0163 19.4278 18.7318 17.9524 17.1121 16.4646 15.3171 15.0821 13.4879 12.6427 11.8642 11.1489 10.5335 10.039 9.65986 9.36753 9.71157 9.62861 9.13555 9.25993 9.4476 9.69277 9.98651 10.3141 10.6598 11.0156 11.3773 11.7432 12.1102 12.4751 12.8345 13.1854 13.525 13.8503 14.1584 14.4466 14.7121 14.9478 15.1502 15.3194 15.4572 15.5622 15.633 15.6727 15.6321 15.5281 
15.7788 15.8209 15.7092 15.2486 15.0355 14.7342 14.4388 14.1123 13.7448 13.3594 12.9499 12.5199 12.0742 11.6168 11.1504 10.678 10.2014 9.72261 9.24358 8.76556 8.2891 7.81545 7.34815 6.89278 6.46164 6.0701 5.73823 5.44221 5.16871 5.02396 5.00705 5.15438 5.48087 5.9747 6.60437 7.37462 8.28023 9.2974 10.3858 11.5241 12.7049 13.9068 15.104 16.5399 17.3615 18.3702 19.2722 20.0512 20.6919 21.179 21.5026 21.6578 21.6436 21.4661 21.1325 20.6515 20.0351 19.3022 18.4816 17.5975 16.6736 15.718 15.4161 14.4252 12.9642 12.099 11.3508 10.7684 10.186 9.78682 9.47971 9.27629 9.19445 9.23063 9.35559 10.0733 9.79737 10.0983 10.4331 10.7858 11.1492 11.5191 11.8941 12.2705 12.6451 13.0138 13.3742 13.7231 14.2259 14.3751 14.6707 14.944 15.1871 15.3961 15.5707 15.7129 15.8214 15.8948 15.932 15.8836 15.7788 
16.0334 15.8885 15.7101 15.4957 15.2661 14.9714 14.6632 14.3262 14.4645 13.5631 13.1427 12.7018 12.2452 11.7765 11.2985 10.8144 10.3261 9.83565 9.34505 8.85567 8.36812 7.88331 7.4048 6.93806 6.72056 6.09271 5.75062 5.47655 5.19523 5.04702 5.03189 5.18817 5.53044 6.04466 6.69986 7.50438 8.44979 9.50817 10.6392 11.8249 13.0575 14.3116 15.5599 16.7668 17.905 18.9526 19.8905 20.7012 21.3672 21.8723 22.2063 22.3638 22.344 22.1534 21.8026 21.2987 20.6541 19.8852 19.0223 18.0931 17.1236 16.1258 15.1123 14.1205 13.7407 12.3372 11.5555 10.8825 10.3331 9.91519 10.0642 9.37894 9.29173 9.79408 9.45221 9.64585 9.90322 10.2114 10.5533 10.9131 11.284 11.6626 12.0468 12.4328 12.8201 13.1953 13.5653 13.9237 14.2672 14.5937 14.8977 15.1789 15.4296 15.6451 15.8252 15.972 16.084 16.16 16.1988 16.1395 16.0334 
16.2996 16.1456 15.9704 15.7469 15.4962 15.2128 14.8984 14.6494 14.1763 13.7704 13.3391 12.8874 12.42 11.9398 11.4502 10.954 10.454 9.95172 9.4494 8.94851 8.44972 7.95366 7.46385 6.98565 6.53107 6.11743 5.76497 5.50981 5.22318 5.07143 5.05807 5.22337 5.58187 6.11633 6.79785 7.63718 8.62316 9.72278 10.8973 12.1326 13.4182 14.7257 16.0245 17.2773 18.4589 19.549 20.5235 21.3667 22.0578 22.5807 22.9253 23.086 23.0609 22.8566 22.4855 21.9581 21.2844 20.4807 19.5744 18.599 17.5817 16.5404 15.4835 14.4451 13.9929 12.5787 11.7631 11.0543 10.5496 10.0449 10.1497 9.93526 9.39041 9.42361 9.54976 9.74673 10.0103 10.3423 10.6747 11.0415 11.4201 11.8077 12.2014 12.5969 12.9906 13.3791 13.7589 14.1268 14.4796 14.8143 15.1276 15.4703 15.7324 15.8974 16.083 16.2344 16.3501 16.4829 16.4625 16.3994 16.2996 
16.5902 16.407 16.2226 16.0023 15.7472 15.4584 15.1376 14.9946 14.3976 13.9813 13.5392 13.077 12.5985 12.1069 11.6054 11.0971 10.5851 10.0709 9.55667 9.0441 8.53391 8.02654 7.52532 7.03559 6.56918 6.14425 5.7813 5.51711 5.25257 5.09717 5.08558 5.25994 5.63432 6.18968 6.89829 7.77295 8.80021 9.94118 11.1601 12.4471 13.7868 15.149 16.4974 17.7972 19.0232 20.1554 21.1711 22.0459 22.7618 23.3026 23.658 23.822 23.7928 23.5758 23.183 22.6297 21.9262 21.0876 20.1379 19.115 18.0486 17.5786 15.8604 14.7757 14.2502 12.8665 11.9734 11.66 11.0371 10.176 9.82283 9.60114 9.90561 9.93081 9.64826 9.84878 10.1187 10.4415 10.7972 11.1712 11.5577 11.9546 12.3578 12.7631 13.1667 13.5651 13.9548 14.3324 14.6948 15.0385 15.3605 15.6576 15.9239 16.1529 16.3442 16.5002 16.6196 16.7008 16.7263 16.6633 16.5902 
16.8217 16.6724 16.4856 16.262 16.0025 15.7083 15.381 15.0189 14.6226 14.1958 13.7433 13.2705 12.7809 12.2776 11.7641 11.2437 10.7194 10.1931 9.66687 9.43224 8.62074 8.10197 7.58923 7.08788 6.62692 6.17321 5.79962 5.52622 5.28341 5.12424 5.11438 5.29785 5.68857 6.2647 7.00112 7.91163 8.98043 10.1633 11.428 12.7683 14.1633 15.5807 16.9787 18.3264 19.5996 20.7774 21.8314 22.7377 23.4788 24.038 24.4043 24.5717 24.5383 24.3099 23.8958 23.3136 22.5793 21.7051 20.7127 19.6411 18.5245 17.9775 16.2431 16.2752 14.0443 13.0717 12.1863 11.4123 11.1617 10.3084 10.3246 9.69264 9.97673 10.0009 10.1446 9.95199 10.2283 10.5585 10.9208 11.3021 11.6969 12.1031 12.516 12.9312 13.3448 13.7533 14.1531 14.5414 14.9457 15.2656 15.5985 15.9019 16.1758 16.4117 16.6087 16.7695 16.8926 16.9765 16.9941 16.9311 16.8217 
17.0927 16.9421 16.7529 16.526 16.2619 15.9624 15.6284 15.2574 14.8513 14.414 13.9514 13.468 12.9671 12.4521 11.9265 11.3937 10.857 10.3185 9.78005 9.24366 8.71023 8.17997 7.6556 7.14255 6.65224 6.20431 5.81995 5.53717 5.31568 5.15263 5.14448 5.33709 5.74431 6.34133 7.1063 8.05322 9.16361 10.3892 11.7015 13.0961 14.5476 16.0197 17.4684 18.8651 20.1887 21.4119 22.5036 23.4421 24.2089 24.7867 25.1643 25.3351 25.2973 25.0572 24.6238 24.0115 23.2438 22.3331 21.2987 20.1773 19.0091 18.4985 16.6314 15.4516 14.3378 13.323 12.4017 11.5945 10.9934 10.442 10.0568 10.1666 9.69045 9.71992 9.848 10.0564 10.3392 10.6766 11.0455 11.4342 11.8377 12.2534 12.6761 13.1013 13.5251 13.9439 14.3538 14.7514 15.1332 15.4955 15.8351 16.1487 16.4308 16.6738 16.8766 17.0421 17.17 17.2556 17.2658 17.2029 17.0927 
17.3678 17.2159 17.0244 16.794 16.5257 16.2207 15.8796 15.4997 15.0838 14.6363 14.1635 13.6694 13.1572 12.6304 12.0926 11.5473 10.9979 10.447 9.89624 9.3477 8.80241 8.26057 7.72445 7.1996 6.69723 6.23756 5.8423 5.54997 5.34938 5.18235 5.17585 5.37763 5.80143 6.41956 7.21376 8.19769 9.3497 10.6187 11.9805 13.4306 14.9396 16.466 17.9664 19.4149 20.7903 22.0574 23.1877 24.1589 24.952 25.5489 25.9378 26.1121 26.0699 25.8178 25.365 24.724 23.9197 22.9716 21.8953 20.7235 19.5025 18.2659 17.0254 15.7971 15.0472 13.9482 12.6196 11.7787 11.4164 10.5768 10.1757 10.2458 9.79247 9.82046 9.94923 10.1619 10.4513 10.7957 11.1714 11.5675 11.9801 12.4054 12.838 13.2734 13.7076 14.1367 14.557 14.9648 15.3565 15.7283 16.0769 16.3988 16.689 17.2329 17.1479 17.3182 17.4489 17.5382 17.5416 17.4788 17.3678 
17.6471 17.494 17.3002 17.0664 16.7937 16.4834 16.1348 16.0317 15.32 14.8626 14.6035 13.8748 13.3511 12.8124 12.2623 11.7044 11.1422 10.5787 10.0155 9.45461 8.8973 8.34378 7.7958 7.25906 6.74454 6.27299 5.86669 5.56463 5.38453 5.21338 5.20847 5.41944 5.85985 6.49934 7.32346 8.34498 9.53866 10.8518 12.2649 13.7715 15.3392 16.9196 18.4726 19.9761 21.4026 22.714 23.8836 24.8883 25.7082 26.3245 26.7251 26.9029 26.856 26.5915 26.1189 25.4506 24.6081 23.6206 22.5016 21.2795 20.0046 18.7139 17.425 16.1482 14.9376 13.835 12.8399 11.9648 11.5458 10.7129 10.2946 10.0145 10.1968 9.92186 10.0513 10.3079 10.5646 10.9159 11.2984 11.7022 12.1244 12.5591 13.0017 13.4475 13.8921 14.3318 14.7627 15.4178 15.5825 15.964 16.3217 16.6521 16.9504 17.2077 17.4225 17.5978 17.7329 17.8331 17.8212 17.8755 17.6471 
17.9305 17.7762 17.5802 17.3431 17.0661 16.7503 16.3939 15.9965 15.56 15.093 14.6 14.0841 13.549 12.9983 12.4357 11.865 11.2899 10.7136 10.1378 9.56443 8.99494 8.42959 7.86967 7.32094 6.79419 6.31061 5.89314 5.58117 5.42112 5.24572 5.24234 5.4625 5.91954 6.58065 7.43533 8.49501 9.73044 11.0885 12.5546 14.1188 15.7453 17.3804 18.9877 20.5486 22.025 23.3817 24.5914 25.6303 26.4774 27.1136 27.526 27.7073 27.6556 27.3785 26.8855 26.1898 25.31 24.2816 23.1173 21.8455 20.5154 19.1814 17.83 16.5043 15.6004 14.0957 13.3619 12.44 11.6773 11.1016 10.6889 10.1236 9.99923 10.0241 10.1544 10.4168 10.6792 11.3938 11.4266 11.8383 12.2697 12.7145 13.1674 13.6236 14.0789 14.5368 14.9722 15.3994 15.8113 16.2026 17.1281 16.9091 17.215 17.4797 17.7006 17.8808 18.0193 18.1141 18.1049 18.0425 17.9305 
18.2181 18.0627 17.8644 17.6241 17.3427 17.0214 16.6567 16.2495 15.8041 15.3277 14.8244 14.2976 13.7508 13.188 12.6128 12.0293 11.4411 10.8518 10.2631 9.67719 9.09535 8.51802 7.94608 7.38527 6.8462 6.35043 5.92165 5.59962 5.4487 5.27937 5.27744 5.50678 5.98047 6.66345 7.54932 8.64774 9.925 11.3287 12.8496 14.4725 16.1575 17.8483 19.514 21.1309 22.6581 24.0604 25.3111 26.3848 27.2606 27.918 28.3423 28.5262 28.4688 28.1787 27.6649 26.941 26.0252 24.9499 23.7425 23.024 21.0347 19.6316 18.2406 16.8655 15.884 14.6469 13.5579 12.6022 11.5759 11.2122 10.5361 10.3483 10.3489 10.3035 10.2582 10.5266 10.7951 11.4908 11.5558 11.976 12.4169 12.8717 13.3349 13.8017 14.2678 14.7291 15.1814 15.6207 16.0429 16.444 16.8204 17.1681 17.4829 17.755 17.9821 18.1673 18.3097 18.4006 18.3924 18.3303 18.2181 
18.5097 18.3534 18.153 17.9094 17.6236 17.2964 16.9236 16.5072 16.0524 15.5665 15.0529 14.515 13.9566 13.3815 12.7937 12.1972 11.5958 10.9933 10.3917 9.79291 9.19857 8.6091 8.02507 7.45205 6.90057 6.39246 5.95225 5.61998 5.49863 5.31432 5.31375 5.55225 6.04262 6.74772 7.66538 8.80308 10.1223 11.5729 13.1498 14.8325 16.5757 18.3233 20.0483 21.7224 23.3004 24.7502 26.0426 27.1535 28.0597 28.7388 29.1753 29.3617 29.2969 28.9921 28.457 28.6273 26.753 25.6312 24.3771 23.5808 21.5625 20.1014 19.0927 17.57 16.1702 14.888 15.7135 12.5343 11.7379 11.1277 10.6582 10.5731 10.2095 10.2862 10.363 10.8499 10.9122 11.2829 11.6862 12.1152 12.5658 13.0307 13.5044 13.9819 14.4589 14.9312 15.3945 15.8445 16.2772 16.6885 17.0743 17.4315 17.7539 18.0336 18.2669 18.4573 18.6037 18.6898 18.6834 18.6217 18.5097 
18.8051 18.6481 18.4458 18.199 17.9089 17.5754 17.1943 16.7687 16.3059 15.8095 15.2855 14.7366 14.1664 13.5791 12.9784 12.3687 11.754 11.138 10.5233 9.91163 9.30462 8.70285 8.10663 7.52131 6.95734 6.43672 5.98495 5.64228 5.47693 5.35057 5.35126 5.5989 6.10597 6.83343 7.78345 8.961 10.3223 11.8212 13.4551 15.1986 17 18.8056 20.5934 22.3231 23.9532 25.451 26.7876 27.9377 28.8749 29.576 30.025 30.2138 30.1414 29.8194 29.2618 28.4797 27.4921 26.3247 25.0212 23.6003 22.0987 20.5974 19.4182 17.6013 16.186 14.896 13.7441 12.748 12.0811 11.268 10.9776 10.6574 10.5054 10.3355 10.4688 10.7068 11.0304 11.4073 11.8178 12.2559 12.7163 13.1914 13.6757 14.1641 14.6523 15.1357 15.6101 16.0711 16.571 16.9358 17.3313 17.6968 18.0283 18.3153 18.5549 18.7503 18.9007 18.9825 18.978 18.9167 18.8051 
19.1043 18.9467 18.7427 18.4929 18.1986 17.8584 17.4691 17.0343 16.5619 16.0585 15.5224 14.9622 14.3802 13.7803 13.1668 12.5439 11.9157 11.2861 10.6582 10.0334 9.41353 8.7993 8.19081 7.59307 7.0165 6.48323 6.01976 5.66653 5.49355 5.3881 5.38996 5.6587 6.17049 6.9207 7.90347 9.12125 10.525 12.0735 13.7654 15.5707 17.4303 19.2963 21.1468 22.9328 24.6162 26.1633 27.5472 28.7372 29.706 30.4297 30.8914 31.0826 31.0023 30.6625 30.0793 29.2671 28.2424 27.0305 25.6746 24.2024 22.6433 21.0626 19.5045 17.9757 16.5079 15.375 14.1603 12.9228 12.0658 11.552 11.0711 10.5675 10.4223 10.6047 10.5753 10.8189 11.3677 11.5328 11.9506 12.3982 12.8684 13.3539 13.8489 14.3484 14.8478 15.3426 15.8283 16.3003 16.7544 17.1862 17.5914 17.9659 18.3055 18.6 18.8458 19.0464 19.2009 19.2789 19.2762 19.2155 19.1043 
19.4073 19.2492 19.0437 18.7911 18.4926 18.1454 17.7477 17.3041 16.823 16.3083 15.7634 15.192 14.598 13.9856 13.3591 12.7228 12.081 11.4377 10.7962 10.1582 9.52532 8.89848 8.27762 7.66735 7.07808 6.532 6.0567 5.69374 5.51706 5.42693 5.42983 5.69562 6.23615 7.00948 8.0254 9.28355 10.7304 12.3299 14.0807 15.9477 17.8665 19.7955 21.7082 23.5516 25.2892 26.889 28.3212 29.5521 30.553 31.2998 31.7743 31.968 31.8796 31.5215 30.9106 30.0665 29.004 28.4091 26.3374 25.3017 23.2607 21.5539 19.9574 18.3545 16.8355 15.626 14.2094 13.1194 12.2312 11.6677 11.1692 10.8288 10.5294 10.5459 10.6825 10.9318 11.4621 11.6593 12.3778 12.5419 13.0221 13.5181 14.1791 14.5348 15.0456 15.5519 16.049 16.5323 16.9982 17.4395 17.8544 18.2377 18.5855 18.8876 19.1397 19.3455 19.5041 19.5788 19.5779 19.674 19.4073 
19.7142 19.5556 19.3486 19.0934 18.7908 18.4364 18.0304 17.5783 17.0884 16.564 16.0086 15.4258 14.8199 14.1949 13.5553 12.9055 12.2499 11.5927 10.9375 10.286 9.64003 9.0004 8.36709 7.74414 7.1421 6.58304 6.09579 5.72095 5.53929 5.46704 5.47086 5.74564 6.30293 7.09975 8.1895 9.44786 10.9383 12.5901 14.4008 16.3296 18.3086 20.3032 22.2776 24.1795 25.9728 27.6282 29.1098 30.3823 31.4161 32.1863 32.674 32.87 32.7734 32.3964 31.7571 30.8779 29.7767 28.4757 27.044 25.8921 23.7574 22.3791 20.6327 18.9593 17.1628 15.8776 14.5736 13.3174 12.4982 11.6931 11.1527 10.9158 10.637 10.7672 10.7903 11.1931 11.3901 11.7869 12.2206 12.6872 13.1775 13.6842 14.2011 14.7232 15.2456 15.7635 16.2722 16.7669 17.243 17.6956 18.1201 18.5124 18.8685 19.1782 19.4367 19.6477 19.8104 19.8824 19.8833 19.8242 19.7142 
20.0249 19.866 19.6575 19.3997 19.093 18.7314 18.3169 17.8569 17.3581 16.824 16.258 15.6639 15.0458 14.4081 13.7553 13.0919 12.4224 11.7512 11.0821 10.417 9.75769 9.10511 8.45923 7.8235 7.20856 6.63636 6.13704 5.75116 5.55365 5.50844 5.51304 5.79674 6.37081 7.19145 8.27476 9.61414 11.1488 12.8542 14.7258 16.7164 18.7565 20.8188 22.855 24.8163 26.6686 28.3808 29.9128 31.2278 32.2951 33.0892 33.5902 33.7887 33.6835 33.2873 32.6189 31.7019 30.5607 29.2138 27.8392 26.0583 24.3267 22.5573 20.816 19.1247 17.6636 16.1308 14.6827 13.6148 12.64 11.8361 11.2775 11.0037 10.745 10.8499 10.8987 11.1599 11.6551 11.9153 12.3576 12.834 13.3346 13.852 14.3802 14.9138 15.4479 15.9776 16.4981 17.0043 17.4914 17.9543 18.3885 18.7898 19.1542 19.4717 19.7367 19.953 20.1199 20.1894 20.1922 20.1342 20.0249 
20.3394 20.1802 19.9703 19.7101 19.3988 19.0304 18.6076 18.1397 17.6322 17.0883 16.6414 15.9061 15.2758 14.6253 13.9592 13.282 12.5985 11.9131 11.2299 10.5511 9.87831 9.21261 8.55405 7.90543 7.2775 6.692 6.18045 5.78339 5.57713 5.5511 5.55636 5.84889 6.43975 7.28454 8.40206 9.78233 11.3619 13.1221 15.0555 17.108 19.211 21.3412 23.4403 25.4622 27.3766 29.1469 30.7302 32.0886 33.1901 34.0085 34.5231 34.7241 34.61 34.194 33.4958 32.5402 31.3559 29.9621 28.3891 27.0998 24.9036 23.3458 21.2642 19.5161 17.9731 16.3886 14.9958 13.7896 12.7329 12.0218 11.4026 11.0192 10.9148 10.9337 11.0078 11.275 11.6333 12.0445 12.7206 12.9823 13.4933 14.0217 14.5612 15.1065 15.6525 16.1941 16.7265 17.2444 17.7423 18.2156 18.6596 19.07 19.4428 19.7681 20.0397 20.2614 20.4324 20.5 20.5047 20.4479 20.3394 
20.6578 20.4984 20.2872 20.0245 19.7084 19.3332 18.9027 18.427 17.9106 17.3569 16.7696 16.1525 15.51 14.8466 14.1671 13.476 12.7783 12.0786 11.3811 10.6884 10.0019 9.32295 8.65155 7.98995 7.34892 6.75002 6.22606 5.81766 5.81082 5.59504 5.60079 5.90208 6.50974 7.37898 8.53106 9.95239 11.5773 13.3937 15.3898 17.5043 19.6726 21.8703 24.0334 26.1182 28.0969 29.9264 31.5621 32.9647 34.1011 34.9442 35.4726 35.676 35.5529 35.1165 34.3878 33.3922 32.1622 30.7207 29.0944 27.7179 25.8016 23.8406 21.7179 19.9115 18.1721 16.5759 15.1629 13.9189 12.9276 12.1235 11.5281 11.133 10.9622 10.9716 11.1827 11.3908 11.7558 12.1745 12.636 13.1322 13.6568 14.1931 14.7441 15.3012 15.8593 16.4131 16.9575 17.4868 17.9957 18.4794 18.9333 19.353 19.7343 20.0675 20.3457 20.5728 20.7464 20.8141 20.8207 20.7654 20.6578 
20.98 20.8205 20.608 20.3429 20.0217 19.6397 19.2022 18.7186 18.1934 17.6299 17.0317 16.4031 15.7483 15.0719 14.3788 13.6738 12.9618 12.2477 11.5357 10.8289 10.1286 9.43613 8.75174 8.07708 7.42284 6.81043 6.27386 5.82502 5.71693 5.64025 5.64634 5.95629 6.58075 7.47473 8.66169 10.1243 11.7954 13.669 15.7287 17.9053 20.141 22.4062 24.6343 26.7851 28.8295 30.7192 32.4084 33.8561 35.028 35.8963 36.4388 36.6446 36.5207 36.055 35.295 35.0278 32.98 32.0184 29.809 27.9879 26.3642 24.1135 22.2982 20.418 18.6022 16.865 15.4265 14.1217 13.0736 12.2633 11.6538 11.2471 11.0712 11.0788 11.2699 11.5072 11.879 12.3054 12.7771 13.2836 14.1229 14.3664 14.929 15.4982 16.0684 16.6345 17.1909 17.7317 18.2697 18.7459 19.2098 19.6389 20.0287 20.3699 20.6547 20.8873 21.0599 21.1317 21.1404 21.0866 20.98 
21.3061 21.1465 20.9328 20.6654 20.3386 19.9498 19.5058 19.0147 18.4805 17.9071 17.2982 16.6579 15.9907 15.6121 14.5945 13.8754 13.1491 12.4203 11.6936 10.9725 10.2582 9.5522 8.85464 8.16685 7.49927 6.87325 6.32389 5.89238 5.65815 5.68671 5.69299 6.01148 6.65275 7.57174 8.79391 10.298 12.0162 13.9479 16.0715 18.3109 20.6516 22.9487 25.243 27.463 29.5741 31.5254 33.269 34.7627 35.9708 36.8645 37.4212 37.6297 37.4877 37.0189 36.2173 35.1395 34.4315 32.2684 30.5327 28.648 26.9338 24.6457 22.7728 20.7144 18.8621 17.1564 16.7342 14.3234 13.2589 12.3856 11.7797 11.3641 11.1728 11.1863 11.3582 11.6242 12.0592 12.4372 13.0757 13.6525 13.9796 14.5415 15.1159 15.6972 16.2798 16.8584 17.4267 17.9789 18.5099 19.0149 19.489 19.9275 20.3259 20.6752 20.9668 21.2048 21.377 21.4528 21.4635 21.4117 21.3061 
21.636 21.4764 21.2617 20.9917 20.6593 20.2637 19.8135 19.3151 18.7721 18.1889 17.569 16.917 16.2373 15.5347 14.8142 14.0809 13.34 12.5969 11.855 11.1194 10.391 9.67117 8.96029 8.25926 7.57824 6.9385 6.37614 5.89286 5.75729 5.72173 5.74074 6.06765 6.72572 7.66996 8.92765 10.4734 12.2398 14.2304 16.418 18.7211 21.0977 23.4979 25.8599 28.1516 30.3309 32.3448 34.144 35.6845 36.9279 37.8464 38.4177 38.63 38.4797 37.9794 37.1547 36.0343 34.6548 33.5373 31.2656 29.3173 27.2812 25.3594 23.2175 21.1217 19.2119 17.4473 15.8949 14.5043 13.3683 12.5089 11.882 11.4564 11.2608 11.2783 11.4475 11.742 12.1271 12.57 13.197 13.591 14.145 14.7184 15.3048 15.8984 16.4936 17.0845 17.6646 18.2284 18.7707 19.4477 19.7709 20.2189 20.6261 20.9835 21.2819 21.5255 21.6975 21.7775 21.9062 21.7404 21.636 
21.9698 21.8103 21.5945 21.3217 20.9836 20.5816 20.1254 19.6198 19.068 18.5491 17.8441 17.1804 16.4882 15.7723 15.038 14.2904 13.5348 12.7764 12.0199 11.2696 10.5268 9.79307 9.06869 8.35435 7.65977 7.00618 6.43064 6.26295 5.12111 5.74979 5.78956 6.12476 6.79964 7.76937 9.06287 10.6505 12.4661 14.5163 16.7681 19.1359 21.5847 24.0537 26.486 28.8511 31.0997 33.1775 35.0333 36.6194 37.8979 38.8418 39.4279 39.6439 39.4863 38.9653 38.1077 36.9433 35.5117 34.3141 32.3684 30.0281 28.0942 25.878 23.5881 21.533 19.5648 17.7185 16.1417 14.6866 13.5407 12.6332 11.9873 11.5495 11.3498 11.3668 11.538 11.8465 12.2697 12.7037 13.3199 13.7469 14.3121 14.8971 15.4957 16.1018 16.7096 17.3128 17.9048 18.4803 19.0341 19.5608 20.0555 20.5132 20.9291 21.2947 21.6001 21.8492 22.0412 22.1057 22.1206 22.073 21.9698 
22.3075 22.1482 21.9314 21.6554 21.3117 20.9036 20.4414 19.9287 19.3684 18.7651 18.1236 17.448 16.7482 16.014 15.2657 14.5037 13.7333 12.96 12.1883 11.423 10.6658 9.91792 9.17989 8.45213 7.74386 7.07632 6.48739 6.02011 5.75077 5.77934 5.83945 6.18285 6.87448 7.86991 9.19952 10.8293 12.695 14.8056 17.1217 19.9583 22.0772 24.616 27.1214 29.5613 31.8805 34.0234 35.9357 37.5667 38.881 39.8507 40.4518 40.6716 40.5064 40.9524 39.0747 37.8664 36.3816 35.1031 32.7585 30.6832 28.5115 26.2811 24.0683 21.9443 19.899 18.044 16.3122 14.8704 13.6677 12.8495 12.0933 11.6436 11.4397 11.4562 11.6297 11.9453 12.3768 12.8383 13.3526 13.9045 14.4809 15.0778 15.6886 16.3073 16.9279 17.5431 18.1472 18.7346 19.3016 19.8377 20.3429 20.8103 21.2351 21.609 21.9214 22.1761 22.3724 22.4379 22.4549 22.4094 22.3075 
22.6491 22.49 22.2723 21.9928 21.6434 21.2297 20.7616 20.2418 19.6731 19.0599 18.4074 17.7199 17.0024 16.2598 15.4975 14.7209 13.9357 13.1471 12.3603 11.5798 10.8079 10.0457 9.29389 8.55262 7.83054 7.14893 6.54642 6.06687 5.79137 5.81038 5.8904 6.24177 6.95022 7.97155 9.33753 11.0097 12.9264 15.0983 17.4788 19.9811 22.575 25.1848 27.766 30.2822 32.6733 34.8824 36.8497 38.5264 39.8772 40.8731 41.4894 41.713 41.5402 41.9473 40.0579 39.4864 37.8089 42.3532 33.5185 31.3794 29.141 26.9326 24.5839 22.3365 20.2309 18.2684 16.5383 15.0554 13.8322 12.8844 12.2 11.7384 11.5307 11.5465 11.7226 12.0455 12.485 12.9991 13.4992 14.0625 14.6515 15.5467 15.8835 16.515 17.1481 17.7756 18.3918 18.9912 19.5682 20.1172 20.633 21.1102 21.544 21.9264 22.2461 22.5065 22.7071 22.7741 22.7934 22.7501 22.6491 
22.9951 22.8358 22.6172 22.3338 21.9788 21.56 21.0859 20.559 19.9822 19.3591 18.6955 17.9962 17.2659 16.5098 15.7334 14.9422 14.1418 13.3379 12.5357 11.7399 10.9532 10.1766 9.41072 8.65584 7.91982 7.22403 6.60773 6.11573 6.12943 5.84294 5.94241 6.30162 7.02683 8.07425 9.47687 11.1917 13.1604 15.3942 17.8394 20.4117 23.0782 25.76 28.4198 31.0135 34.4665 35.7533 37.7753 39.4986 40.8863 41.9088 42.5407 42.7682 42.5875 42.0097 41.0547 40.4205 38.3998 36.3209 34.2874 32.0835 29.8917 27.4029 25.0494 22.7317 20.5653 18.5469 16.7663 15.2418 13.9714 13.0113 12.3075 11.8341 11.6226 11.6378 11.8168 12.1472 12.5944 13.1165 13.6469 14.2223 14.8237 15.4446 16.0804 16.7249 17.3703 18.0102 18.6387 19.2502 19.8491 20.3994 20.9258 21.413 21.8561 22.2472 22.5743 22.8406 23.0179 23.1139 23.1358 23.095 22.9951 
23.3453 23.186 22.9661 22.6786 22.318 21.8944 21.4144 20.8804 20.2954 19.6627 18.9881 18.2767 17.5336 16.764 15.9733 15.2855 14.3519 13.5325 12.7148 11.9034 11.1017 10.3104 9.53041 8.76181 8.01173 7.30163 6.67134 6.16671 6.19111 5.87701 5.99547 6.36235 7.1043 8.17795 9.61799 11.3751 13.3967 15.6934 18.2034 20.8474 23.5867 26.3424 29.0828 31.7553 34.2946 36.6348 38.7126 40.4831 41.9085 42.9581 43.6057 43.8372 43.6483 43.9767 42.8475 41.3671 39.0703 37.1656 35.3216 32.7953 30.5053 27.9724 25.5183 23.1297 20.9012 18.8267 16.9952 15.4294 14.1247 13.1391 12.4157 11.9306 11.7156 11.7299 11.9122 12.2502 12.705 13.2352 13.7957 14.4374 14.9976 15.6308 16.2794 16.9367 17.5945 18.2468 18.8879 19.5117 20.1124 20.9208 21.2214 21.7191 22.1717 22.5715 22.9059 23.1779 23.3572 23.4572 23.4819 23.4438 23.3453 
23.6996 23.5405 23.3192 23.027 22.8994 22.2329 21.7471 21.206 20.6128 19.9708 19.285 18.5617 17.8057 17.0224 16.2174 15.3966 14.5658 13.7309 12.8974 12.0704 11.2534 10.4473 9.65297 8.87054 8.10627 7.38175 6.73727 6.21981 5.91071 5.91259 6.04955 6.42393 7.18258 8.28264 9.75931 11.5601 13.6354 15.9956 18.5708 21.2882 24.1005 26.9325 29.7548 32.5076 35.1227 37.5271 39.6615 41.4801 42.9439 44.0217 44.6854 44.92 44.7228 44.1054 43.0887 41.6994 39.9907 38.3764 36.0852 33.6601 31.0535 28.5515 25.9911 23.5306 21.2389 19.1076 17.2248 15.6176 14.2788 13.2676 12.5245 12.028 11.8095 11.8229 12.0089 12.3545 12.8168 13.3554 13.9581 14.5458 15.173 15.8189 16.4804 17.1503 17.8206 18.4856 19.1393 19.7755 20.3882 20.9716 21.5203 22.0285 22.4905 22.8989 23.2405 23.5182 23.7 23.804 23.8317 23.7964 23.6996 
24.0578 23.8993 23.6764 23.3793 23.0086 22.5756 22.0839 21.5358 20.9344 20.2831 19.5864 18.8509 18.082 17.2986 16.4656 15.6298 14.7836 13.933 13.0912 12.2408 11.4083 10.5873 9.77843 8.982 8.20346 7.46441 6.80552 6.27507 5.95439 5.9497 6.10467 6.48635 7.26168 8.40304 9.90227 11.7465 13.8764 16.3008 18.9416 23.4046 24.6195 27.5303 30.4357 33.2701 35.9608 38.4299 40.622 42.4897 43.9946 45.1017 45.7816 46.0187 45.8109 45.1731 44.1246 42.6925 41.394 38.8898 36.6479 34.3566 37.9457 29.0995 26.4678 23.9346 21.7381 19.3898 17.4551 15.806 14.4331 13.3966 12.634 12.1261 11.9043 11.9168 12.1068 12.4603 12.9298 13.4772 14.0935 14.7094 15.3499 16.0089 16.6834 17.3657 18.0488 18.7265 19.3929 20.0417 20.6666 21.2622 21.8224 22.341 22.8123 23.2293 23.5783 23.8617 24.0463 24.1543 24.1852 24.1528 24.0578 
24.4199 24.262 24.0377 23.7356 23.3601 22.9225 22.4249 21.8698 21.2602 20.5996 19.8922 19.1446 18.3626 17.5518 16.7179 15.867 15.0053 14.1388 13.2735 12.4147 11.5665 10.7303 9.90681 9.09622 8.30333 7.54961 6.87612 6.33247 5.99975 5.98835 6.1608 6.54959 7.34155 8.49477 10.1872 11.9343 14.1195 16.6087 19.3156 22.1826 25.1437 28.1356 31.1256 34.043 36.8085 39.3435 41.594 43.5139 45.0611 46.1976 46.8941 47.134 46.9147 47.1261 51.386 43.698 42.3222 40.0829 37.4537 35.0594 32.3675 29.8069 26.9486 24.3417 21.9199 19.6734 17.6862 15.9946 14.5873 13.5255 12.7442 12.2251 12.0002 14.7136 12.206 12.5674 13.0439 13.6006 14.2285 14.8744 15.5283 16.2008 16.8882 17.583 18.2789 18.9696 19.6489 20.3103 20.9479 21.5558 22.1274 22.6563 23.1371 23.5626 23.919 24.2083 24.3962 24.508 24.5424 24.5131 24.4199 
24.786 24.6288 24.4027 24.0961 23.7159 23.2735 22.7701 22.2079 21.5902 20.9203 20.2024 19.4426 18.6476 17.8228 16.9744 16.1083 15.231 14.3485 13.4671 12.5921 11.728 10.8765 10.0381 9.21321 8.40589 7.63737 6.94906 6.39204 6.04717 6.02854 6.21795 6.61364 7.42218 8.60214 10.1911 12.1234 14.3649 16.9191 19.6929 22.6359 25.6729 33.1288 31.8242 34.826 37.6657 40.2676 42.5786 44.5532 46.142 47.3073 48.0206 49.469 51.3631 47.3482 46.2342 44.7153 43.2615 40.6599 38.2697 35.72 33.0139 30.2092 27.4331 24.7518 22.2634 19.9583 17.9182 16.1836 14.7417 13.6544 12.8546 12.4262 12.0968 12.1071 12.3064 12.8416 13.1592 13.7255 14.3652 15.0406 15.7083 16.5715 17.0946 17.8021 18.5109 19.2148 19.9071 20.5814 21.2322 21.8524 22.4352 22.9746 23.4648 23.899 24.2629 24.558 24.7496 24.8652 24.9034 24.8772 24.786 
25.156 24.9996 24.7713 24.4603 24.0762 23.6286 23.1194 22.5503 21.9244 21.2453 20.517 19.745 18.9368 18.0982 17.2351 16.3537 15.4606 14.5621 13.6643 12.773 11.8928 11.0258 10.1724 9.333 8.51116 7.72772 7.02437 6.45379 6.09653 6.07028 6.27611 6.85906 7.50354 8.71034 10.337 12.3138 14.6122 17.2317 20.0736 26.2005 26.2072 29.3686 32.5317 35.6185 38.5325 41.2024 43.5773 45.6061 47.2358 48.4305 49.1609 49.409 49.1701 48.4579 47.3079 45.7444 43.8046 41.8306 39.0956 36.4703 33.655 30.7715 27.9216 25.1747 22.609 20.2446 18.1511 16.373 14.8962 13.7833 12.9649 12.4249 12.1941 14.333 12.4081 12.785 13.2756 13.8521 14.5036 15.2081 15.9644 16.7498 17.3027 18.0231 18.745 19.4621 20.1676 20.8555 21.5193 22.1515 22.7457 23.2956 23.7954 24.2383 24.6098 24.9108 25.1065 25.2259 25.2681 25.2451 25.156 
25.5299 25.3743 25.1436 24.8285 24.441 23.9881 23.473 22.8969 22.2629 21.5744 20.8358 20.0519 19.2305 18.3778 17.4999 16.6032 15.6942 14.7794 13.8652 12.9574 12.061 11.1783 10.3097 9.4556 8.61914 7.82066 7.10207 6.51774 6.14785 6.11357 6.33527 6.7441 7.58562 8.81931 10.4837 12.5055 14.8616 17.5467 20.458 23.5545 26.7469 29.9961 33.2479 36.4193 39.4088 42.1483 44.5898 46.6714 48.3427 49.5672 50.3149 50.5671 50.319 49.5832 48.3941 47.2958 44.7898 42.4871 39.9315 37.2102 34.3025 31.3398 28.4143 25.5823 22.9855 20.5324 18.3849 16.5629 15.0982 13.9124 13.075 12.712 12.2914 12.3009 12.5111 12.8953 13.3932 13.9803 14.6437 15.3773 16.0729 16.7874 17.5125 18.2459 18.9811 19.7115 20.4306 21.1324 21.809 22.4534 23.059 23.6196 24.1291 24.5807 24.9598 25.2657 25.4668 25.5901 25.6365 25.6169 25.5299 
25.9077 25.7531 25.5196 25.2007 24.81 24.3521 23.8307 23.2477 22.6055 21.9078 21.1588 20.3631 19.5285 18.6617 17.769 16.8568 15.9318 15.0007 14.0699 13.1455 12.2325 11.3339 10.4499 9.58103 8.72987 7.91621 7.18215 6.5839 6.20117 6.15843 6.39543 6.81048 7.66839 8.9331 10.6313 12.6984 15.113 17.864 20.8462 24.0198 27.2925 30.6308 33.9726 37.2284 40.2945 43.1068 45.6143 47.749 49.4626 50.7176 51.4828 52.9077 51.4814 50.7231 49.4938 47.838 45.7862 43.4004 40.7773 37.9935 34.9564 31.9138 28.9112 26.003 23.6128 20.822 18.9426 16.7532 15.206 14.0416 13.1851 12.6674 12.3888 12.3986 12.6151 13.0068 13.5119 14.1102 14.7856 15.5198 16.2574 16.9861 17.724 18.4705 19.2192 19.9632 20.6964 21.4118 22.1013 22.8183 23.3751 23.9464 24.4656 24.9261 25.313 25.6228 25.8305 25.9578 26.0087 25.9926 25.9077 
26.2895 26.1358 25.8992 25.5771 25.1831 24.7207 24.1927 23.6027 22.9524 22.2454 21.486 20.6788 19.8309 18.95 18.0423 17.1145 16.1734 15.2258 14.2783 13.3371 12.4074 11.4928 10.5932 9.70932 8.84336 8.01439 7.26464 6.65228 6.80091 6.20487 6.45658 6.8776 7.75182 9.03946 10.7796 12.8926 15.3662 18.1834 21.2379 24.4889 27.844 31.2728 34.706 38.0457 41.1896 44.0783 46.6503 48.8389 50.5965 51.8836 52.6667 52.9255 52.6575 51.8761 50.6084 48.9024 46.7934 44.3365 41.633 38.7663 35.6166 32.4937 29.6779 26.4511 23.6611 21.1135 19.2045 16.9441 15.3613 14.1709 13.2953 12.7255 12.4865 12.4965 12.7198 13.1192 13.6321 14.2416 14.9292 15.6764 16.4435 17.1862 17.9373 18.6971 19.4593 20.2172 20.9648 21.6937 22.3961 23.0651 23.694 24.2762 24.8052 25.2744 25.6693 25.9838 26.1982 26.3295 26.3848 26.3721 26.2895 
26.6753 26.5222 26.2825 25.9576 25.5604 25.0935 24.5593 23.962 23.3036 22.5873 21.8175 20.9989 20.1377 19.2425 18.3199 17.3764 16.4191 15.4549 14.4905 13.5323 12.5858 11.6549 10.7396 9.84047 8.95963 8.11526 7.34959 6.7229 6.31377 6.25288 6.51872 6.94545 7.8359 9.15057 11.111 13.0881 15.6212 18.505 21.6331 24.9619 28.4013 31.9218 35.4478 38.8712 42.0945 45.0611 47.6977 49.942 51.7463 53.066 53.8672 54.1286 54.8011 53.8101 51.7377 50.4224 47.8114 51.6109 42.4985 39.4359 36.2831 33.0792 29.9177 26.8936 24.0168 21.4068 19.0938 17.1359 15.517 14.3004 13.4054 13.1419 12.5843 15.2504 12.825 13.2325 13.7538 14.3749 15.0746 15.8349 16.6419 17.4845 18.3521 18.9254 19.7014 20.4739 21.2356 21.978 22.6935 23.375 24.0157 24.6088 25.1478 25.6262 26.0292 26.3488 26.5699 26.7054 26.7652 26.7557 26.6753 
27.0652 26.9122 26.6695 26.3421 25.9419 25.4705 24.9303 24.3255 23.6589 22.9334 22.1532 21.3231 20.4489 19.5394 18.6017 17.6425 16.6688 15.6878 14.7064 13.7312 12.7677 11.8202 10.889 9.97452 9.07868 8.21867 7.43704 6.79576 6.37311 6.30249 6.58184 7.01403 7.92061 9.26231 11.0787 13.2848 18.0799 18.8287 22.0317 25.4387 28.9643 32.5779 36.1972 39.7049 43.0104 46.0545 48.7567 51.0601 52.9118 54.2647 55.0843 55.3483 55.0542 54.2217 52.8802 51.0666 48.8401 46.3715 43.3626 40.1945 36.9559 33.6703 30.427 27.2881 24.3749 21.9002 19.7265 17.3285 15.6734 14.4304 13.5157 13.2436 12.6825 12.9879 12.9309 13.3462 13.877 14.5094 15.2217 15.9953 16.8163 17.5909 18.3688 19.1557 19.9457 20.733 21.5088 22.2647 23.1923 23.6876 24.3402 24.9444 25.4938 25.9814 26.3929 26.7178 26.9454 27.0854 27.1498 27.1436 27.0652 
27.4595 27.3059 27.0601 26.7308 26.3275 25.8518 25.3059 24.6933 24.0185 23.2838 22.4932 21.6516 20.7645 19.8407 18.8878 17.9127 16.9226 15.9247 14.9262 13.9337 12.9531 11.9887 11.0415 10.1115 9.20054 8.32482 7.52701 6.87088 6.4345 6.35374 6.64594 7.08413 8.00592 9.37466 11.2292 13.4827 16.1364 19.1545 22.4335 25.9192 29.5329 35.1018 36.9536 40.5468 43.9377 47.0583 49.8283 52.1931 54.0932 55.4798 56.3179 56.5845 56.2768 55.4147 54.0351 52.168 50.1073 54.8506 44.2187 40.9615 37.6349 34.2669 30.9403 27.7198 24.7353 21.9984 20.5152 17.522 15.8363 14.5608 13.626 13.0281 12.7809 12.7932 13.0376 13.4605 14.0016 14.6457 15.3706 16.1576 16.9928 17.7953 18.7605 19.3878 20.1925 20.9944 21.7842 22.5539 23.3047 24.0028 24.6676 25.2834 25.8433 26.3403 26.7602 27.0907 27.325 27.4695 27.5388 27.5359 27.4595 
27.8582 27.7038 27.4547 27.1236 26.7173 26.2372 25.6857 25.0656 24.3824 23.6383 22.8373 21.9843 21.0845 20.1463 19.1781 18.1871 17.1805 16.1656 15.1498 14.1399 13.1419 12.1606 11.1971 10.2513 9.32523 8.43364 7.61953 6.94827 6.49794 6.40665 6.71102 7.15329 8.09181 9.48757 11.3805 13.6817 16.3988 19.4822 22.8379 26.4034 30.1071 33.9108 37.7168 41.3967 44.8755 48.0725 50.9139 53.3411 55.2903 56.7113 57.5681 57.8372 57.5157 56.6232 55.2027 53.2832 50.9298 48.1916 45.0845 41.855 38.32 35.2198 31.4576 28.1571 25.098 22.2967 19.8155 17.7162 15.9882 14.6918 13.7366 13.4854 12.8797 12.8933 13.1449 13.5753 14.1271 14.7836 15.5212 16.3228 17.1714 18.0013 18.8073 19.6218 20.4417 21.258 22.0619 22.8455 23.6738 24.3209 24.9983 25.6259 26.1964 26.7027 27.1311 27.4675 27.7084 27.8579 27.932 27.9326 27.8582 
28.2614 28.1057 27.8537 27.5206 27.1112 26.6268 26.0697 25.4425 24.7505 23.9972 23.1858 22.3212 21.4089 20.4563 19.4728 18.4658 17.4425 16.4105 15.3772 14.3498 13.3343 12.3357 11.3558 10.3942 9.4527 8.54517 7.7146 7.02794 6.56346 6.46122 6.77707 7.22395 8.18077 9.60103 11.5323 13.8819 16.658 19.8118 23.2451 26.8912 30.6868 34.5875 38.4868 42.2548 45.8227 49.0974 52.0134 54.5041 56.5032 57.959 58.8349 59.1065 59.6855 57.8474 56.3827 54.4116 51.9908 49.1811 46.0566 42.5199 39.0112 35.4752 31.9788 28.5976 25.463 22.5965 20.056 17.9112 16.1465 14.8233 13.8476 13.2318 13.281 12.9941 13.2531 13.6908 14.2535 14.9232 15.6736 16.4879 17.352 18.2087 19.0291 19.8581 20.693 21.5237 22.342 23.1396 23.9087 24.6421 25.3323 25.9718 26.5531 27.0689 27.5058 27.8484 28.0958 28.2504 28.3295 28.3337 28.2614 
28.669 28.5118 28.2572 27.9217 27.5093 27.0206 26.4579 25.8239 25.1229 24.3603 23.5385 22.6624 21.7376 20.7707 19.7718 18.7487 17.7086 16.6594 15.6085 14.5634 13.5302 12.5142 11.5176 10.54 9.58297 8.65941 7.81223 7.10991 6.63106 6.51746 6.8441 7.2953 8.26526 9.71498 11.6848 14.0829 16.921 20.1434 23.6549 27.3826 31.2719 35.2709 39.2636 43.122 46.779 50.1345 53.1267 55.6819 57.7319 59.2231 60.1182 60.5609 60.0422 59.0872 58.0734 55.8567 53.2028 50.1768 46.9709 43.3112 39.7085 36.0867 32.9569 29.0412 25.8301 22.8977 20.2993 18.1068 16.3053 14.9552 13.959 13.3347 13.0786 13.0956 13.3621 13.8069 14.3809 15.0641 15.8278 16.656 17.5346 18.4176 19.2527 20.6355 20.9464 21.7917 22.6243 23.4398 24.2193 24.9665 25.6697 26.3348 26.9133 27.4385 27.8842 28.2333 28.4871 28.6472 28.7313 28.7391 28.669 
29.0811 28.922 28.6652 28.3273 27.9116 27.4187 26.8503 26.2095 25.4999 24.7276 23.8954 23.0079 22.0704 21.0895 20.0752 19.0358 17.9789 16.9123 15.8437 14.7807 13.7297 12.6961 11.6826 10.6887 9.71605 8.77638 7.91245 7.19419 6.70077 6.5754 6.90429 7.36729 8.35278 9.83019 11.8377 14.2849 17.1855 20.4768 24.0673 27.8779 31.8623 35.961 40.0472 43.9988 47.7446 51.1842 54.2539 56.8747 58.9764 60.5035 61.4181 61.6947 61.3298 60.3426 58.7835 56.7039 54.145 51.152 47.7381 44.1107 40.4124 36.7031 33.0326 29.9944 26.1993 23.2004 20.5436 18.3031 16.4647 15.0876 14.0709 13.4384 13.1791 13.1981 13.4719 13.9237 14.5093 15.206 15.9838 16.8259 17.7191 18.6279 19.478 20.3374 21.2018 22.0618 22.909 24.3701 24.533 25.2942 26.0105 26.6741 27.2772 27.8119 28.2663 28.6222 28.8823 29.0482 29.1375 29.149 29.0811 
29.4976 29.3364 29.0777 28.7376 28.3181 27.8209 27.247 26.5994 25.8815 25.0992 24.2566 23.3576 22.4075 21.4127 20.3829 19.3271 18.2533 17.1692 16.0828 15.0017 13.9328 12.8814 11.8508 10.8405 9.85196 8.89609 8.15006 7.28079 6.77261 6.63504 6.96065 7.43995 8.4408 9.9454 11.9913 14.4878 17.4513 20.8119 24.4822 28.3773 32.4581 36.6575 40.8375 44.8852 48.7192 52.2464 55.3949 58.0824 60.2365 61.8003 62.7345 63.0136 62.6336 62.2889 60.0059 57.8675 55.2399 52.1367 48.6399 44.9178 41.1228 37.3241 34.0778 29.9464 26.5706 23.5045 20.7888 18.5 16.7214 15.2204 14.1831 13.5429 13.2803 13.3019 13.5826 14.0413 14.6388 15.3491 16.1415 16.9978 17.9053 18.8478 19.7055 20.5801 21.7886 22.3341 23.2423 24.6647 24.8498 25.6251 26.3547 27.2677 27.645 28.1891 28.6521 29.0152 29.2815 29.4534 29.548 29.5633 29.4976 
29.9183 29.7549 29.4948 29.1523 28.7291 28.2273 27.6479 26.9935 26.2675 25.4751 24.6221 23.7115 22.7488 21.7403 20.6949 19.6228 18.5319 17.4302 16.3258 15.2266 14.1394 13.0701 12.0222 10.9953 9.9907 9.01856 8.12068 7.36971 6.84658 6.6964 7.01827 7.51325 8.5293 10.0595 12.1452 14.6916 17.7184 21.1488 24.8996 28.8807 33.0591 37.3595 41.6344 45.78 49.7034 53.3209 56.5496 59.305 61.5309 63.1133 64.0675 64.349 63.9535 63.5585 61.243 59.2643 56.3471 53.131 49.5498 45.733 41.8397 37.9499 34.1014 30.3896 26.944 23.8099 21.0349 18.6975 16.785 15.3536 14.2958 13.6482 13.3821 13.4067 14.0935 14.1598 14.7694 15.4933 16.3009 17.1715 18.1841 19.0497 19.935 20.8246 21.7187 23.0414 23.4856 24.3423 25.17 25.9593 26.7023 27.3904 28.0156 28.5698 29.0417 29.4123 29.6862 29.863 29.9629 29.982 29.9183 
30.3431 30.1776 29.9165 29.5717 29.1447 28.638 28.0531 27.3918 26.6578 25.8555 24.9918 24.0697 23.0944 22.0722 21.0113 19.9227 18.8147 17.6953 16.5728 15.4552 14.3497 13.2623 12.1968 11.1531 10.1323 9.14379 8.22872 7.46098 6.9227 6.7595 7.07715 7.58728 8.61827 10.2019 12.2996 14.8961 17.9867 21.4874 25.3193 29.3881 33.6652 38.0669 42.4379 46.6826 50.6985 54.4077 57.7181 60.5424 62.8041 64.4427 65.417 66.7984 65.2897 64.2028 62.4948 60.2299 57.4661 54.1359 50.4692 46.5559 42.563 38.5804 34.6412 30.8447 27.3193 24.1165 21.2819 18.8955 16.9459 15.4871 14.409 14.2225 13.4846 13.5127 13.8069 14.2798 14.9012 15.6388 16.4617 17.3473 18.2827 19.2535 20.1665 21.2643 21.9803 22.9033 23.778 24.6787 25.4929 26.2968 27.0532 27.7538 28.3903 28.9544 29.435 29.8135 30.0915 30.2768 30.3821 30.4051 30.3431 
30.772 30.6046 30.3427 29.9957 29.565 29.053 28.4624 27.7944 27.0524 26.2405 25.3658 24.4322 23.4443 22.4084 21.3321 20.227 19.1016 17.9644 16.8237 15.6876 14.5637 13.4579 12.3747 11.3139 10.2768 9.27182 8.33939 7.5546 7.00099 6.82433 7.1373 7.66175 8.70768 10.3047 12.4545 15.1024 18.2562 21.8279 25.7415 29.8994 34.2764 38.7796 43.248 47.593 51.7044 55.5069 58.9004 61.7946 64.1113 65.7875 68.1129 68.1546 67.4999 65.521 63.7613 61.4306 58.5959 55.1516 51.3943 47.3865 43.2926 39.2154 35.1845 31.3025 27.6966 24.4244 21.5297 19.094 17.1072 15.62 14.5227 14.3466 13.5878 13.6199 13.9205 14.4013 15.0343 15.7856 16.6237 17.5248 18.4739 19.459 20.4708 21.3195 22.5404 23.1643 24.0732 24.9613 25.8192 26.6376 27.4077 28.1207 28.7686 29.3426 29.8321 30.2186 30.5025 30.6949 30.8057 30.8327 30.772 
31.2051 31.0361 30.7735 30.4241 29.9898 29.4727 28.876 28.2013 27.4513 26.6301 25.7441 24.7989 23.7983 22.7488 21.6573 20.5356 19.3929 18.2377 17.0786 15.9239 14.7813 13.657 12.5557 11.4779 10.4241 9.40264 8.45272 7.65059 7.08146 6.89092 7.1987 7.73694 8.79752 10.4075 12.6097 15.3073 18.5265 22.1702 26.1659 30.4145 34.8926 39.4976 44.0657 48.5111 52.7211 56.6182 60.0963 63.0616 65.4325 67.1459 68.1617 68.4532 68.8507 67.1243 65.1755 62.6447 59.692 56.1779 52.3287 48.2247 44.0285 39.855 35.7313 32.3969 28.0757 24.7334 21.7782 19.2929 17.2696 15.7533 14.6369 13.9685 13.6915 14.3189 14.035 14.5241 15.169 15.9337 16.787 17.704 18.6667 19.6664 20.6934 21.5698 22.7955 23.4461 24.3713 25.2754 26.1491 26.9817 27.7654 28.4912 29.1505 29.7346 30.2327 30.6276 30.9177 31.1173 31.2337 31.2648 31.2051 
