# Please cite arXiv:2008.01110
# The chisq test statistic between a given point in parameter space and the data including a marginalization over theta23, delta, and Dmsq31 for a fixed MO
# The first two rows define the grid:
#   |eps|
#   phi
# The remaining rows are the chisq test statistic where the first row is at |eps|=0 and at increasing values of phi. The remaining rows are increasing values of |eps|.
0 0.006 0.012 0.018 0.024 0.03 0.036 0.042 0.048 0.054 0.06 0.066 0.072 0.078 0.084 0.09 0.096 0.102 0.108 0.114 0.12 0.126 0.132 0.138 0.144 0.15 0.156 0.162 0.168 0.174 0.18 0.186 0.192 0.198 0.204 0.21 0.216 0.222 0.228 0.234 0.24 0.246 0.252 0.258 0.264 0.27 0.276 0.282 0.288 0.294 0.3 0.306 0.312 0.318 0.324 0.33 0.336 0.342 0.348 0.354 0.36 0.366 0.372 0.378 0.384 0.39 0.396 0.402 0.408 0.414 0.42 0.426 0.432 0.438 0.444 0.45 0.456 0.462 0.468 0.474 0.48 0.486 0.492 0.498 0.504 0.51 0.516 0.522 0.528 0.534 0.54 0.546 0.552 0.558 0.564 0.57 0.576 0.582 0.588 0.594 0.6 
0 0.0628319 0.125664 0.188496 0.251327 0.314159 0.376991 0.439823 0.502655 0.565487 0.628319 0.69115 0.753982 0.816814 0.879646 0.942478 1.00531 1.06814 1.13097 1.19381 1.25664 1.31947 1.3823 1.44513 1.50796 1.5708 1.63363 1.69646 1.75929 1.82212 1.88496 1.94779 2.01062 2.07345 2.13628 2.19911 2.26195 2.32478 2.38761 2.45044 2.51327 2.57611 2.63894 2.70177 2.7646 2.82743 2.89027 2.9531 3.01593 3.07876 3.14159 3.20442 3.26726 3.33009 3.39292 3.45575 3.51858 3.58142 3.64425 3.70708 3.76991 3.83274 3.89557 3.95841 4.02124 4.08407 4.1469 4.20973 4.27257 4.3354 4.39823 4.46106 4.52389 4.58673 4.64956 4.71239 4.77522 4.83805 4.90088 4.96372 5.02655 5.08938 5.15221 5.21504 5.27788 5.34071 5.40354 5.46637 5.5292 5.59203 5.65487 5.7177 5.78053 5.84336 5.90619 5.96903 6.03186 6.09469 6.15752 6.22035 6.28319 
5.33882 5.33882 5.33882 5.33882 5.33882 5.33882 5.33882 5.33882 5.33882 5.33882 5.33882 5.33882 5.33882 5.33882 5.33882 5.33882 5.33882 5.33882 5.33882 5.33882 5.33882 5.33882 5.33882 5.33882 5.33882 5.33882 5.33882 5.33882 5.33882 5.33882 5.33882 5.33882 5.33882 5.33882 5.33882 5.33882 5.33882 5.33882 5.33882 5.33882 5.33882 5.33882 5.33882 5.33882 5.33882 5.33882 5.33882 5.33882 5.33882 5.33882 5.33882 5.33882 5.33882 5.33882 5.33882 5.33882 5.33882 5.33882 5.33882 5.33882 5.33882 5.33882 5.33882 5.33882 5.33882 5.33882 5.33882 5.33882 5.33882 5.33882 5.33882 5.33882 5.33882 5.33882 5.33882 5.33882 5.33882 5.33882 5.33882 5.33882 5.33882 5.33882 5.33882 5.33882 5.33882 5.33882 5.33882 5.33882 5.33882 5.33882 5.33882 5.33882 5.33882 5.33882 5.33882 5.33882 5.33882 5.33882 5.33882 5.33882 5.33882 
5.30175 5.30415 5.30669 5.30934 5.3121 5.31496 5.3179 5.32091 5.32399 5.32712 5.33029 5.33349 5.3367 5.33993 5.34315 5.34636 5.34956 5.35272 5.35584 5.35892 5.36194 5.3649 5.36778 5.37059 5.3733 5.37592 5.37843 5.38083 5.38311 5.38526 5.38727 5.38914 5.39085 5.3924 5.39378 5.39499 5.39601 5.39685 5.39749 5.39793 5.39816 5.39819 5.398 5.39759 5.39697 5.39613 5.39507 5.39379 5.3923 5.39059 5.38868 5.38657 5.38426 5.38177 5.3791 5.37626 5.37327 5.37013 5.36687 5.36349 5.36001 5.35644 5.35281 5.34912 5.3454 5.34167 5.33793 5.33421 5.33053 5.3269 5.32334 5.31987 5.3165 5.31325 5.31014 5.30718 5.30438 5.30175 5.29932 5.29708 5.29505 5.29323 5.29164 5.29027 5.28914 5.28824 5.28759 5.28717 5.28699 5.28704 5.28734 5.28786 5.2886 5.28957 5.29074 5.29212 5.2937 5.29546 5.29739 5.2995 5.30175 
5.27739 5.28255 5.28791 5.29345 5.29913 5.30493 5.31082 5.31679 5.3228 5.32884 5.33488 5.34092 5.34693 5.3529 5.35883 5.3647 5.37049 5.37621 5.38185 5.3874 5.39285 5.39819 5.40343 5.40855 5.41354 5.4184 5.42312 5.42768 5.43208 5.43629 5.44031 5.44411 5.44769 5.45101 5.45407 5.45684 5.4593 5.46144 5.46322 5.46463 5.46565 5.46627 5.46646 5.4662 5.4655 5.46433 5.46269 5.46057 5.45798 5.4549 5.45135 5.44734 5.44288 5.43797 5.43265 5.42692 5.42082 5.41438 5.40762 5.40057 5.39327 5.38577 5.37808 5.37027 5.36236 5.35439 5.34642 5.33848 5.33062 5.32287 5.31528 5.30788 5.30072 5.29384 5.28726 5.28103 5.27517 5.26971 5.26469 5.26011 5.25601 5.25241 5.2493 5.24672 5.24466 5.24313 5.24214 5.24167 5.24173 5.2423 5.24337 5.24494 5.24697 5.24946 5.25237 5.25569 5.25939 5.26344 5.2678 5.27247 5.27739 
5.26563 5.27397 5.28253 5.29125 5.30008 5.30898 5.31789 5.32678 5.33562 5.34437 5.35301 5.36153 5.36991 5.37814 5.38622 5.39415 5.40193 5.40956 5.41705 5.42441 5.43164 5.43876 5.44578 5.45268 5.45949 5.46619 5.47278 5.47926 5.48561 5.49181 5.49785 5.50369 5.50931 5.51467 5.51974 5.52447 5.52883 5.53276 5.53623 5.53918 5.54157 5.54336 5.54449 5.5449 5.54459 5.54353 5.5417 5.53909 5.53569 5.5315 5.52652 5.52076 5.51424 5.50697 5.49898 5.4903 5.48096 5.471 5.46048 5.44944 5.43797 5.42613 5.41399 5.40161 5.38907 5.37644 5.36378 5.35118 5.3387 5.32641 5.31438 5.30267 5.29136 5.28051 5.27017 5.2604 5.25125 5.24278 5.23502 5.22801 5.2218 5.2164 5.21185 5.20815 5.20533 5.20338 5.20232 5.20212 5.20278 5.20429 5.2066 5.20971 5.21356 5.21812 5.22334 5.22918 5.23557 5.24247 5.24982 5.25756 5.26563 
5.26633 5.27836 5.29056 5.30283 5.31511 5.3273 5.33934 5.35118 5.36277 5.37406 5.38504 5.39568 5.40599 5.41596 5.42562 5.43498 5.44406 5.45291 5.46155 5.47002 5.47836 5.48661 5.49479 5.50293 5.51106 5.51918 5.52732 5.53546 5.54361 5.55173 5.55981 5.56781 5.57568 5.58337 5.59081 5.59794 5.60468 5.61087 5.61639 5.6212 5.62522 5.62839 5.63068 5.63201 5.63235 5.63166 5.62989 5.62703 5.62304 5.61793 5.61168 5.60432 5.59584 5.58628 5.57567 5.56406 5.55149 5.53802 5.52373 5.50867 5.49293 5.47658 5.45972 5.44243 5.42486 5.40716 5.38943 5.37179 5.35433 5.33714 5.32035 5.30402 5.28827 5.27318 5.25883 5.2453 5.23268 5.22102 5.21039 5.20086 5.19247 5.18527 5.17928 5.17454 5.17107 5.16887 5.16795 5.1683 5.16989 5.17269 5.17667 5.18178 5.18796 5.19514 5.20324 5.21219 5.22189 5.23225 5.24318 5.25457 5.26633 
5.27949 5.29579 5.31214 5.32842 5.3445 5.36024 5.37557 5.39039 5.40464 5.41828 5.43129 5.44367 5.45543 5.4666 5.47722 5.48734 5.49703 5.50636 5.51541 5.52426 5.53299 5.54167 5.55039 5.55919 5.56814 5.57726 5.5866 5.59617 5.60595 5.61595 5.62611 5.6364 5.64675 5.65709 5.66726 5.67697 5.68612 5.69462 5.70238 5.70929 5.71527 5.72023 5.72407 5.7267 5.72806 5.72806 5.72666 5.7238 5.71945 5.71358 5.70619 5.69729 5.68688 5.67502 5.66173 5.64709 5.63117 5.61403 5.59578 5.57652 5.55634 5.53537 5.51371 5.49149 5.46884 5.44586 5.42275 5.39976 5.37703 5.35469 5.33287 5.31169 5.29127 5.27173 5.25318 5.23572 5.21946 5.20448 5.19088 5.17872 5.16809 5.15904 5.15162 5.14587 5.14183 5.1395 5.13889 5.13999 5.14277 5.1472 5.15323 5.16077 5.16976 5.18009 5.19165 5.20434 5.21801 5.23251 5.2477 5.26341 5.27949 
5.30495 5.32617 5.34728 5.36809 5.38839 5.40801 5.42683 5.44471 5.46158 5.4774 5.49214 5.50583 5.51851 5.53026 5.54117 5.55134 5.56088 5.56992 5.57859 5.58705 5.59543 5.60386 5.61247 5.62135 5.63061 5.64031 5.65052 5.66126 5.67254 5.68436 5.69667 5.7094 5.72248 5.73555 5.74831 5.76065 5.77246 5.78361 5.79396 5.80338 5.81172 5.81885 5.82463 5.82894 5.83165 5.83267 5.83191 5.82928 5.82475 5.81826 5.8098 5.79939 5.78704 5.77281 5.75674 5.73894 5.71948 5.69849 5.67608 5.65239 5.62756 5.60174 5.57507 5.54771 5.51981 5.49155 5.46306 5.43454 5.40633 5.37864 5.35162 5.32542 5.30018 5.27605 5.25316 5.23164 5.21162 5.19321 5.17653 5.16166 5.14871 5.13776 5.12888 5.12212 5.11753 5.11514 5.11496 5.11698 5.12118 5.12751 5.1359 5.14628 5.15854 5.17256 5.1882 5.20528 5.22359 5.24294 5.26311 5.28385 5.30495 
5.34242 5.3693 5.39585 5.42179 5.44682 5.47071 5.49327 5.51433 5.5338 5.55162 5.56779 5.58236 5.59542 5.6071 5.61756 5.62699 5.63558 5.64352 5.65102 5.6583 5.66557 5.67303 5.68087 5.68926 5.69832 5.70819 5.71894 5.73062 5.74327 5.75687 5.77138 5.78672 5.80243 5.81812 5.83365 5.84888 5.86365 5.87778 5.8911 5.9034 5.91449 5.92419 5.93229 5.93864 5.94305 5.94538 5.9455 5.94331 5.93873 5.93171 5.92223 5.91029 5.89594 5.87922 5.86023 5.83907 5.81589 5.79082 5.76403 5.73569 5.70598 5.67508 5.64319 5.6105 5.5772 5.54348 5.50953 5.47553 5.44174 5.40859 5.37627 5.34495 5.31481 5.286 5.25869 5.23303 5.20916 5.18723 5.16737 5.14972 5.13438 5.12147 5.11108 5.10328 5.09815 5.09572 5.09603 5.09908 5.10485 5.11329 5.12434 5.13791 5.15389 5.17212 5.1924 5.21449 5.23815 5.26308 5.28899 5.31554 5.34242 
5.39158 5.42494 5.45771 5.48947 5.51982 5.54843 5.57504 5.59942 5.62146 5.64111 5.65837 5.67335 5.6862 5.69712 5.70638 5.71425 5.72104 5.72704 5.73252 5.73782 5.74321 5.749 5.75543 5.76275 5.77113 5.78075 5.79173 5.80414 5.81803 5.83339 5.85017 5.86802 5.88625 5.90469 5.92319 5.94156 5.95959 5.97705 5.99369 6.00925 6.02349 6.03613 6.04694 6.05566 6.06207 6.06598 6.06722 6.06566 6.06117 6.05366 6.04312 6.02959 6.01312 5.99377 5.97167 5.94696 5.91981 5.89042 5.85901 5.82578 5.79096 5.75479 5.7175 5.67932 5.64047 5.60118 5.56167 5.52214 5.48282 5.44416 5.40651 5.37005 5.33497 5.30145 5.26968 5.23982 5.21205 5.18654 5.16345 5.14293 5.12513 5.11019 5.09821 5.08932 5.08361 5.08114 5.08196 5.0861 5.09355 5.10427 5.1182 5.13527 5.15535 5.17824 5.20369 5.23143 5.26112 5.2924 5.32486 5.35806 5.39158 
5.45205 5.49282 5.53269 5.57106 5.6074 5.64127 5.67227 5.70015 5.72475 5.74601 5.764 5.77887 5.79086 5.80029 5.80753 5.81299 5.8171 5.82027 5.82289 5.82538 5.82814 5.83154 5.83594 5.84163 5.84887 5.85786 5.86877 5.88171 5.89673 5.91382 5.93288 5.95301 5.97383 5.99518 6.01685 6.03861 6.06019 6.0813 6.10161 6.12081 6.13856 6.15452 6.16862 6.18062 6.19005 6.19648 6.19956 6.19902 6.19467 6.18645 6.17437 6.15854 6.13913 6.11639 6.09058 6.06199 6.03063 5.99667 5.96037 5.92202 5.88189 5.84026 5.79741 5.7536 5.7091 5.66417 5.61904 5.57395 5.52914 5.48501 5.44206 5.40048 5.36049 5.32227 5.28604 5.25198 5.22028 5.19115 5.16477 5.14133 5.12099 5.10393 5.0903 5.08024 5.07388 5.07132 5.07264 5.07788 5.08707 5.10017 5.11715 5.13795 5.16244 5.19039 5.22153 5.2555 5.29193 5.33033 5.3702 5.41097 5.45205 
5.52341 5.57262 5.62057 5.66647 5.70959 5.7493 5.78511 5.81667 5.8438 5.86645 5.88474 5.89892 5.90935 5.91649 5.92085 5.92299 5.92351 5.92296 5.92185 5.92072 5.92008 5.92043 5.92218 5.92571 5.93136 5.93937 5.94994 5.96321 5.97926 5.99808 6.01919 6.04159 6.06509 6.08949 6.11453 6.13992 6.16533 6.19039 6.21472 6.23792 6.2602 6.28122 6.3003 6.3168 6.33006 6.3395 6.34464 6.34512 6.34073 6.33142 6.31729 6.29855 6.2755 6.2485 6.21795 6.18424 6.1478 6.10892 6.0675 6.0238 5.97815 5.93089 5.88235 5.83282 5.78261 5.73199 5.68124 5.6306 5.58033 5.53083 5.48266 5.43604 5.3912 5.34834 5.30768 5.26943 5.23381 5.20104 5.17134 5.14491 5.12196 5.10271 5.08733 5.07602 5.06893 5.0662 5.06795 5.07427 5.0852 5.10074 5.12087 5.14558 5.17472 5.20808 5.24534 5.28612 5.32995 5.37627 5.42444 5.47374 5.52341 
5.60519 5.66399 5.72114 5.7756 5.82637 5.87262 5.9137 5.94915 5.97876 6.00252 6.02063 6.03347 6.04156 6.04553 6.04609 6.04399 6.03998 6.03481 6.02909 6.02353 6.01877 6.01538 6.01391 6.0148 6.01843 6.02513 6.03512 6.04856 6.06554 6.08605 6.109 6.13369 6.15995 6.18753 6.21611 6.24536 6.27486 6.30417 6.33318 6.3623 6.39085 6.41801 6.44291 6.46465 6.48235 6.4952 6.50254 6.5039 6.49907 6.48809 6.47119 6.44876 6.42128 6.38929 6.35331 6.31389 6.27152 6.22669 6.17976 6.13049 6.07915 6.02613 5.9718 5.91649 5.86054 5.80425 5.7479 5.69177 5.63611 5.58135 5.52808 5.47654 5.42695 5.37953 5.33451 5.29212 5.2526 5.21619 5.18313 5.15367 5.12805 5.10652 5.0893 5.07663 5.0687 5.06571 5.06781 5.07514 5.08777 5.10576 5.1291 5.15779 5.19177 5.2308 5.27458 5.32267 5.37455 5.42957 5.48696 5.54582 5.60519 
5.69686 5.76651 5.83413 5.89831 5.95776 6.01133 6.05819 6.09774 6.12976 6.15429 6.17166 6.18243 6.18732 6.18719 6.18298 6.17565 6.16617 6.15544 6.14427 6.13349 6.12388 6.11614 6.1109 6.10868 6.10993 6.115 6.12418 6.13764 6.15548 6.1775 6.20222 6.22923 6.25832 6.2892 6.3215 6.35481 6.38864 6.42309 6.45878 6.49493 6.53061 6.56482 6.59643 6.62425 6.64705 6.6637 6.67327 6.67518 6.66927 6.65576 6.63514 6.60807 6.57529 6.53751 6.49544 6.44974 6.40101 6.34979 6.29658 6.24152 6.18434 6.12545 6.06527 6.00416 5.94249 5.88057 5.81869 5.75716 5.69621 5.63635 5.57814 5.52182 5.46761 5.41574 5.36645 5.31998 5.2766 5.23656 5.20013 5.1676 5.13925 5.11536 5.0962 5.08206 5.07318 5.0698 5.07214 5.08037 5.09464 5.11503 5.14158 5.17431 5.21322 5.25813 5.30873 5.36457 5.4251 5.48957 5.5571 5.6266 5.69686 
5.79784 5.87971 5.95921 6.03446 6.10373 6.16552 6.21871 6.26259 6.2969 6.3218 6.33778 6.34565 6.3464 6.34117 6.33116 6.31759 6.30168 6.28448 6.267 6.25023 6.2351 6.22242 6.2129 6.20715 6.20567 6.20886 6.21703 6.23037 6.249 6.27232 6.29878 6.32813 6.36012 6.3944 6.43057 6.46813 6.50705 6.54841 6.59154 6.63551 6.67922 6.72145 6.76079 6.79564 6.8243 6.84512 6.8568 6.85864 6.85067 6.83348 6.808 6.77523 6.73621 6.69189 6.64311 6.59065 6.53518 6.47731 6.41757 6.35636 6.29322 6.22839 6.16233 6.09545 6.0281 5.96063 5.89334 5.82652 5.76042 5.69564 5.63268 5.57174 5.51306 5.45687 5.40341 5.35295 5.30575 5.2621 5.22231 5.18668 5.15554 5.1292 5.10801 5.09227 5.08231 5.07841 5.08086 5.08987 5.10567 5.12838 5.15811 5.19488 5.23877 5.28967 5.34732 5.41128 5.48097 5.55561 5.63418 5.71542 5.79784 
5.90749 6.00309 6.09602 6.18384 6.26425 6.33527 6.39543 6.44385 6.48028 6.50504 6.51888 6.52293 6.51851 6.5071 6.49023 6.4694 6.44608 6.42149 6.39688 6.3734 6.35212 6.33395 6.31969 6.31002 6.3055 6.30657 6.31355 6.32666 6.34602 6.37044 6.39861 6.43031 6.46525 6.50305 6.54322 6.58538 6.631 6.67987 6.7311 6.78365 6.83628 6.88756 6.93574 6.97875 7.01425 7.03977 7.05331 7.05412 7.04273 7.02044 6.98877 6.94919 6.90301 6.85138 6.79531 6.73565 6.67314 6.60842 6.54206 6.4745 6.40531 6.33452 6.26261 6.19 6.11708 6.04418 5.9716 5.89964 5.82857 5.7591 5.69157 5.6262 5.56321 5.50283 5.44532 5.39095 5.34 5.29278 5.24963 5.21087 5.17688 5.14803 5.12469 5.10724 5.09606 5.0915 5.09389 5.10356 5.12075 5.14568 5.1785 5.21931 5.26815 5.3251 5.38995 5.4623 5.54159 5.62703 5.7175 5.81159 5.90749 
6.02514 6.13605 6.24412 6.34621 6.43925 6.52064 6.58845 6.64162 6.67994 6.70396 6.7148 6.71399 6.70329 6.68457 6.65974 6.63062 6.5989 6.56604 6.53351 6.50263 6.4746 6.45043 6.43102 6.4171 6.40927 6.40801 6.41366 6.42644 6.44642 6.4718 6.50164 6.53571 6.57366 6.61505 6.65932 6.70735 6.76021 6.81708 6.877 6.93884 7.00126 7.06262 7.12097 7.17371 7.21743 7.24815 7.26281 7.26094 7.2443 7.21527 7.17609 7.12866 7.07455 7.01506 6.95128 6.88412 6.81436 6.74266 6.66956 6.59557 6.52026 6.44349 6.36577 6.28754 6.20916 6.13098 6.05328 5.97635 5.90056 5.8266 5.75471 5.68509 5.61796 5.55354 5.49211 5.43392 5.37929 5.32855 5.28204 5.24014 5.20326 5.1718 5.14622 5.12693 5.11438 5.109 5.11119 5.12134 5.13977 5.16678 5.2026 5.24738 5.30119 5.36418 5.43629 5.51722 5.60646 5.70323 5.8064 5.9144 6.02514 
6.15008 6.27792 6.40298 6.5212 6.62857 6.72164 6.79789 6.85601 6.8959 6.91846 6.9253 6.9185 6.90032 6.87312 6.83921 6.80076 6.75965 6.71767 6.67647 6.63755 6.60222 6.57161 6.54667 6.5282 6.51683 6.51307 6.51726 6.52963 6.55005 6.57633 6.60782 6.64426 6.68525 6.7303 6.77916 6.83391 6.89435 6.95962 7.02872 7.10046 7.17348 7.24612 7.3161 7.38024 7.43386 7.47036 7.48462 7.4777 7.45367 7.41628 7.36841 7.31229 7.24964 7.18188 7.11013 7.03533 6.95826 6.87957 6.79982 6.71945 6.63796 6.5552 6.47169 6.38788 6.30416 6.22085 6.13822 6.05651 5.97629 5.89807 5.82202 5.74834 5.67724 5.60894 5.5437 5.48181 5.42357 5.36934 5.31949 5.27443 5.23461 5.20049 5.17255 5.1513 5.13724 5.13087 5.13269 5.14314 5.16265 5.19159 5.23027 5.27893 5.33771 5.40672 5.48611 5.57573 5.67516 5.7837 5.90026 6.02316 6.15008 
6.28157 6.42798 6.57194 6.70834 6.83196 6.93822 7.02379 7.08706 7.12811 7.14836 7.15009 7.13604 7.10913 7.07223 7.02811 6.97926 6.92783 6.8759 6.82535 6.7778 6.73469 6.69723 6.66644 6.64316 6.62806 6.62164 6.62427 6.63616 6.65685 6.68396 6.71708 6.75589 6.79996 6.84871 6.90307 6.96477 7.03305 7.10703 7.1857 7.26796 7.3524 7.43722 7.52005 7.59743 7.66333 7.70635 7.71742 7.70245 7.66895 7.6218 7.56431 7.49886 7.42729 7.351 7.27116 7.18868 7.10433 7.01874 6.93244 6.84584 6.75821 6.66953 6.58035 6.49109 6.40213 6.31379 6.22633 6.14008 6.0557 5.97344 5.89344 5.81589 5.74099 5.66895 5.60004 5.53454 5.47278 5.41511 5.36194 5.31371 5.2709 5.23403 5.20364 5.1803 5.16458 5.15706 5.15832 5.16889 5.1893 5.21999 5.26138 5.31379 5.37748 5.45259 5.53925 5.6376 5.74739 5.86804 5.99854 6.13724 6.28157 
6.41889 6.58537 6.75015 6.90692 7.04898 7.17021 7.26617 7.3348 7.37649 7.39343 7.38879 7.36616 7.32919 7.28135 7.22589 7.16557 7.10293 7.0403 6.97974 6.92303 6.8717 6.82704 6.79013 6.76183 6.74282 6.73363 6.73461 6.74596 6.76676 6.79466 6.82937 6.87055 6.91771 6.97037 7.03086 7.09965 7.17595 7.2589 7.34758 7.44079 7.5371 7.63475 7.73143 7.82369 7.905 7.95575 7.95898 7.93296 7.88828 7.83034 7.76258 7.68741 7.60667 7.52177 7.43381 7.3437 7.25218 7.15983 7.06716 6.97446 6.88076 6.7863 6.6916 6.59707 6.50307 6.40989 6.31778 6.22724 6.13882 6.05267 5.96892 5.88769 5.80915 5.73353 5.66108 5.59207 5.52685 5.46579 5.40932 5.35791 5.31207 5.27239 5.23944 5.21388 5.19635 5.18751 5.18802 5.19852 5.21962 5.25189 5.29582 5.35184 5.42032 5.50151 5.59558 5.70268 5.82293 5.95593 6.10083 6.25604 6.41889 
6.56129 6.74916 6.93658 7.11598 7.27894 7.41731 7.52494 7.59917 7.64089 7.65336 7.64096 7.60831 7.55991 7.4999 7.43193 7.35913 7.28444 7.2104 7.13926 7.07291 7.01298 6.96082 6.91755 6.88405 6.86101 6.84895 6.84821 6.85898 6.87972 6.90836 6.94464 6.98819 7.03844 7.09558 7.16231 7.23829 7.32279 7.415 7.51388 7.61824 7.72669 7.83754 7.94863 8.05688 8.15654 8.21685 8.20639 8.16707 8.11005 8.04066 7.96224 7.87717 7.78719 7.69368 7.59769 7.50008 7.40155 7.30264 7.20381 7.10509 7.00545 6.90536 6.80532 6.70572 6.60689 6.50909 6.4126 6.31811 6.22586 6.13595 6.04851 5.9637 5.88169 5.80263 5.72675 5.65434 5.58574 5.52134 5.46159 5.40698 5.35809 5.31551 5.27992 5.25201 5.23251 5.22217 5.22174 5.23197 5.25356 5.28718 5.33346 5.39293 5.46607 5.55326 5.65479 5.77085 5.90162 6.04714 6.20676 6.37904 6.56129 
6.70796 6.91825 7.1299 7.3342 7.52083 7.67897 7.79996 7.88011 7.92109 7.92776 7.90607 7.86191 7.80069 7.72724 7.64559 7.55939 7.47186 7.38578 7.30352 7.22712 7.15827 7.09836 7.04853 7.00969 6.98253 6.96752 6.96501 6.97514 6.99569 7.02502 7.06285 7.10874 7.1621 7.22421 7.29723 7.38054 7.47343 7.57496 7.6841 7.79968 7.92034 8.04451 8.17022 8.2948 8.41389 8.48498 8.45686 8.40297 8.33298 8.2518 8.16258 8.06756 7.9684 7.86639 7.76252 7.65761 7.55227 7.44703 7.34228 7.23757 7.13215 7.02662 6.92144 6.81699 6.71355 6.61135 6.51091 6.41271 6.31683 6.22337 6.13243 6.04415 5.95867 5.87621 5.79701 5.72129 5.64939 5.5817 5.51868 5.46088 5.40888 5.36335 5.325 5.29462 5.273 5.26099 5.25942 5.26916 5.29101 5.32578 5.37418 5.43691 5.51455 5.60762 5.71655 5.84169 5.98328 6.14143 6.31597 6.50569 6.70796 
6.85801 7.0914 7.32855 7.55988 7.77318 7.95439 8.09098 8.17749 8.21681 8.21618 8.18356 8.12631 8.05088 7.96266 7.86627 7.76579 7.66471 7.56601 7.47219 7.38538 7.30732 7.23946 7.18293 7.13864 7.10726 7.08927 7.08495 7.09431 7.11461 7.14459 7.18393 7.23216 7.2887 7.35613 7.43556 7.52633 7.6276 7.73843 7.85779 7.98454 8.11738 8.2548 8.39502 8.53576 8.67371 8.75627 8.70828 8.63931 8.5561 8.46305 8.36305 8.25818 8.14998 8.03966 7.92813 7.81614 7.70425 7.59292 7.48247 7.37177 7.26076 7.15001 7.03993 6.93086 6.82304 6.71677 6.61272 6.51104 6.41176 6.31495 6.22069 6.1291 6.04032 5.95453 5.87197 5.79292 5.71774 5.6468 5.58055 5.51954 5.4644 5.41585 5.37466 5.34167 5.31778 5.30391 5.30101 5.31003 5.33192 5.36758 5.41788 5.48364 5.56558 5.66436 5.78059 5.91476 6.06728 6.23842 6.42807 6.63539 6.85801 
7.01042 7.26725 7.53077 7.79094 8.03402 8.24232 8.39761 8.49114 8.52773 8.51807 8.47277 8.40084 8.30972 8.20548 8.09337 7.97781 7.86254 7.7507 7.64493 7.54741 7.45993 7.38395 7.3206 7.27079 7.23515 7.21412 7.20797 7.21644 7.23643 7.26703 7.30787 7.35841 7.41846 7.49136 7.57729 7.67547 7.78506 7.90511 8.0346 8.1724 8.31726 8.46774 8.62222 8.77868 8.9345 9.02449 8.95923 8.87514 8.77874 8.67391 8.56329 8.44875 8.33174 8.21335 8.09442 7.97561 7.85743 7.74029 7.62413 7.50764 7.39126 7.27551 7.16077 7.04731 6.93535 6.8255 6.71809 6.61313 6.51065 6.41068 6.31329 6.21856 6.12662 6.03764 5.95184 5.8695 5.79098 5.71668 5.64714 5.58291 5.5246 5.47296 5.42883 5.39312 5.3668 5.3509 5.34645 5.35454 5.37621 5.41251 5.46445 5.53297 5.61896 5.72324 5.84657 5.98963 6.15301 6.33715 6.54214 6.76728 7.01042 
7.16336 7.44372 7.73414 8.02459 8.30045 8.54005 8.71872 8.82088 8.85341 8.83283 8.773 8.68472 8.57642 8.45504 8.32629 8.19492 8.06489 7.93949 7.82143 7.71296 7.61588 7.53166 7.46142 7.40603 7.36609 7.34202 7.33401 7.34148 7.36113 7.39231 7.4346 7.48746 7.55149 7.6299 7.72226 7.82778 7.94559 8.07475 8.21422 8.36291 8.51958 8.68288 8.85127 9.02295 9.1957 9.29211 9.20877 9.1098 9.00043 8.88406 8.76305 8.63912 8.51357 8.38739 8.26134 8.136 8.01182 7.88915 7.76719 7.64513 7.52363 7.40313 7.28397 7.16636 7.0507 6.93759 6.82703 6.71901 6.61352 6.51058 6.41023 6.31252 6.21757 6.12553 6.03661 5.95107 5.86927 5.79164 5.71869 5.65105 5.58943 5.53463 5.48747 5.44892 5.42003 5.4019 5.39571 5.40262 5.42382 5.46049 5.51377 5.58477 5.67452 5.78401 5.91418 6.06588 6.23989 6.43682 6.65695 6.89977 7.16336 
7.31521 7.61874 7.936 8.25744 8.56663 8.84154 9.05029 9.16521 9.19337 9.15976 9.08344 8.97707 8.85028 8.71069 8.56447 8.41665 8.27136 8.13202 8.00142 7.8818 7.775 7.68246 7.60528 7.54428 7.50004 7.4729 7.46304 7.46938 7.48865 7.52038 7.56419 7.61947 7.68776 7.77164 7.87036 7.98312 8.10903 8.24714 8.39644 8.55581 8.72407 8.8999 9.08185 9.26825 9.45716 9.64611 9.45633 9.34289 9.22087 9.09327 8.96219 8.82918 8.69541 8.56176 8.4289 8.29734 8.16746 8.0394 7.91162 7.78425 7.65788 7.53289 7.40955 7.28811 7.16925 7.05309 6.93959 6.82871 6.72041 6.61467 6.51152 6.41098 6.31316 6.21818 6.12624 6.0376 5.95261 5.87169 5.79538 5.7243 5.65922 5.60099 5.55057 5.50903 5.47741 5.45689 5.44874 5.45424 5.47471 5.51146 5.56578 5.63892 5.73209 5.84645 5.9831 6.14308 6.32735 6.5367 6.77156 7.03161 7.31521 
7.46468 7.79073 8.13435 8.48578 8.82862 9.14255 9.38964 9.52191 9.54666 9.49801 9.40314 9.27709 9.13056 8.9718 8.80736 8.64252 8.48157 8.328 8.18463 8.05374 7.93713 7.83622 7.75207 7.68546 7.63691 7.60672 7.59501 7.6001 7.61898 7.65136 7.69675 7.75448 7.82722 7.91648 8.02148 8.14136 8.27523 8.42214 8.58107 8.75091 8.9305 9.11858 9.31373 9.5144 9.71882 9.92484 9.70222 9.57413 9.43988 9.30144 9.16066 9.01893 8.87728 8.73649 8.59715 8.45968 8.3244 8.19077 8.05742 7.92502 7.79406 7.66484 7.53758 7.41285 7.29104 7.17206 7.05582 6.94226 6.83132 6.72296 6.61716 6.51395 6.41339 6.31559 6.22074 6.12909 6.04097 5.95681 5.87717 5.80268 5.73413 5.6724 5.61853 5.57364 5.53896 5.51582 5.50551 5.50937 5.52884 5.56537 5.6204 5.69533 5.79154 5.91035 6.05305 6.22086 6.41489 6.63612 6.88512 7.16176 7.46468 
7.61072 7.95838 8.32752 8.70719 9.08357 9.43857 9.73318 9.89054 9.91101 9.84659 9.73122 9.584 9.41658 9.23777 9.05447 8.87213 8.69517 8.52713 8.37084 8.22858 8.10211 7.99282 7.90171 7.8295 7.77667 7.74344 7.72987 7.73367 7.75229 7.78535 7.83228 7.89263 7.9698 8.06436 8.17552 8.3024 8.44409 8.59962 8.76798 8.94807 9.13876 9.33878 9.5468 9.76133 9.98074 10.0766 9.94423 9.80337 9.65738 9.50852 9.35845 9.20839 9.05923 8.91165 8.76615 8.62309 8.48267 8.34324 8.20464 8.0675 7.9322 7.79901 7.6683 7.54069 7.41614 7.29454 7.17576 7.05971 6.9463 6.83547 6.72718 6.62142 6.51824 6.41774 6.32008 6.2255 6.13432 6.04699 5.96405 5.88616 5.81412 5.74888 5.69149 5.64316 5.60519 5.579 5.56607 5.56797 5.58617 5.62218 5.67758 5.75393 5.85276 5.97557 6.12382 6.2989 6.5021 6.73452 6.99692 7.28934 7.61072 
7.75252 8.12071 8.51384 8.92026 9.32921 9.7253 10.0743 10.2709 10.2857 10.2045 10.0668 9.89701 9.70765 9.50803 9.30529 9.10506 8.91183 8.72914 8.55984 8.40616 8.26983 8.15216 8.05411 7.97634 7.91925 7.883 7.86769 7.87025 7.8886 7.9223 7.97074 8.03391 8.11543 8.21521 8.33241 8.46615 8.6155 8.77948 8.95708 9.14721 9.34873 9.56044 9.78101 10.009 10.468 10.3315 10.1842 10.0306 9.87336 9.71455 9.55562 9.39763 9.24131 9.0873 8.93599 8.78766 8.64187 8.49689 8.35334 8.21173 8.07239 7.93555 7.80196 7.6717 7.54462 7.42058 7.29945 7.18108 7.06537 6.95222 6.84157 6.7334 6.62772 6.52462 6.42425 6.32682 6.23266 6.1422 6.05599 5.97472 5.8992 5.83041 5.76946 5.71761 5.67624 5.64685 5.63103 5.63045 5.64681 5.68187 5.73729 5.81466 5.91568 6.04201 6.19526 6.37699 6.58866 6.83151 7.10644 7.4137 7.75252 
7.88954 8.27701 8.69231 9.12403 9.56391 9.99944 10.404 10.6627 10.6703 10.5703 10.4091 10.2154 10.0031 9.78203 9.55939 9.34096 9.13125 8.93381 8.75145 8.58634 8.44016 8.31415 8.20922 8.12592 8.06461 8.02556 8.00854 8.00985 8.0279 8.06221 8.11212 8.17826 8.26406 8.36895 8.49209 8.63255 8.7894 8.96166 9.1483 9.34824 9.56037 9.78349 10.0163 10.2575 10.5054 10.583 10.4216 10.2629 10.2284 9.91959 9.75223 9.58669 9.42365 9.26356 9.10678 8.95349 8.80196 8.65176 8.50358 8.35781 8.21469 8.07485 7.93866 7.80595 7.67654 7.55025 7.42693 7.30641 7.18855 7.07322 6.96035 6.84989 6.74183 6.63623 6.53323 6.43303 6.33595 6.24242 6.15298 6.06834 5.98934 5.91698 5.85243 5.79699 5.75212 5.71941 5.70054 5.69729 5.71149 5.745 5.79972 5.87753 5.98026 6.10958 6.26726 6.45499 6.67438 6.92682 7.21335 7.53442 7.88954 
8.02149 8.42689 8.86257 9.31792 9.7867 10.259 10.7164 11.0655 11.0641 10.9429 10.7571 10.5383 10.3024 10.0593 9.81636 9.5795 9.35318 9.14093 8.94549 8.76899 8.61301 8.47873 8.36696 8.27822 8.21295 8.17122 8.15239 8.15243 8.17016 8.20505 8.25639 8.32565 8.41564 8.52555 8.6545 8.80154 8.96574 9.1461 9.34159 9.55114 9.77365 10.0079 10.2527 10.5067 10.7684 10.8312 10.6565 10.479 10.301 10.1237 9.9484 9.77575 9.60634 9.44054 9.27862 9.12012 8.96302 8.80796 8.65545 8.50581 8.35945 8.21705 8.07847 7.9435 7.81195 7.6836 7.55825 7.43573 7.31586 7.1985 7.08354 6.9709 6.86056 6.75256 6.64701 6.54412 6.44418 6.34762 6.255 6.16701 6.08453 6.00859 5.94039 5.8813 5.83285 5.79671 5.77464 5.76854 5.78035 5.81206 5.8657 5.9433 6.04686 6.17838 6.33977 6.53281 6.75915 7.0203 7.31746 7.65125 8.02149 
8.14824 8.57017 9.0245 9.50172 9.99716 10.5033 11.0094 11.4722 11.4665 11.3216 11.1101 10.8652 10.6049 10.3393 10.0758 9.82037 9.57738 9.35031 9.14184 8.95399 8.78829 8.64581 8.52732 8.43344 8.36435 8.31998 8.29923 8.29798 8.31537 8.35081 8.40355 8.47605 8.57015 8.68497 8.8196 8.97309 9.14448 9.33276 9.53691 9.75587 9.98854 10.2337 10.4902 10.7568 11.0318 11.0761 10.8888 10.7005 10.5128 10.3271 10.1442 9.9649 9.78951 9.61836 9.45163 9.28743 9.12515 8.96557 8.80906 8.65592 8.50696 8.36222 8.22145 8.08449 7.95091 7.82066 7.69346 7.56908 7.44735 7.32807 7.21113 7.09642 6.9839 6.87359 6.76558 6.66007 6.55733 6.45779 6.36201 6.2707 6.18475 6.10521 6.03333 5.97055 5.91844 5.87875 5.85336 5.84424 5.85345 5.88312 5.93539 6.01243 6.1164 6.24942 6.41357 6.61084 6.84309 7.11196 7.41872 7.76413 8.14824 
8.27041 8.70741 9.17876 9.6761 10.1959 10.7332 11.2824 11.8184 11.8767 11.7056 11.4672 11.1954 10.9101 10.6216 10.3374 10.0633 9.80364 9.5618 9.34036 9.14126 8.96593 8.81542 8.69056 8.59167 8.5188 8.47182 8.44904 8.44648 8.4635 8.49946 8.5537 8.62941 8.72753 8.84716 8.98735 9.14715 9.32557 9.52162 9.73426 9.96243 10.205 10.4609 10.7289 11.0077 11.2959 11.318 11.1189 10.9202 10.7235 10.5298 10.3399 10.1543 9.9733 9.79715 9.62531 9.45552 9.28847 9.1247 8.9645 8.8086 8.65733 8.51045 8.36769 8.22879 8.09348 7.96149 7.83258 7.70649 7.58301 7.46195 7.34314 7.22646 7.11186 6.99932 6.88893 6.78085 6.67538 6.57291 6.474 6.37939 6.28997 6.20683 6.13125 6.06472 6.00888 5.96556 5.93671 5.92442 5.93085 5.95824 6.00887 6.08503 6.18901 6.32309 6.48947 6.69028 6.92753 7.20299 7.51809 7.87379 8.27041 
8.38954 8.8402 9.32703 9.84271 10.3847 10.9505 11.5378 12.1298 12.2936 12.0942 11.8277 11.5282 11.2175 10.9059 10.6009 10.3081 10.0318 9.77524 9.54094 9.33071 9.14601 8.98784 8.85672 8.75287 8.67628 8.62672 8.6018 8.59792 8.61455 8.651 8.70686 8.7857 8.88776 9.01209 9.15773 9.3237 9.50901 9.71266 9.93361 10.1708 10.4232 10.6896 10.9688 11.2596 11.5605 11.5569 11.3467 11.1384 10.9333 10.7321 10.5356 10.3441 10.1578 9.97703 9.79944 9.62453 9.45309 9.28547 9.1222 8.964 8.81063 8.66181 8.51725 8.37665 8.23971 8.10614 7.97565 7.84798 7.72289 7.60015 7.47957 7.36103 7.24443 7.12974 7.01704 6.90646 6.7983 6.69294 6.59095 6.49306 6.40018 6.31343 6.23414 6.16382 6.10419 6.05715 6.02474 6.00913 6.0126 6.03749 6.08622 6.16118 6.26481 6.3995 6.56759 6.77136 7.01291 7.29416 7.61669 7.98164 8.38954 
8.50593 8.96887 9.46974 10.002 10.5639 11.1556 11.7763 12.4147 12.7165 12.4865 12.1909 11.8631 11.5267 11.1918 10.8659 10.5545 10.2616 9.99052 9.74351 9.52252 9.32878 9.16306 9.02577 8.91704 8.83677 8.78466 8.75748 8.75227 8.76849 8.8054 8.863 8.94491 9.05081 9.17974 9.33071 9.50272 9.69478 9.90587 10.135 10.381 10.6429 10.9196 11.2098 11.5124 11.826 11.7932 11.5726 11.3553 11.1422 10.934 10.7313 10.5343 10.3433 10.1574 9.97419 9.7946 9.61912 9.44812 9.28251 9.12222 8.96696 8.81639 8.67021 8.52807 8.38965 8.25464 8.12271 7.99359 7.86699 7.74268 7.62044 7.50012 7.3816 7.26484 7.14989 7.03688 6.92608 6.81788 6.71284 6.61169 6.51536 6.42501 6.34198 6.26784 6.20437 6.15353 6.11745 6.09839 6.09873 6.12093 6.1675 6.24097 6.34388 6.47877 6.64809 6.85423 7.09942 7.38569 7.71476 8.08792 8.50593 
8.6199 9.09378 9.60731 10.1545 10.7342 11.349 11.9988 12.6762 13.1443 12.8818 12.5559 12.1995 11.8371 11.479 11.1323 10.8023 10.4931 10.2076 9.94835 9.71687 9.51423 9.34107 9.1977 9.08416 9.00026 8.94554 8.91607 8.90953 8.92531 8.96264 9.02208 9.107 9.21666 9.35008 9.50626 9.68419 9.88286 10.1012 10.3383 10.5931 10.8647 11.1511 11.4522 11.7663 12.0921 12.027 11.7969 11.571 11.3505 11.1358 10.9274 10.7253 10.5297 10.3379 10.1497 9.96587 9.78673 9.61319 9.44551 9.28335 9.12638 8.97426 8.82662 8.6831 8.54336 8.40703 8.2738 8.14334 8.01535 7.88956 7.76575 7.64373 7.52337 7.40461 7.28748 7.17209 7.0587 6.94769 6.83963 6.73525 6.63549 6.54153 6.45475 6.37676 6.30941 6.2547 6.21486 6.19224 6.1893 6.20861 6.25279 6.32448 6.42635 6.56103 6.7311 6.93906 7.18724 7.47779 7.81253 8.19292 8.6199 
8.7318 9.21534 9.74023 10.3008 10.8963 11.5314 12.2066 12.9167 13.5759 13.2794 12.9223 12.5369 12.1486 11.7672 11.3998 11.0514 10.7261 10.4268 10.1556 9.91375 9.70234 9.52185 9.37249 9.25422 9.16674 9.10932 9.07755 9.06967 9.085 9.12272 9.18411 9.27194 9.38528 9.5231 9.68438 9.8681 10.0732 10.2988 10.5437 10.807 11.0875 11.3841 11.6958 12.0212 12.3592 12.2969 12.0194 11.7857 11.5583 11.4329 11.1239 10.9171 10.7162 10.5189 10.3262 10.1385 9.95645 9.78084 9.61129 9.44747 9.28899 9.13548 8.98654 8.8418 8.70087 8.56337 8.42894 8.29725 8.16797 8.0408 7.91551 7.79187 7.66974 7.54904 7.42978 7.31207 7.19613 7.08236 6.97131 6.86372 6.76055 6.66298 6.57245 6.49059 6.41931 6.36069 6.317 6.2907 6.28435 6.30059 6.34216 6.41182 6.51232 6.64641 6.81679 7.02603 7.27658 7.57069 7.91029 8.29696 8.7318 
8.84201 9.33399 9.86897 10.4413 11.0509 11.7037 12.4007 13.1384 13.9107 13.6785 13.2895 12.875 12.4607 12.0562 11.6682 11.302 10.9611 10.6482 10.3651 10.1131 9.89308 9.70538 9.55014 9.42719 9.33619 9.27598 9.24192 9.23267 9.24753 9.28562 9.34904 9.43973 9.55666 9.69878 9.86505 10.0544 10.2659 10.4985 10.7511 11.0227 11.3123 11.6186 11.9407 12.2773 12.6272 12.4881 12.2406 11.9997 11.7659 11.5458 11.3209 11.1097 10.9028 10.7006 10.5038 10.3128 10.1286 9.95115 9.77996 9.61466 9.45485 9.30012 9.15004 9.00421 8.86222 8.72367 8.58817 8.45535 8.32487 8.19642 8.06971 7.94453 7.8207 7.69813 7.57679 7.4568 7.33836 7.22186 7.10785 6.99708 6.89051 6.78935 6.69505 6.60931 6.53407 6.47147 6.42388 6.3938 6.3839 6.39692 6.43568 6.50305 6.60189 6.73504 6.90528 7.11531 7.36765 7.66464 8.00832 8.40036 8.84201 
8.95091 9.45017 9.99407 10.5768 11.1987 11.8667 12.5823 13.3431 14.1452 14.0785 13.657 13.2133 12.7731 12.3458 11.938 11.5543 11.198 10.8717 10.577 10.315 10.0865 9.89167 9.73062 9.60308 9.50859 9.44549 9.40915 9.39854 9.41291 9.45141 9.51686 9.61034 9.73078 9.8771 10.0483 10.2432 10.4609 10.7004 10.9605 11.2403 11.5388 11.8547 12.1871 12.5346 12.8961 12.716 12.4607 12.2131 11.9735 11.7819 11.5188 11.302 11.0897 10.8831 10.6826 10.4894 10.3034 10.1242 9.9516 9.78501 9.62404 9.46824 9.31717 9.17039 9.02747 8.88797 8.7515 8.61765 8.48607 8.3564 8.22837 8.10172 7.97625 7.85185 7.7285 7.60627 7.48537 7.36618 7.24924 7.1353 7.02535 6.9206 6.82254 6.73291 6.65368 6.58707 6.5355 6.50156 6.48799 6.49764 6.53341 6.59826 6.69515 6.82702 6.99674 7.20708 7.46066 7.75989 8.10689 8.50344 8.95091 
9.05887 9.56431 10.116 10.7077 11.3403 12.0213 12.7527 13.5327 14.3587 14.4787 14.0242 13.5515 13.086 12.6365 12.2091 11.8082 11.4368 11.0973 10.7911 10.5193 10.2825 10.0807 9.91395 9.78188 9.68395 9.61785 9.57922 9.56725 9.5811 9.62012 9.68756 9.78376 9.90762 10.0581 10.234 10.4344 10.6582 10.9044 11.172 11.4599 11.7671 12.0924 12.4348 12.7932 13.1661 12.9423 12.6799 12.4261 12.1823 11.9451 11.717 11.4941 11.2771 11.0666 10.8635 10.6684 10.4807 10.3002 10.1263 9.95858 9.79661 9.6399 9.48798 9.34038 9.19664 9.05631 8.91897 8.78418 8.65157 8.52078 8.39149 8.26342 8.13637 8.01021 7.88488 7.76046 7.63714 7.51529 7.39545 7.27837 7.16505 7.05672 6.95491 6.86136 6.77813 6.70746 6.65186 6.61399 6.59665 6.60279 6.6354 6.69752 6.79221 6.92249 7.09131 7.30152 7.55582 7.85668 8.2063 8.60654 9.05887 
9.1663 9.67686 10.2353 10.8348 11.4765 12.1685 12.913 13.7087 14.554 14.8785 14.3911 13.89 13.3996 12.9283 12.4816 12.0637 11.6775 11.325 11.0076 10.7262 10.4811 10.2725 10.1001 9.96356 9.86224 9.79305 9.75214 9.73878 9.75211 9.79175 9.86112 9.95996 10.0872 10.2416 10.4223 10.628 10.8578 11.1107 11.3855 11.6813 11.9971 12.3317 12.684 13.053 13.4372 13.1673 12.8985 12.639 12.389 12.1485 11.9145 11.6864 11.4653 11.2517 11.0467 10.8499 10.6608 10.4791 10.3041 10.1355 9.97264 9.81516 9.66251 9.51421 9.36977 9.22872 9.09059 8.95495 8.8214 8.68955 8.55906 8.42964 8.30106 8.17318 8.04592 7.91935 7.79364 7.66916 7.54645 7.42626 7.30958 7.1977 7.09212 6.99467 6.90741 6.83267 6.77298 6.7311 6.70991 6.71241 6.7417 6.80091 6.89315 7.02155 7.18912 7.3988 7.65332 7.95524 8.30682 8.70999 9.1663 
9.27355 9.78826 10.3525 10.9587 11.608 12.309 13.0643 13.8729 14.7333 15.278 14.7578 14.2286 13.7139 13.2209 12.7553 12.3208 11.92 11.5548 11.2264 10.9354 10.6823 10.4669 10.2891 10.1481 10.0434 9.97106 9.92788 9.91314 9.92592 9.96627 10.0375 10.1389 10.2694 10.4278 10.613 10.824 11.0597 11.3191 11.6011 11.9047 12.2289 12.5727 12.9348 13.3141 13.6754 13.391 13.1164 12.8519 12.5997 12.3515 12.1117 11.8792 11.6546 11.439 11.2323 11.0341 10.8438 10.661 10.4851 10.3157 10.1522 9.99406 9.84082 9.69194 9.5469 9.40521 9.26639 9.12999 8.99556 8.86271 8.73109 8.60037 8.47032 8.34076 8.21161 8.08292 7.95487 7.82779 7.70222 7.57894 7.45894 7.3435 7.23417 7.13281 7.04151 6.96266 6.89886 6.85291 6.82778 6.82655 6.85238 6.90848 6.99807 7.12431 7.29032 7.49906 7.75336 8.05582 8.40873 8.81411 9.27355 
9.381 9.89894 10.468 11.0797 11.7354 12.4438 13.2078 14.0265 14.8988 15.677 15.1241 14.5673 14.0284 13.5144 13.0303 12.5795 12.1644 11.7867 11.4474 11.1472 10.8861 10.6642 10.4808 10.3356 10.2274 10.1519 10.1064 10.0903 10.1025 10.1437 10.2167 10.3207 10.4543 10.6166 10.8063 11.0224 11.2639 11.5297 11.8188 12.1301 12.4626 12.8153 13.187 13.5773 13.9042 13.6137 13.3344 13.0648 12.8059 12.5536 12.3089 12.0726 11.8458 11.6285 11.4204 11.221 11.0297 10.846 10.6694 10.4994 10.3353 10.1767 10.0229 9.87358 9.72805 9.58582 9.44639 9.30929 9.17406 9.04028 8.90758 8.77561 8.64413 8.51294 8.38194 8.25117 8.12079 7.99114 7.86275 7.73639 7.61308 7.4941 7.38104 7.27576 7.18042 7.09745 7.02949 6.97943 6.95028 6.94521 6.96746 7.0203 7.10703 7.23087 7.39501 7.60248 7.85613 8.15862 8.5123 8.91921 9.381 
9.48901 10.0093 10.5824 11.1986 11.8594 12.5736 13.3444 14.1709 15.0522 15.9868 15.4898 14.906 14.3435 13.8088 13.3064 12.8396 12.4105 12.0206 11.6707 11.3614 11.0926 10.8641 10.6754 10.5259 10.4142 10.3355 10.2878 10.2702 10.2819 10.3239 10.3988 10.5052 10.6419 10.808 11.0021 11.2233 11.4704 11.7425 12.0385 12.3574 12.6981 13.0596 13.4408 13.8406 14.1316 13.8356 13.551 13.2778 13.0125 12.755 12.5063 12.2676 12.0391 11.8205 11.6112 11.4107 11.2186 11.0342 10.857 10.6865 10.522 10.363 10.2089 10.0592 9.91325 9.77056 9.6306 9.49288 9.35691 9.22225 9.08852 8.95536 8.82248 8.68969 8.55688 8.42406 8.29139 8.15919 8.02801 7.8986 7.77199 7.64948 7.53269 7.42351 7.32412 7.23701 7.16488 7.11065 7.07743 7.06844 7.08699 7.13643 7.22011 7.34133 7.50333 7.70919 7.96181 8.26388 8.61778 9.02559 9.48901 
9.59686 10.1188 10.6949 11.3148 11.9796 12.6983 13.4743 14.3068 15.1946 16.1362 15.8547 15.2445 14.6589 14.1039 13.5838 13.1013 12.6585 12.2566 11.8964 11.5781 11.3016 11.0667 10.8728 10.719 10.6038 10.5219 10.4719 10.453 10.464 10.5071 10.5836 10.6924 10.8322 11.0019 11.2004 11.4265 11.6793 11.9576 12.2604 12.5867 12.9355 13.3057 13.6963 14.106 14.3577 14.0568 13.768 13.4889 13.2178 12.9561 12.7047 12.4644 12.2345 12.0148 11.8045 11.6033 11.4106 11.2257 11.0481 10.8772 10.7124 10.5532 10.3988 10.2488 10.1025 9.95946 9.81905 9.68076 9.54411 9.40863 9.27392 9.1396 9.00537 8.87103 8.73643 8.60159 8.46664 8.33193 8.19796 8.06552 7.93563 7.8096 7.68906 7.57595 7.47248 7.38118 7.30481 7.24635 7.20895 7.19591 7.2106 7.25645 7.33685 7.45518 7.61471 7.81857 8.06972 8.37087 8.72444 9.13252 9.59686 
9.70393 10.2267 10.805 11.4279 12.0958 12.8178 13.5976 14.4343 15.3265 16.2726 16.2188 15.5827 14.9745 14.3998 13.8623 13.3645 12.9083 12.4947 12.1243 11.7972 11.5133 11.2721 11.073 10.915 10.7961 10.711 10.6588 10.6385 10.649 10.693 10.7712 10.8823 11.0252 11.1985 11.4012 11.6322 11.8904 12.1748 12.4844 12.8181 13.1748 13.5536 13.9534 14.3729 14.583 14.2859 13.9837 13.6981 13.4224 13.1577 12.9047 12.6629 12.432 12.2113 12.0004 11.7987 11.6055 11.4203 11.2425 11.0714 10.9065 10.7471 10.5926 10.4424 10.2959 10.1525 10.0117 9.87295 9.73567 9.59942 9.46377 9.32833 9.19277 9.05688 8.92049 8.78361 8.64637 8.50908 8.37227 8.23671 8.10345 7.97382 7.84947 7.73235 7.62473 7.52916 7.44846 7.38565 7.34396 7.32673 7.3374 7.37944 7.45633 7.57149 7.72823 7.92975 8.17902 8.47879 8.83152 9.23931 9.70393 
9.81053 10.3335 10.9134 11.5384 12.2087 12.9328 13.7151 14.5545 15.4495 16.398 16.5819 15.9207 15.2905 14.6965 14.142 13.6293 13.16 12.7349 12.3545 12.0188 11.7276 11.4802 11.2759 11.1139 10.9911 10.903 10.8485 10.8268 10.8368 10.8818 10.9616 11.075 11.2207 11.3976 11.6045 11.8403 12.1039 12.3943 12.7105 13.0514 13.416 13.8033 14.2121 14.6414 14.8076 14.4975 14.1964 13.906 13.6271 13.3607 13.1063 12.8634 12.6325 12.4103 12.1989 11.9968 11.8034 11.618 11.4401 11.269 11.1041 10.9447 10.7901 10.6399 10.4932 10.3496 10.2085 10.0692 9.93136 9.79436 9.65776 9.52118 9.38427 9.24679 9.10859 8.96963 8.83005 8.69016 8.55048 8.4118 8.27515 8.14189 8.0137 7.89254 7.78072 7.68083 7.59573 7.5285 7.48241 7.46086 7.46735 7.50541 7.57858 7.69032 7.844 8.04284 8.28986 8.58784 8.93925 9.34622 9.81053 
9.91696 10.4395 11.0201 11.6468 12.3186 13.0439 13.8276 14.6685 15.5647 16.5139 16.9441 16.2583 15.6068 14.994 14.4229 13.8957 13.4135 12.9772 12.587 12.2429 11.9444 11.691 11.4817 11.3156 11.1889 11.0977 11.041 11.0178 11.0275 11.0734 11.1547 11.2704 11.419 11.5993 11.8103 12.0508 12.3198 12.6161 12.9388 13.2868 13.6592 14.0548 14.4726 14.9114 15.031 14.7135 14.4074 14.1136 13.833 13.5652 13.3097 13.066 12.8335 12.6117 12.4 12.1977 12.0042 11.8188 11.641 11.4699 11.3051 11.1457 10.9913 10.841 10.6942 10.5505 10.409 10.2694 10.1309 9.99318 9.85566 9.71795 9.57969 9.44063 9.3006 9.15956 9.01764 8.87513 8.73257 8.59074 8.45068 8.31378 8.18171 8.05648 7.94042 7.83616 7.7466 7.67487 7.62429 7.59831 7.60049 7.63441 7.70365 7.81174 7.96209 8.15795 8.40238 8.69818 9.04784 9.45351 9.91696 
10.0235 10.5451 11.1258 11.7534 12.4261 13.1518 13.9359 14.7771 15.6732 16.6216 17.3051 16.5956 15.9233 15.2922 14.705 14.1636 13.6689 13.2216 12.8219 12.4695 12.1639 11.9045 11.6902 11.52 11.3894 11.2951 11.2362 11.2115 11.2211 11.2678 11.3507 11.4684 11.6198 11.8036 12.0186 12.2637 12.5379 12.8401 13.1692 13.5243 13.9043 14.3081 14.7347 15.1829 15.2499 14.9272 14.6178 14.3223 14.0404 13.7715 13.5151 13.2707 13.0378 12.8157 12.6038 12.4014 12.208 12.0227 11.845 11.6742 11.5095 11.3504 11.196 11.0457 10.899 10.7551 10.6134 10.4734 10.3344 10.1959 10.0574 9.91861 9.77901 9.63837 9.49651 9.35338 9.20909 9.06396 8.9185 8.7735 8.63003 8.48945 8.35348 8.22415 8.10382 7.99514 7.90107 7.82477 7.7696 7.73909 7.73683 7.76645 7.83159 7.93582 8.08259 8.2752 8.51672 8.80998 9.15749 9.5614 10.0235 
10.1304 10.6505 11.2306 11.8587 12.5318 13.257 14.0407 14.8811 15.7761 16.7226 17.6652 16.9326 16.2402 15.5913 14.9884 14.4331 13.9262 13.4682 13.0591 12.6985 12.386 12.1207 11.9015 11.7272 11.5926 11.4952 11.4341 11.408 11.4174 11.4649 11.5493 11.6692 11.8233 12.0104 12.2294 12.4791 12.7584 13.0663 13.4018 13.7638 14.1514 14.5633 14.9985 15.4558 15.4657 15.1401 14.829 14.5323 14.2493 14.1483 13.7225 13.4777 13.2445 13.0223 12.8104 12.6082 12.4149 12.2299 12.0524 11.8819 11.7175 11.5585 11.4043 11.2542 11.1075 10.9635 10.8216 10.6812 10.5416 10.4024 10.2631 10.1232 9.98221 9.83998 9.69628 9.55105 9.40439 9.25662 9.10825 8.96006 8.81314 8.66888 8.52899 8.39553 8.27088 8.15775 8.05911 7.97817 7.91836 7.88321 7.87639 7.90157 7.96245 8.06263 8.2056 8.39469 8.633 8.92339 9.26838 9.67012 10.1304 
10.2379 10.7561 11.3349 11.963 12.6359 13.3601 14.1425 14.9814 15.8744 16.8178 17.8071 17.2694 16.5574 15.8913 15.2731 14.7043 14.1854 13.7169 13.2986 12.9301 12.6107 12.3396 12.1156 11.937 11.7985 11.6981 11.6348 11.6072 11.6166 11.6649 11.7507 11.8726 12.0294 12.2198 12.4427 12.6969 12.9813 13.2949 13.6366 14.0055 14.4003 14.8201 15.2637 15.7301 15.6809 15.3537 15.0414 14.7436 14.4597 14.1894 13.932 13.687 13.4538 13.2316 13.0199 12.8179 12.6249 12.4402 12.2632 12.093 11.9289 11.7703 11.6163 11.4663 11.3197 11.1756 11.0335 10.8928 10.7527 10.6129 10.4726 10.3316 10.1893 10.0454 9.89988 9.75254 9.60351 9.45308 9.30177 9.15039 9.00001 8.85203 8.70819 8.57058 8.44159 8.32397 8.22071 8.13509 8.07054 8.03067 8.01919 8.03981 8.09627 8.19221 8.33117 8.5165 8.75135 9.03856 9.38069 9.77988 10.2379 
10.3463 10.8621 11.439 12.0667 12.739 13.4615 14.242 15.0786 15.9687 16.9084 17.8925 17.606 16.875 16.1921 15.5591 14.9771 14.4466 13.9678 13.5405 13.1642 12.838 12.5611 12.3324 12.1495 12.0072 11.9037 11.8381 11.8092 11.8186 11.8676 11.9548 12.0787 12.2382 12.4318 12.6585 12.9171 13.2065 13.5257 13.8735 14.249 14.651 15.0786 15.5305 16.0057 15.8966 15.5682 15.2549 14.9564 14.672 14.4013 14.1438 13.8988 13.6656 13.4437 13.2322 13.0306 12.8381 12.6539 12.4773 12.3075 12.1439 11.9856 11.8319 11.6822 11.5356 11.3916 11.2493 11.1082 10.9677 10.8271 10.686 10.5438 10.4001 10.2547 10.1073 9.95784 9.80641 9.6533 9.49905 9.34445 9.19059 9.03888 8.89108 8.74928 8.61593 8.49377 8.38586 8.29549 8.22615 8.18149 8.16524 8.18118 8.23308 8.32462 8.45938 8.64074 8.87187 9.15563 9.49457 9.89087 10.3463 
10.4563 10.9693 11.5436 12.1703 12.8414 13.5617 14.3396 15.1734 16.0599 16.9951 17.9734 17.9424 17.1931 16.494 15.8465 15.2516 14.7097 14.2209 13.7848 13.4007 13.068 12.7854 12.5519 12.3647 12.2185 12.112 12.0442 12.0139 12.0234 12.0731 12.1616 12.2875 12.4495 12.6463 12.8768 13.1397 13.434 13.7586 14.1123 14.4943 14.9034 15.3386 15.7988 16.2827 16.113 15.7838 15.4698 15.1708 14.8862 14.6154 14.3579 14.113 13.8802 13.6586 13.4828 13.2465 13.0545 12.8708 12.6948 12.5256 12.3624 12.2046 12.0512 11.9018 11.7553 11.6113 11.4689 11.3275 11.1865 11.0452 10.9032 10.7598 10.6148 10.4678 10.3185 10.1669 10.0131 9.85727 9.70006 9.54222 9.38486 9.2294 9.07761 8.93161 8.79386 8.66715 8.55455 8.45938 8.38519 8.33565 8.31455 8.32571 8.37292 8.45991 8.5903 8.76756 8.99486 9.27507 9.61071 10.0039 10.4563 
10.5695 11.0792 11.6503 12.2756 12.9449 13.6622 14.4365 15.2665 16.1487 17.0788 18.0508 18.2788 17.5117 16.7968 16.1352 15.5278 14.9748 14.4762 14.0314 13.6398 13.3005 13.0124 12.7743 12.5825 12.4325 12.323 12.253 12.2214 12.2309 12.2813 12.3711 12.499 12.6635 12.8634 13.0974 13.3645 13.6635 13.9934 14.353 14.7414 15.1576 15.6003 16.1417 16.5612 16.3303 16.0005 15.6862 15.387 15.1023 14.8317 14.5744 14.3299 14.0974 13.8764 13.666 13.4655 13.2741 13.0911 12.9157 12.7471 12.5845 12.4271 12.2742 12.125 11.9788 11.8347 11.6922 11.5505 11.409 11.2671 11.1241 10.9797 10.8333 10.6847 10.5335 10.3797 10.2234 10.0649 9.90475 9.74367 9.58279 9.42356 9.26776 9.11754 8.97537 8.84407 8.72674 8.62674 8.54765 8.49317 8.46714 8.47346 8.51605 8.59865 8.72491 8.89823 9.12177 9.39838 9.73055 10.1204 10.5695 
10.686 11.1922 11.7596 12.3828 13.0499 13.7638 14.534 15.3594 16.2364 17.1605 18.1255 18.6152 17.8309 17.1007 16.4254 15.8058 15.242 14.7336 14.2804 13.8814 13.5357 13.2421 12.9993 12.803 12.6492 12.5368 12.4645 12.4318 12.4413 12.4923 12.5833 12.713 12.8799 13.0827 13.3203 13.5915 13.8951 14.2302 14.5957 14.9904 15.4134 15.8636 16.3399 16.8412 16.5487 16.2186 15.9042 15.6051 15.3206 15.0502 14.7934 14.5494 14.3175 14.0971 13.8874 13.6877 13.4971 13.3148 13.1401 12.9722 12.8102 12.6534 12.5009 12.352 12.2059 12.062 11.9193 11.7774 11.6354 11.4928 11.3489 11.2033 11.0556 10.9053 10.7522 10.5963 10.4375 10.2763 10.1131 9.94876 9.78434 9.62133 9.46151 9.30705 9.16044 9.02452 8.90244 8.79757 8.71362 8.65436 8.62368 8.62546 8.6636 8.74189 8.86397 9.03326 9.25291 9.52576 9.85427 10.2405 10.686 
10.8061 11.3083 11.8716 12.4922 13.1568 13.867 14.6326 15.4528 16.3242 17.2416 18.1989 18.9516 18.1508 17.4056 16.7171 16.0856 15.5111 14.9933 14.5317 14.1254 13.7734 13.4744 13.2269 13.026 12.8684 12.7531 12.6787 12.6448 12.6542 12.7058 12.7979 12.9293 13.0985 13.3042 13.5453 13.8205 14.1288 14.469 14.8402 15.2412 15.671 16.1286 16.6129 17.1144 16.7682 16.4382 16.124 15.8251 15.5411 15.2712 15.0149 14.7716 14.5405 14.3209 14.112 13.9131 13.7233 13.5419 13.368 13.2008 13.0395 12.8832 12.7312 12.5827 12.4369 12.293 12.1502 12.008 11.8655 11.7222 11.5774 11.4307 11.2816 11.1296 10.9746 10.8165 10.6553 10.4913 10.3251 10.1575 9.9895 9.82269 9.65883 9.50011 9.34905 9.20861 9.08197 8.97255 8.884 8.82012 8.78483 8.78207 8.81574 8.88967 9.00751 9.17269 9.38835 9.6573 9.98197 10.3644 10.8061 
10.9297 11.4277 11.9867 12.6041 13.2657 13.9719 14.7324 15.5472 16.4123 17.3228 18.272 19.2515 18.4708 17.7112 17.0097 16.3666 15.7817 15.2547 14.785 14.3715 14.0132 13.7088 13.4566 13.2512 13.09 12.9717 12.8951 12.8603 12.8695 12.9216 13.0148 13.1479 13.3193 13.5279 13.7724 14.0516 14.3644 14.7098 15.0866 15.4938 15.9304 16.3953 16.8874 17.335 16.989 16.6594 16.3456 16.0473 15.7638 15.4946 15.2391 14.9966 14.7664 14.5477 14.3398 14.1418 13.953 13.7724 13.5994 13.433 13.2724 13.1167 12.9653 12.8171 12.6715 12.5277 12.3849 12.2424 12.0994 11.9554 11.8097 11.6618 11.5113 11.3576 11.2007 11.0404 10.8767 10.71 10.5407 10.3698 10.1982 10.0276 9.85981 9.69704 9.54184 9.39711 9.26605 9.15211 9.05898 8.9905 8.95061 8.94328 8.97247 9.042 9.15555 9.31656 9.52814 9.79307 10.1137 10.4921 10.9297 
11.0566 11.5502 12.1047 12.7185 13.377 14.079 14.834 15.6428 16.5014 17.4046 18.3455 19.3154 18.7905 18.017 17.303 16.6486 16.0536 15.5177 15.0399 14.6194 14.255 13.9453 13.6884 13.4786 13.3137 13.1925 13.1138 13.078 13.0872 13.1397 13.234 13.3687 13.5424 13.7538 14.0017 14.2848 14.6021 14.9525 15.3349 15.7483 16.1916 16.6637 17.1635 17.5568 17.2114 16.8823 16.6072 16.2716 15.9889 15.7206 15.4661 15.2245 14.9953 14.7777 14.5708 14.3738 14.186 14.0064 13.8343 13.6687 13.5089 13.3539 13.203 13.0553 12.9099 12.7662 12.6233 12.4805 12.3371 12.1923 12.0457 11.8967 11.7447 11.5893 11.4305 11.2679 11.1017 10.9322 10.7599 10.5857 10.4108 10.2367 10.0651 9.89843 9.73913 9.59013 9.45467 9.33624 9.23855 9.16547 9.12098 9.1091 9.13378 9.1989 9.30812 9.46489 9.67228 9.93295 10.2493 10.6233 11.0566 
11.1855 11.6745 12.2244 12.8343 13.49 14.188 14.9375 15.74 16.5918 17.4873 18.4197 19.3801 19.11 18.3231 17.5969 16.9316 16.3269 15.7821 15.2966 14.8692 14.4988 14.1839 13.9222 13.708 13.5396 13.4156 13.3347 13.2981 13.3071 13.3601 13.4555 13.5918 13.7677 13.9819 14.2331 14.5201 14.8419 15.1972 15.5852 16.0046 16.4545 16.9338 17.4413 17.7799 17.4353 17.1428 16.7949 16.4982 16.2165 15.9492 15.6958 15.4554 15.2273 15.0108 14.805 14.6092 14.4224 14.2439 14.0728 13.9081 13.7491 13.5948 13.4444 13.2971 13.1521 13.0084 12.8654 12.7224 12.5784 12.433 12.2854 12.1352 11.9817 11.8247 11.6638 11.499 11.3303 11.1582 10.9831 10.8059 10.6277 10.4501 10.2749 10.1043 9.94089 9.78766 9.64782 9.52492 9.42268 9.34502 9.29595 9.27951 9.29968 9.36034 9.465 9.61706 9.81967 10.0756 10.3874 10.7568 11.1855 
11.3165 11.8008 12.3459 12.9514 13.604 14.2983 15.0423 15.8389 16.6838 17.5715 18.4952 19.4459 19.9334 18.6296 17.8917 17.2157 16.6014 16.0481 15.5549 15.1208 14.7445 14.4246 14.1581 13.9396 13.7676 13.6409 13.5579 13.5206 13.5294 13.5828 13.6792 13.8172 13.9953 14.2121 14.4666 14.7575 15.0836 15.4439 15.8373 16.2628 16.7192 17.2055 17.7206 18.0045 17.661 17.3338 17.0227 16.7271 16.4466 16.1806 15.9283 15.6891 15.4623 15.247 15.0425 14.8479 14.6623 14.4849 14.3148 14.1511 13.9929 13.8393 13.6896 13.5427 13.3979 13.2544 13.1113 12.9679 12.8235 12.6774 12.5288 12.3774 12.2224 12.0637 11.9009 11.734 11.5631 11.3885 11.2106 11.0304 10.849 10.6679 10.489 10.3145 10.1471 9.98965 9.84547 9.71812 9.61136 9.52914 9.4755 9.45443 9.46977 9.5254 9.62502 9.77211 9.96982 10.2209 10.5279 10.8926 11.3165 
11.4498 11.9291 12.4692 13.0699 13.7193 14.4097 15.1482 15.9389 16.7772 17.6574 18.5724 19.5134 19.7489 18.9364 18.1872 17.5009 16.8773 16.3157 15.8151 15.3744 14.9923 14.6674 14.3961 14.1733 13.9979 13.8683 13.7834 13.7453 13.7539 13.8078 13.9052 14.0447 14.225 14.4446 14.7023 14.9969 15.3274 15.6926 16.0914 16.5228 16.9857 17.4791 18.0016 18.2307 17.8885 17.5626 17.2528 16.9585 16.6794 16.4146 16.1637 15.9259 15.7005 15.4866 15.2834 15.09 14.9057 14.7294 14.5604 14.3977 14.2403 14.0875 13.9384 13.792 13.6475 13.5041 13.3609 13.2172 13.0723 12.9254 12.7759 12.6232 12.467 12.3067 12.1422 11.9733 11.8002 11.623 11.4424 11.2593 11.0746 10.8901 10.7075 10.5292 10.3577 10.1961 10.0476 9.91582 9.80457 9.7177 9.65912 9.6329 9.64307 9.69354 9.78804 9.93006 10.1228 10.3689 10.671 11.0308 11.4498 
11.5854 12.0596 12.5945 13.1899 13.8361 14.5226 15.2554 16.0399 16.8716 17.7446 18.6514 19.5829 20.0683 19.2438 18.4835 17.7873 17.1546 16.5848 16.0769 15.6298 15.242 14.9122 14.636 14.4091 14.2302 14.098 14.0112 13.9723 13.9808 14.035 14.1334 14.2745 14.4569 14.6791 14.9401 15.2385 15.5732 15.9433 16.3474 16.7847 17.254 17.7543 18.2843 18.4587 18.1179 17.7936 17.4852 17.1925 16.9148 16.6515 16.4021 16.1658 15.9418 15.7293 15.5275 15.3356 15.1525 14.9775 14.8096 14.6479 14.4915 14.3394 14.1909 14.045 13.9008 13.7574 13.6142 13.4702 13.3248 13.1773 13.027 12.8733 12.7158 12.554 12.3878 12.2169 12.0415 11.8619 11.6786 11.4924 11.3046 11.1166 10.9304 10.7482 10.5728 10.407 10.2542 10.1179 10.0017 9.90975 9.846 9.81458 9.81952 9.86477 9.95409 10.091 10.2785 10.5197 10.8166 11.1714 11.5854 
11.7234 12.1924 12.7219 13.3119 13.9544 14.637 15.3641 16.1424 16.9674 17.833 18.7319 19.6546 20.3879 19.5517 18.7807 18.0747 17.4333 16.8555 16.3405 15.8871 15.4937 15.1591 14.8781 14.647 14.4647 14.3298 14.2412 14.2015 14.2099 14.2645 14.3639 14.5065 14.6909 14.9158 15.1799 15.4821 15.8211 16.1959 16.6054 17.0485 17.5242 18.0313 18.5687 18.6888 18.3496 18.0269 17.7202 17.429 17.1529 16.8913 16.6435 16.4088 16.1864 15.9754 15.7751 15.5845 15.4028 15.2291 15.0624 14.9017 14.7462 14.595 14.4471 14.3017 14.1578 14.0147 13.8714 13.7273 13.5815 13.4334 13.2823 13.1276 12.9688 12.8056 12.6376 12.4647 12.2871 12.105 11.9189 11.7298 11.5388 11.3474 11.1576 10.9716 10.7921 10.622 10.4646 10.3233 10.2022 10.1051 10.0361 9.99947 9.99914 10.0391 10.1232 10.2548 10.4372 10.6732 10.965 11.3146 11.7234 
11.8639 12.3275 12.8516 13.4359 14.0745 14.753 15.4745 16.2464 17.0646 17.923 18.8139 19.728 20.654 19.8601 19.0788 18.3634 17.7133 17.1278 16.6059 16.1462 15.7474 15.4079 15.1221 14.887 14.7014 14.5638 14.4735 14.4331 14.4412 14.4963 14.5966 14.7407 14.9272 15.1547 15.4219 15.7277 16.071 16.4505 16.8653 17.3142 17.7961 18.31 18.8547 18.9211 18.5838 18.2629 17.9579 17.6685 17.3942 17.1342 16.8881 16.6551 16.4343 16.2249 16.0261 15.8371 15.6568 15.4843 15.3188 15.1593 15.0048 14.8545 14.7073 14.5624 14.419 14.2761 14.1329 13.9886 13.8425 13.6938 13.5419 13.3861 13.2261 13.0614 12.8916 12.7168 12.5369 12.3523 12.1635 11.9714 11.7773 11.5825 11.3891 11.1991 11.0152 10.8405 10.6783 10.5321 10.4059 10.3037 10.2295 10.1876 10.1819 10.2166 10.2953 10.4217 10.5988 10.8295 11.1161 11.4604 11.8639 
12.0071 12.4651 12.9836 13.5622 14.1964 14.8708 15.5867 16.3522 17.1636 18.0147 18.8977 19.8033 20.7203 20.1692 19.3779 18.6533 17.9948 17.4018 16.873 16.4072 16.0031 15.6587 15.3682 15.1291 14.9402 14.7999 14.7081 14.6669 14.6748 14.7303 14.8315 14.9771 15.1656 15.3957 15.6661 15.9755 16.3229 16.7071 17.1271 17.5817 18.0699 18.5905 19.1424 19.1558 18.8305 18.5017 18.1986 17.9111 17.6386 17.3805 17.1362 16.9049 16.6858 16.4781 16.281 16.0934 15.9146 15.7436 15.5793 15.421 15.2675 15.1181 14.9717 14.8274 14.6843 14.5417 14.3985 14.2541 14.1076 13.9584 13.8056 13.6489 13.4876 13.3213 13.1498 12.973 12.7909 12.6038 12.4123 12.2173 12.0199 11.8216 11.6242 11.43 11.2417 11.0623 10.8953 10.7442 10.613 10.5056 10.4261 10.3789 10.3679 10.3972 10.4706 10.5915 10.7633 10.9887 11.2699 11.609 12.0071 
12.1541 12.6062 13.1185 13.6909 14.3204 14.9906 15.701 16.46 17.2646 18.1083 18.9835 19.8808 20.789 20.479 19.6779 18.9444 18.2778 17.6773 17.1418 16.6701 16.2607 15.9114 15.6163 15.3733 15.1811 15.0382 14.9449 14.9029 14.9107 14.9665 15.0687 15.2157 15.4062 15.6388 15.9123 16.2253 16.5768 16.9657 17.3908 17.8511 18.3454 18.8727 19.4318 19.393 19.0601 18.7433 18.4423 18.1568 17.8864 17.6302 17.3878 17.1583 16.9411 16.7351 16.5397 16.3538 16.1765 16.0068 15.8439 15.6868 15.5344 15.3859 15.2402 15.0965 14.9539 14.8115 14.6684 14.5238 14.377 14.2271 14.0736 13.9158 13.7533 13.5855 13.4122 13.2334 13.0491 12.8595 12.6653 12.4671 12.2662 12.064 11.8626 11.6641 11.4714 11.2874 11.1156 10.9596 10.8232 10.7107 10.626 10.5734 10.557 10.5809 10.6489 10.7644 10.9309 11.1513 11.4276 11.7615 12.1541 
12.3055 12.7517 13.2575 13.8232 14.4468 15.1125 15.8175 16.57 17.3676 18.2041 19.0716 19.9607 20.8603 20.7895 19.979 19.2367 18.5622 17.9545 17.4125 16.9349 16.5203 16.1661 15.8664 15.6195 15.4241 15.2786 15.1839 15.1412 15.1488 15.2049 15.308 15.4565 15.649 15.8841 16.1606 16.4772 16.8328 17.2262 17.6565 18.1224 18.6228 19.1567 19.7229 19.6328 19.3023 18.9878 18.6891 18.4058 18.1374 17.8833 17.6429 17.4154 17.2001 16.996 16.8023 16.618 16.4423 16.2742 16.1126 15.9567 15.8054 15.6578 15.513 15.3699 15.2277 15.0856 14.9425 14.7978 14.6506 14.5001 14.3458 14.1869 14.0231 13.8538 13.6788 13.498 13.3114 13.1191 12.9218 12.7203 12.5158 12.3098 12.1042 11.9015 11.7043 11.5157 11.3391 11.1782 11.0368 10.919 10.829 10.7711 10.7493 10.7678 10.8304 10.941 11.1028 11.3184 11.5898 11.9184 12.3055 
12.4613 12.9014 13.4008 13.9595 14.5767 15.2373 15.9363 16.6822 17.473 18.3022 19.1621 20.0432 20.9344 21.1008 20.2811 19.5304 18.8481 18.2332 17.6848 17.2015 16.7819 16.4227 16.1185 15.8678 15.6692 15.5212 15.4251 15.3817 15.389 15.4455 15.5495 15.6994 15.8939 16.1315 16.411 16.7311 17.0908 17.4888 17.9241 18.3956 18.9021 19.4425 20.0157 19.8753 19.5474 19.2354 18.9391 18.6581 18.3919 18.14 17.9762 17.6763 17.4629 17.2607 17.0688 16.8863 16.7122 16.5456 16.3854 16.2307 16.0806 15.9339 15.7899 15.6475 15.5057 15.3638 15.2208 15.0759 14.9283 14.7773 14.6221 14.4622 14.2971 14.1262 13.9495 13.7665 13.5772 13.3821 13.1817 12.9768 12.7686 12.5587 12.3492 12.1422 11.9405 11.7473 11.5659 11.4 11.2535 11.1306 11.0353 10.972 10.9448 10.9582 11.0161 11.1221 11.2792 11.49 11.7565 12.0799 12.4613 
12.6216 13.0555 13.5482 14.1 14.7103 15.3658 16.0586 16.797 17.5808 18.4028 19.2551 20.1284 21.0114 21.4171 20.5846 19.8254 19.1354 18.5137 17.959 17.4701 17.0454 16.6812 16.3726 16.1182 15.9164 15.766 15.6686 15.6244 15.6315 15.6884 15.7932 15.9445 16.1409 16.381 16.6635 16.9871 17.3508 17.7533 18.1936 18.6706 19.1832 19.7301 20.3103 20.1206 19.7954 19.486 19.1922 18.9137 18.6499 18.4002 18.1641 17.9408 17.7295 17.5293 17.3393 17.1585 16.9861 16.821 16.6623 16.5089 16.3599 16.2143 16.071 15.9292 15.7879 15.6462 15.5033 15.3582 15.2102 15.0586 14.9026 14.7416 14.5752 14.4026 14.2237 14.0383 13.8464 13.6484 13.4448 13.2365 13.0247 12.811 12.5973 12.3861 12.18 11.9821 11.7959 11.625 11.4735 11.3453 11.2448 11.1762 11.1443 11.153 11.2063 11.3077 11.4602 11.6662 11.9277 12.2459 12.6216 
12.7863 13.2139 13.6999 14.2446 14.8475 15.4979 16.1846 16.9152 17.6912 18.5061 19.351 20.2164 21.0916 21.7282 20.8901 20.1225 19.4248 18.796 18.235 17.7404 17.3108 16.9417 16.6287 16.3706 16.1657 16.0129 15.9142 15.8693 15.8762 15.9334 16.0391 16.1918 16.3901 16.6326 16.918 17.2452 17.6128 18.0198 18.4651 18.9476 19.4661 20.0196 20.607 20.3688 20.0465 19.7398 19.4487 19.1727 18.9113 18.6641 18.4303 18.2092 18 17.8045 17.6137 17.4348 17.2641 17.1006 16.9433 16.7913 16.6434 16.4987 16.3563 16.2151 16.0743 15.9329 15.7899 15.6447 15.4963 15.344 15.1872 15.025 14.8569 14.6824 14.5013 14.3135 14.1189 13.918 13.7112 13.4994 13.284 13.0664 12.8487 12.6331 12.4226 12.2201 12.0291 11.8532 11.6966 11.5633 11.4578 11.3847 11.3482 11.3523 11.401 11.4978 11.6456 11.8469 12.1034 12.4163 12.7863 
12.9554 13.3767 13.8559 14.3933 14.9888 15.6337 16.3145 17.0373 17.8053 18.6121 19.4496 20.3076 21.175 22.0395 21.1976 20.4217 19.7164 19.0806 18.5133 18.0131 17.5784 17.2042 16.8869 16.625 16.4171 16.2621 16.1621 16.1164 16.1231 16.1806 16.2871 16.4412 16.6414 16.8863 17.1747 17.5053 17.8768 18.2883 18.7386 19.2266 19.7512 20.3113 20.9057 20.6199 20.3006 19.9969 19.7085 19.4351 19.1763 18.9316 18.7001 18.4813 18.2743 18.0782 17.8921 17.7151 17.5462 17.3843 17.2285 17.0778 16.9311 16.7874 16.6458 16.5053 16.3649 16.2236 16.0807 15.9353 15.7865 15.6334 15.4753 15.3117 15.1419 14.9655 14.7823 14.5919 14.3947 14.1907 13.9807 13.7656 13.5464 13.325 13.1032 12.8834 12.6683 12.4612 12.2654 12.0846 11.9231 11.7852 11.6753 11.5976 11.5565 11.5561 11.6002 11.6924 11.8356 12.0321 12.2837 12.5912 12.9554 
13.1288 13.5438 14.0161 14.5462 15.1341 15.7732 16.4481 17.1632 17.9232 18.7218 19.5513 20.4018 21.2617 22.1188 21.5071 20.7231 20.0103 19.3677 18.7941 18.2882 17.8483 17.469 17.1472 16.8815 16.6706 16.5134 16.4121 16.3656 16.3722 16.4299 16.5373 16.6928 16.8949 17.1422 17.4334 17.7674 18.1429 18.5589 19.0143 19.5078 20.0385 20.6052 21.2056 20.8741 20.558 23.0186 19.9717 19.7011 19.445 19.2028 18.9738 18.7573 18.5526 18.3586 18.1746 17.9995 17.8323 17.6721 17.5178 17.3684 17.2229 17.0803 16.9395 16.7996 16.6596 16.5186 16.3756 16.2297 16.0802 15.9262 15.7669 15.6018 15.4303 15.252 15.0665 14.8737 14.6736 14.4667 14.2535 14.0349 13.8121 13.5867 13.3608 13.1367 12.9173 12.7055 12.5049 12.3197 12.1538 12.0115 11.897 11.8148 11.7692 11.7642 11.8038 11.8914 12.0299 12.2217 12.4683 12.7705 13.1288 
13.3067 13.7152 14.1806 14.7033 15.2835 15.9165 16.5856 17.293 18.045 18.8355 19.6567 20.4993 21.3519 22.2017 21.8187 21.0267 20.3065 19.6571 19.0774 18.5659 18.1208 17.7363 17.41 17.1405 16.9264 16.767 16.6644 16.6171 16.6234 16.6815 16.7897 16.9465 17.1505 17.4002 17.6944 18.0318 18.4114 18.8319 19.2923 19.7914 20.3281 20.9012 21.4594 21.1314 20.8185 20.5209 20.2384 19.9706 19.7173 19.4777 19.2512 19.0372 18.8348 18.643 18.4611 18.2879 18.1226 17.964 17.8113 17.6632 17.5189 17.3773 17.2373 17.0979 16.9582 16.8172 16.674 16.5277 16.3774 16.2224 16.0619 15.8953 15.7221 15.5417 15.3539 15.1586 14.9558 14.7459 14.5294 14.3073 14.0808 13.8516 13.6216 13.3932 13.1693 12.9531 12.7484 12.5589 12.3887 12.242 12.1231 12.0364 11.9862 11.9767 12.0118 12.0948 12.2288 12.4158 12.6574 12.9542 13.3067 
13.4889 13.8909 14.3492 14.8646 15.4371 16.0636 16.7268 17.4269 18.1709 18.9533 19.7734 20.6006 21.4456 22.2884 22.1323 21.3326 20.6051 19.949 19.3631 18.8461 18.3957 18.0061 17.6754 17.4021 17.1847 17.0232 16.9192 16.8711 16.8772 16.9355 17.0446 17.2027 17.4085 17.6607 17.9578 18.2987 18.6823 19.1073 19.5726 20.0772 20.6199 21.1995 21.7163 21.3919 21.0824 20.788 20.5086 20.2438 19.9932 19.7564 19.5325 19.321 19.1209 18.9314 18.7516 18.5804 18.417 18.2601 18.1088 17.9621 17.8189 17.6781 17.5388 17.3999 17.2604 17.1194 16.9759 16.8291 16.678 16.522 16.3603 16.1921 16.0171 15.8347 15.6446 15.4467 15.2411 15.0282 14.8084 14.5829 14.3527 14.1195 13.8854 13.6529 13.425 13.2048 12.996 12.8023 12.6278 12.4767 12.3534 12.2623 12.2076 12.1936 12.2241 12.3026 12.4319 12.6142 12.8508 13.1423 13.4889 
13.6753 14.0709 14.5222 15.0301 15.5948 16.2144 16.8719 17.5648 18.3008 19.0751 19.88 20.7062 21.5432 22.3789 22.4481 21.6406 20.9059 20.2432 19.6513 19.1288 18.673 18.2784 17.9433 17.6662 17.4457 17.282 17.1767 17.1278 17.1335 17.1921 17.302 17.4615 17.6692 17.9237 18.2237 18.5681 18.9555 19.385 19.8553 20.3653 20.914 21.5 21.9761 21.6554 21.3495 21.0584 20.7822 20.5205 20.2728 20.0388 19.8176 19.6086 19.411 19.2237 19.046 18.8768 18.7152 18.5599 18.4101 18.2647 18.1225 17.9826 17.8439 17.7054 17.5661 17.425 17.2813 17.1339 16.9821 16.825 16.6619 16.4922 16.3154 16.1309 15.9385 15.738 15.5296 15.3136 15.0906 14.8615 14.6276 14.3906 14.1527 13.9165 13.6847 13.4606 13.2477 13.0498 12.8711 12.7156 12.5879 12.4924 12.4333 12.4148 12.4408 12.5148 12.6395 12.817 13.0486 13.3347 13.6753 
13.8661 14.2551 14.6993 15.1997 15.7567 16.3691 17.021 17.7068 18.4348 19.2011 19.998 20.8162 21.6453 22.4735 22.7659 21.9508 21.2091 20.5398 19.9419 19.414 18.9528 18.5532 18.2137 17.9328 17.7091 17.5435 17.4368 17.3871 17.3925 17.4514 17.562 17.7228 17.9323 18.1892 18.4921 18.8398 19.2312 19.6651 20.1403 20.6558 21.2103 21.8028 22.2387 21.9218 21.6196 21.332 21.059 20.8005 20.5558 20.3246 20.1062 19.8998 19.7045 19.5196 19.3441 19.1769 19.017 18.8634 18.7151 18.5709 18.4298 18.2907 18.1526 18.0145 17.8754 17.7342 17.5901 17.4421 17.2895 17.1313 16.9669 16.7956 16.6169 16.4303 16.2355 16.0324 15.8212 15.6021 15.3758 15.1432 14.9057 14.6653 14.4239 14.184 13.9484 13.7204 13.5035 13.3015 13.1185 12.9588 12.8267 12.7267 12.6632 12.6403 12.6618 12.7312 12.8513 13.0241 13.2507 13.5313 13.8661 
14.061 14.4435 14.8806 15.3735 15.9228 16.5276 17.1739 17.853 18.5731 19.3314 20.1203 20.9306 21.752 22.5727 23.0851 22.263 21.5145 20.8388 20.235 19.7017 19.2351 18.8305 18.4866 18.202 17.9752 17.8077 17.6996 17.649 17.6541 17.7132 17.8245 17.9866 18.1979 18.4572 18.7629 19.1141 19.5093 19.9476 20.4277 20.9486 21.509 22.1077 22.5042 22.1913 21.8928 21.6087 21.3391 21.0838 20.8422 20.6139 20.3982 20.1944 20.0017 19.8191 19.6457 19.4805 19.3224 19.1705 19.0236 18.8807 18.7406 18.6023 18.4649 18.3271 18.1881 18.0468 17.9023 17.7538 17.6002 17.4409 17.2751 17.1022 16.9216 16.7328 16.5356 16.3299 16.1158 15.8936 15.6641 15.4283 15.1877 14.9439 14.699 14.4555 14.2162 13.9843 13.7633 13.5572 13.37 13.206 13.0696 12.9653 12.8973 12.87 12.887 12.9519 13.0674 13.2354 13.457 13.7322 14.061 
14.2599 14.6359 15.066 15.5515 16.093 16.69 17.3307 18.0033 18.7155 19.4659 20.247 21.0495 21.8633 22.6767 23.4056 22.5768 21.8218 21.1401 20.5306 19.992 19.5198 19.1103 18.7621 18.4737 18.2439 18.0745 17.965 17.9135 17.9183 17.9776 18.0897 18.253 18.4661 18.7277 19.0363 19.3908 19.7899 20.2325 20.7177 21.2437 21.8099 22.415 22.7727 22.4638 22.1691 21.8887 21.6225 21.3704 21.132 20.9066 20.6938 20.4926 20.3024 20.1221 19.9509 19.7877 19.6315 19.4812 19.3358 19.194 19.055 18.9176 18.7807 18.6432 18.5043 18.3629 18.218 18.0688 17.9143 17.7539 17.5866 17.412 17.2295 17.0385 16.8389 16.6305 16.4135 16.1884 15.956 15.7172 15.4735 15.2264 14.9781 14.7309 14.4879 14.2521 14.0272 13.817 13.6256 13.4574 13.3167 13.208 13.1357 13.1039 13.1164 13.1768 13.2877 13.4509 13.6674 13.9371 14.2599 
14.4617 14.8316 15.2553 15.7336 16.2674 16.8565 17.4915 18.1578 18.8622 19.6052 20.378 21.1729 21.9792 22.7856 23.5796 22.8919 22.1307 21.4432 20.8282 20.2845 19.8069 19.3925 19.04 18.748 18.5153 18.3439 18.233 18.1806 18.1851 18.2446 18.3574 18.522 18.7369 19.0007 19.3121 19.6699 20.0729 20.5198 21.0096 21.5411 22.1131 22.7245 23.0442 22.7394 22.4486 22.1719 21.9092 21.6604 21.4252 21.2028 20.9928 20.7944 20.6067 20.4288 20.2598 20.0986 19.9442 19.7955 19.6515 19.511 19.373 19.2363 19.1 18.9629 18.824 18.6824 18.537 18.3871 18.2317 18.07 17.9013 17.725 17.5405 17.3473 17.1452 16.9342 16.7147 16.4869 16.2517 16.01 15.7631 15.5128 15.261 15.0103 14.7635 14.5239 14.295 14.0808 13.8853 13.7128 13.5679 13.4549 13.3782 13.3419 13.3501 13.4059 13.5122 13.6703 13.8811 14.1449 14.4617 
14.6663 15.0301 15.4475 15.9194 16.446 17.0272 17.6563 18.3165 19.0131 19.748 20.5136 21.3009 22.0999 22.8993 23.6869 23.2086 22.4412 21.7479 21.1277 20.5789 20.0964 19.6773 19.3205 19.0248 18.7892 18.6159 18.5036 18.4504 18.4545 18.5141 18.6276 18.7935 19.0101 19.2762 19.5904 19.9515 20.3583 20.8095 21.3041 21.8409 22.4187 23.0362 23.3188 23.0182 22.7313 22.4583 22.1993 21.9539 21.7218 21.5025 21.2954 21.0997 20.9145 20.739 20.5722 20.4131 20.2605 20.1135 19.9709 19.8316 19.6945 19.5586 19.4228 19.2859 19.1471 19.0052 18.8594 18.7088 18.5524 18.3894 18.2192 18.0411 17.8546 17.6592 17.4548 17.2416 17.0196 16.7893 16.5513 16.3066 16.0566 15.8029 15.5477 15.2935 15.043 14.7996 14.5668 14.3485 14.149 13.9723 13.8232 13.7058 13.6248 13.5842 13.5878 13.6391 13.7401 13.8925 14.0976 14.3556 14.6663 
14.8738 15.2315 15.6426 16.1082 16.6283 17.2021 17.825 18.4794 19.1684 19.8956 20.6536 21.4335 22.2253 23.0179 23.7992 23.5267 22.7533 22.0543 21.4288 20.8751 20.3877 19.9642 19.6035 19.3042 19.0658 18.8906 18.7768 18.7227 18.7265 18.7863 18.9005 19.0675 19.2859 19.5542 19.8712 20.2356 20.6461 21.1017 21.601 22.1431 22.7265 23.3502 23.5965 23.3001 23.0173 22.7481 22.4927 22.2507 22.0219 21.8057 21.6015 21.4086 21.226 21.0529 20.8883 20.7312 20.5804 20.435 20.2938 20.1557 20.0196 19.8844 19.7491 19.6125 19.4736 19.3315 19.1852 19.0337 18.8763 18.712 18.5403 18.3604 18.1719 17.9746 17.7682 17.5527 17.3283 17.0954 16.8546 16.607 16.3539 16.097 15.8383 15.5805 15.3264 15.0792 14.8425 14.6203 14.4166 14.2359 14.0825 13.9609 13.8755 13.8305 13.8296 13.8755 13.9709 14.1177 14.317 14.5691 14.8738 
15.0842 15.4357 15.8407 16.2999 16.8137 17.381 17.9976 18.6463 19.328 20.0476 20.7981 21.5706 22.3554 23.1413 23.9166 23.8463 23.067 22.3624 21.7318 21.1731 20.6808 20.253 19.8885 19.5859 19.345 19.1678 19.0527 18.9977 19.0011 19.061 19.1759 19.3441 19.5642 19.8348 20.1545 20.5221 20.9364 21.3962 21.9003 22.4475 23.0365 23.666 23.8773 23.5853 23.3065 23.0412 22.7894 22.551 22.3255 22.1124 21.9112 21.721 21.541 21.3703 21.2079 21.0528 20.9039 20.7621 20.6203 20.4834 20.3482 20.2137 20.0788 19.9424 19.8035 19.6611 19.5142 19.3619 19.2034 19.0378 18.8645 18.683 18.4929 18.2938 18.0853 17.8676 17.6408 17.4053 17.1617 16.9111 16.6549 16.3947 16.1327 15.8714 15.6136 15.3627 15.1221 14.8959 14.6882 14.5034 14.3458 14.2199 14.1303 14.0807 14.0745 14.1149 14.2046 14.3457 14.5392 14.7854 15.0842 
15.2974 15.6429 16.0417 16.4947 17.0021 17.5631 18.1741 18.8174 19.4919 20.204 20.9471 21.7125 22.4903 23.3012 24.039 24.1675 23.3823 22.6723 22.0366 21.4729 20.9758 20.5438 20.1755 19.8697 19.6264 19.4475 19.331 19.2752 19.2782 19.3383 19.4539 19.6233 19.8451 20.1179 20.4403 20.8112 21.2291 21.6931 22.2017 22.7539 23.3483 23.9838 24.1614 23.8737 23.5991 23.3377 23.0897 22.8547 22.6326 22.4227 22.2244 22.037 21.8596 21.6914 21.5312 21.3781 21.231 21.0888 20.9504 20.8146 20.6803 20.5465 20.412 20.2757 20.1367 19.994 19.8465 19.6933 19.5337 19.3669 19.1924 19.0095 18.8177 18.6167 18.4062 18.1863 17.957 17.7188 17.4725 17.219 16.9597 16.6963 16.4309 16.166 15.9047 15.65 15.4056 15.1755 14.9638 14.7748 14.6131 14.483 14.3888 14.334 14.3223 14.3571 14.4412 14.5766 14.7643 15.0046 15.2974 
15.5135 15.8529 16.2456 16.6925 17.1937 17.7484 18.3538 18.9925 19.6602 20.3649 21.1007 21.8589 22.6301 23.4116 24.1665 24.4901 23.6992 22.9838 22.3431 21.7744 21.2727 20.8364 20.4645 20.1554 19.9099 19.7293 19.6116 19.555 19.5577 19.618 19.7342 19.9048 20.1283 20.4033 20.7284 21.1024 21.5239 21.9919 22.5051 23.0622 23.6621 24.3034 24.4486 24.1654 23.895 23.6376 23.3933 23.1619 22.9431 22.7364 22.5412 22.3566 22.1818 22.016 21.8581 21.707 21.5617 21.4211 21.284 21.1493 21.0159 20.8827 20.7486 20.6125 20.4733 20.3302 20.182 20.0281 19.8677 19.6999 19.5241 19.3397 19.1463 18.9434 18.7308 18.5086 18.2769 18.0361 17.787 17.5305 17.2681 17.0015 16.7328 16.4645 16.1995 15.9411 15.6929 15.4589 15.2432 15.0502 14.8843 14.7498 14.6503 14.5901 14.573 14.6023 14.6807 14.8104 14.9923 15.2267 15.5135 
15.7325 16.066 16.4526 16.8934 17.3885 17.9369 18.5364 19.1712 19.8329 20.5302 21.2588 22.0101 22.7744 23.5419 24.2991 24.8143 24.0177 23.297 22.6513 22.0777 21.5713 21.131 20.7554 20.4432 20.1955 20.0131 19.8942 19.8368 19.8393 19.8998 20.0167 20.1885 20.4137 20.6908 21.0185 21.3956 21.8208 22.2928 22.8105 23.3726 23.9778 24.6249 24.7392 24.4604 24.1942 23.9409 23.7004 23.4726 23.2573 23.0538 22.8615 22.6797 22.5076 22.3442 22.1885 22.0394 21.8959 21.7568 21.6211 21.4875 21.355 21.2224 21.0886 20.9526 20.8133 20.6698 20.5212 20.3667 20.2054 20.0366 19.8596 19.6737 19.4785 19.2737 19.0591 18.8346 18.6004 18.357 18.1051 17.8457 17.5803 17.3104 17.0384 16.7666 16.498 16.236 15.984 15.7462 15.5265 15.3295 15.1591 15.0194 14.9147 14.8492 14.8266 14.8503 14.9231 15.047 15.2231 15.4516 15.7325 
15.9545 16.2819 16.6626 17.0973 17.5864 18.1287 18.7221 19.3532 20.0098 20.7 21.4215 22.1659 22.9237 23.6844 24.4367 25.14 24.3378 23.6119 22.9614 22.3829 21.8719 21.4274 21.0482 20.733 20.4831 20.299 20.1788 20.1208 20.1229 20.1837 20.3013 20.4743 20.7011 20.9803 21.3107 21.6909 22.1196 22.5957 23.1178 23.6848 24.2954 24.9483 25.033 24.7588 24.4969 24.2476 24.011 23.7868 23.5749 23.3746 23.1854 23.0065 22.837 22.676 22.5225 22.3754 22.2337 22.0962 21.9617 21.8292 21.6975 21.5654 21.432 21.2962 21.1569 21.0133 20.8643 20.7092 20.5471 20.3771 20.1988 20.0114 19.8145 19.6078 19.3911 19.1643 18.9276 18.6816 18.4269 18.1646 17.896 17.623 17.3476 17.0724 16.8003 16.5346 16.2789 16.0372 15.8137 15.6121 15.4367 15.2919 15.182 15.1111 15.0831 15.1013 15.1684 15.2866 15.4568 15.6795 15.9545 
16.1793 16.5009 16.8756 17.3044 17.7875 18.3238 18.9111 19.5383 20.1902 20.8743 21.5888 22.3264 23.0778 23.8325 24.5794 25.4673 24.6596 23.9285 23.2732 22.6897 22.1743 21.7258 21.343 21.0247 20.7727 20.587 20.4656 20.4068 20.4087 20.4696 20.588 20.7621 20.9906 21.272 21.6049 21.9882 22.4205 22.9005 23.4271 23.999 24.615 25.2736 25.3301 25.0605 24.803 28.2893 24.325 24.1045 23.8961 23.6991 23.5129 23.3368 23.17 23.0114 22.8601 22.715 22.575 22.439 22.3058 22.1744 22.0435 21.9122 21.7792 21.6437 21.5045 21.3607 21.2113 21.0555 20.8924 20.7214 20.5417 20.3528 20.1542 19.9455 19.7266 19.4975 19.2584 19.0098 18.7523 18.4871 18.2154 17.9392 17.6605 17.3819 17.1063 16.837 16.5776 16.332 16.1039 15.8975 15.7171 15.5672 15.4521 15.3759 15.3424 15.3551 15.4166 15.529 15.6935 15.9102 16.1793 
16.4078 16.7231 17.0917 17.5146 17.9918 18.5221 19.1034 19.7267 20.3742 21.0526 21.7607 22.4917 23.2367 23.9855 24.7272 25.7961 24.983 24.2468 23.5868 22.9984 22.4785 22.026 21.6398 21.3186 21.0644 20.877 20.7544 20.6949 20.6965 20.7577 20.8767 21.052 21.2821 21.5657 21.9012 22.2876 22.7234 23.2074 23.7384 24.3152 24.9365 25.6008 26.3069 25.3657 25.1125 24.8717 24.6426 24.4258 24.2208 24.027 23.8559 23.6707 23.5065 23.3504 23.2013 23.0581 22.9199 22.7855 22.6537 22.5234 22.3935 22.2629 22.1305 21.9952 21.856 21.7119 21.5621 21.4056 21.2416 21.0694 20.8884 20.6979 20.4975 20.2869 20.0658 19.8344 19.5928 19.3415 19.0813 18.8131 18.5384 18.259 17.977 17.695 17.4159 17.143 16.8798 16.6298 16.397 16.1857 16.0004 15.8454 15.7251 15.6436 15.6047 15.6118 15.6677 15.7744 15.9334 16.1446 16.4078 
16.6402 16.9493 17.3114 17.728 18.1993 18.7238 19.2992 19.9183 20.5617 21.2345 21.9371 22.6616 23.4005 24.1435 24.88 26.1269 25.3081 24.5669 23.9021 23.3089 22.7846 22.3282 21.9385 21.6144 21.3582 21.1691 21.0453 20.9851 20.9865 21.0478 21.1675 21.344 21.5758 21.8614 22.1996 22.589 23.0283 23.5163 24.0517 24.6334 25.2599 25.9299 25.9345 25.6742 25.4255 25.1885 24.9636 24.7506 24.5491 24.3586 24.1786 24.0082 23.8467 23.693 23.5462 23.4051 23.2688 23.136 23.0056 22.8765 22.7476 22.6176 22.4857 22.3506 22.2113 22.067 21.9167 21.7594 21.5945 21.4211 21.2387 21.0466 20.8444 20.6318 20.4086 20.1748 19.9308 19.6768 19.4138 19.1427 18.865 18.5824 18.2971 18.0118 17.7292 17.4525 17.1849 16.9303 16.6928 16.4767 16.2864 16.1264 16.0009 15.9141 15.8698 15.8714 15.9218 16.0234 16.1772 16.3828 16.6402 
16.8764 17.1794 17.5351 17.945 18.41 18.9288 19.4984 20.1131 20.7528 21.4201 22.1173 22.8363 23.569 24.3065 25.038 26.46 25.6353 24.8887 24.2191 23.6211 23.0925 22.6323 22.2391 21.9123 21.654 21.4633 21.3383 21.2773 21.2785 21.3401 21.4605 21.6381 21.8715 22.1593 22.5 22.8924 23.3352 23.8272 24.367 24.9535 25.5852 26.2609 26.2419 25.9863 25.7419 25.5092 25.2883 25.079 24.881 24.6939 24.5171 24.3496 24.1908 24.0397 23.8952 23.7562 23.6217 23.4905 23.3616 23.2336 23.1056 22.9763 22.8448 22.7099 22.5706 22.426 22.2751 22.1171 21.9511 21.7766 21.5927 21.3989 21.1949 20.9803 20.7549 20.5188 20.2722 20.0156 19.7498 19.4758 19.195 18.9093 18.6208 18.3321 18.0457 17.7647 17.4926 17.2334 16.9913 16.7704 16.5752 16.4101 16.2795 16.1874 16.1377 16.134 16.1797 16.2763 16.4248 16.625 16.8764 
17.1166 17.4135 17.7627 18.166 18.6243 19.1371 19.701 20.3111 20.9473 21.6094 22.3013 23.0153 23.7424 24.4744 25.2009 26.7954 25.9648 25.2127 24.5379 23.9352 23.4023 22.9382 22.5417 22.2121 21.9518 21.7595 21.6333 21.5716 21.5725 21.6344 21.7555 21.9343 22.1693 22.4592 22.8025 23.1979 23.6442 24.1401 24.6843 25.2756 25.9125 26.5939 26.5531 26.3022 26.2341 25.8339 25.617 25.4115 25.2171 25.0334 24.8596 24.6952 24.5391 24.3905 24.2483 24.1114 23.9787 23.8492 23.7216 23.5947 23.4676 23.339 23.2078 23.073 22.9337 22.7887 22.6372 22.4784 22.3115 22.1356 21.9503 21.7549 21.549 21.3323 21.1047 20.8663 20.6172 20.3579 20.0893 19.8123 19.5286 19.2397 18.948 18.6554 18.3648 18.0795 17.803 17.5393 17.2925 17.0668 16.8667 16.6966 16.5609 16.4635 16.4088 16.4005 16.4414 16.5331 16.6763 16.871 17.1166 
17.3606 17.6514 17.9944 18.3911 18.8427 19.3488 19.9071 20.5123 21.1452 21.8023 22.4891 23.1982 23.9206 24.6472 25.369 26.0849 26.2968 25.5392 24.859 24.2511 23.714 23.2461 22.8463 22.514 22.2516 22.0577 21.9304 21.868 21.8687 21.9307 22.0525 22.2325 22.4692 22.7611 23.107 23.5054 23.9552 24.455 25.0036 25.5996 26.2418 26.9287 26.8682 26.622 26.3867 26.1625 25.9497 25.7641 25.5572 25.3769 25.2063 25.0448 24.8915 24.7454 24.6055 24.4707 24.3398 24.2119 24.0856 23.9599 23.8336 23.7056 23.5748 23.4401 23.3006 23.1552 23.0031 22.8435 22.6754 22.4983 22.3115 22.1144 21.9066 21.6879 21.4581 21.2172 20.9656 20.7036 20.4322 20.1524 19.8656 19.5735 19.2779 18.9813 18.6865 18.3969 18.116 17.8478 17.5963 17.3659 17.161 16.9859 16.845 16.7428 16.6836 16.6708 16.707 18.0563 16.9317 17.1208 17.3606 
17.6085 17.8933 18.23 18.6203 19.0652 19.5645 20.1166 20.7167 21.3465 21.9989 22.6807 23.385 24.1029 24.825 25.542 27.4732 26.6311 25.8681 25.1825 24.5694 24.0275 23.5559 23.1527 22.8179 22.5535 22.358 22.2296 22.1665 22.1669 22.2292 22.3517 22.5328 22.7711 23.0651 23.4135 23.815 24.2682 24.7719 25.3248 25.9256 26.573 27.2655 27.1872 26.9459 26.7151 26.4952 26.2864 26.0886 25.9014 25.7245 25.5572 25.3986 25.248 25.1044 24.9668 24.834 24.705 24.5786 24.4536 24.329 24.2035 24.0761 23.9456 23.811 23.6713 23.5255 23.3728 23.2122 23.0431 22.8646 22.6762 22.4774 22.2677 22.0469 21.8148 21.5716 21.3174 21.0528 20.7786 20.4958 20.2058 19.91 19.6105 19.3098 19.0108 18.7169 18.4317 18.1589 17.9029 17.6677 17.458 17.2779 17.1323 17.0258 16.9623 16.9449 16.9763 17.0581 17.1908 17.3744 17.6085 
17.8602 18.139 18.4696 18.8535 19.2919 19.7845 20.3298 20.9243 21.5512 22.1993 22.8761 23.5757 24.2893 25.0074 25.7201 26.4184 26.9677 26.1993 25.5083 24.8901 24.3435 23.8676 23.4611 23.1238 22.8573 22.6603 22.5307 22.467 22.4672 22.5297 22.6529 22.8352 23.0751 23.3712 23.7221 24.1266 24.5833 25.0909 25.6481 26.2536 26.9061 27.6042 27.5102 27.2737 27.0495 26.8319 26.6272 26.4333 26.2498 26.0762 25.9121 25.7565 25.6086 25.4675 25.3322 25.2014 25.0742 24.9493 24.8257 24.7021 24.5774 24.4505 24.3203 24.1857 24.0458 23.8995 23.7461 23.5846 23.4143 23.2345 23.0445 22.8439 22.6323 22.4094 22.175 21.9294 21.6726 21.4053 21.1283 20.8424 20.5487 20.249 19.9455 19.6407 19.3377 19.0395 18.7499 18.4727 18.212 17.9722 17.7576 17.573 17.4233 17.3126 17.2447 17.2228 17.2495 17.3263 17.4538 17.6318 17.8602 
18.1157 18.3887 18.7132 19.0908 19.5226 20.0087 20.5473 21.1354 21.7594 22.4033 23.0754 23.7704 24.4797 25.1939 25.9032 28.1602 27.3067 26.533 25.8366 25.2132 24.662 24.1819 23.7717 23.4316 23.1632 22.9646 22.834 22.7695 22.7695 22.8322 22.9561 23.1396 23.3811 23.6793 24.0328 24.4403 24.9004 25.4118 25.9734 26.5836 27.2413 27.9448 27.8372 27.6056 27.3839 27.1727 26.9721 26.7821 26.6022 26.4321 26.2711 26.1256 25.9734 25.8348 25.7017 25.5729 25.4475 25.3241 25.2017 25.0791 24.9552 24.8288 24.6988 24.5642 24.424 24.2773 24.1231 23.9606 23.7891 23.6079 23.4163 23.2139 23.0004 22.7753 22.5387 22.2905 22.0312 21.7612 21.481 21.1914 20.894 20.5904 20.283 19.9742 19.667 19.3646 19.0706 18.789 18.5238 18.2793 18.0603 17.8717 17.718 17.6031 17.5308 17.5044 17.5264 17.5982 17.7205 17.8931 18.1157 
18.375 18.6422 18.9606 19.332 19.7575 20.2371 20.7692 21.3507 21.971 22.6111 23.2784 23.9689 24.6741 25.3846 26.0907 28.5072 27.6481 26.8691 26.1672 25.5388 24.9829 24.4986 24.0847 23.7418 23.4712 23.271 23.1392 23.0741 23.0739 23.1369 23.2615 23.4461 23.6892 23.9895 24.3455 24.756 25.2195 25.7348 26.3006 26.9156 27.5783 28.2875 28.1683 27.9415 27.7245 27.5176 27.3212 27.135 26.9588 26.7921 26.6343 26.4846 26.3426 26.2061 26.0752 25.9485 25.8248 25.7029 25.5818 25.4601 25.3369 25.2109 25.0811 24.9465 24.806 24.6587 24.5037 24.3403 24.1675 23.9848 23.7916 23.5874 23.3718 23.1446 22.9056 22.655 22.3931 22.1198 21.8361 21.5429 21.2417 20.9344 20.623 20.3102 19.9988 19.6922 19.3939 19.1078 18.8381 18.5894 18.3666 18.1741 18.0163 17.8972 17.8207 17.7898 17.807 17.8738 17.9909 18.158 18.375 
18.6374 18.8992 19.212 19.5773 19.9965 20.4697 20.9953 21.5703 22.1861 22.8225 23.4853 24.1714 24.8726 25.5795 26.2825 28.8566 27.9918 27.2075 26.5002 25.8667 25.3062 24.8178 24.4002 24.0546 23.7817 23.5796 23.4466 23.3808 23.3803 23.4436 23.5689 23.7546 23.9994 24.3017 24.6603 25.0737 25.5406 26.0598 26.6299 27.2496 27.9176 28.6324 28.5033 28.2814 28.0691 27.8666 27.6743 27.492 27.3194 27.1562 27.0016 26.8549 26.7152 26.5815 26.4529 26.3281 26.2061 26.0857 25.9657 25.8451 25.7225 25.5969 25.4673 25.3326 25.1917 25.0438 24.888 24.7235 24.5494 24.3653 24.1704 23.9643 23.7466 23.5172 23.2759 23.0227 22.7575 22.4809 22.1936 21.8968 21.5919 21.2807 20.9654 20.6486 20.3331 20.0223 19.7197 19.4292 19.1555 18.9031 18.6765 18.4801 18.3183 18.1951 18.1142 18.0788 18.0913 18.153 18.2645 18.4259 18.6374 
18.9028 19.1592 19.4669 19.8266 20.2396 20.7065 21.2257 21.7943 22.4053 23.0377 23.6959 24.3778 25.0751 25.7785 26.4785 29.2082 28.3379 27.5483 26.8356 26.1971 25.6321 25.1395 24.7183 24.3699 24.0947 23.8908 23.7564 23.6897 23.689 23.7524 23.8783 24.0652 24.3116 24.6161 24.9771 25.3935 25.8638 26.3869 26.9614 27.586 28.2592 28.9798 28.8425 28.6255 28.4177 28.2197 28.0315 27.8531 27.6842 27.5244 27.373 27.2292 27.0923 26.9611 26.8964 26.7118 26.688 26.4725 26.3537 26.2339 26.112 25.9868 25.8573 25.7224 25.5811 25.4326 25.2759 25.1102 24.9349 24.7492 24.5525 24.3446 24.1248 23.8932 23.6492 23.3928 23.1244 22.8443 22.5535 22.2531 21.9444 21.6294 21.3102 20.9894 20.6698 20.3548 20.048 19.7537 19.4764 19.2203 18.99 18.7897 18.6239 18.4966 18.4114 18.3715 18.379 18.4351 18.541 18.6968 18.9028 
19.1712 19.4223 19.7248 20.0795 20.4868 20.9474 21.4603 22.0227 22.6287 23.2569 23.9104 24.5882 25.2816 25.9816 26.6787 29.5622 28.6864 27.8915 27.1734 26.5299 25.9603 25.4637 25.0389 24.6878 24.4103 24.2046 24.0689 24.0013 24.0001 24.0636 24.1902 24.3782 24.6262 24.9326 25.2962 25.7156 26.1895 26.7165 27.2954 27.9248 28.6034 29.3297 29.1857 28.9736 28.7706 28.5769 28.3929 28.2184 28.0532 27.8968 27.7486 27.6077 27.4734 27.3447 27.2204 27.0995 26.9808 26.8632 26.7456 26.6266 26.5053 26.3804 26.251 26.1159 25.9742 25.8249 25.6673 25.5005 25.3238 25.1365 24.9381 24.7282 24.5063 24.272 24.025 23.7654 23.4936 23.2102 22.9158 22.6117 22.2994 21.9805 21.6574 21.3326 21.0089 20.6898 20.3794 20.0816 19.8008 19.5411 19.3069 19.1029 18.9331 18.8016 18.7122 18.6674 18.6694 18.72 18.8203 18.9707 19.1712 
19.4426 19.6885 19.9859 20.3356 20.7379 21.1925 21.6993 22.2555 22.8562 23.4806 24.1287 24.8024 25.4921 26.1888 26.8832 29.9184 29.0372 28.237 27.5136 26.8652 26.2911 25.7903 25.362 25.0082 24.7285 24.521 24.3839 24.3154 24.3139 24.3775 24.5046 24.6937 24.9432 25.2518 25.6179 26.0403 26.5176 27.0486 27.6319 28.2661 28.95 29.682 29.533 29.3259 29.1275 28.9382 28.7584 28.5878 28.4813 28.2733 28.1282 27.9903 27.8587 27.7323 27.6102 27.4912 27.3742 27.2579 27.1414 27.0232 26.9024 26.7778 26.6484 26.5131 26.3709 26.2209 26.0623 25.8943 25.7161 25.5272 25.327 25.115 24.8904 24.6532 24.4031 24.1404 23.8653 23.5784 23.2805 22.9727 22.6566 22.3339 22.0069 21.6781 21.3505 21.028 20.7141 20.4129 20.1285 19.8652 19.6274 19.4195 19.2458 19.1103 19.016 18.9659 18.9626 19.0077 19.1025 19.2474 19.4426 
19.717 19.9577 20.2501 20.5948 20.9923 21.4418 21.9425 22.4926 23.0878 23.7086 24.3513 25.0205 25.7066 26.4002 27.0919 30.277 29.3904 28.5849 27.8561 27.2028 26.6243 26.1195 25.6878 25.3312 25.0492 24.8399 24.7015 24.6322 24.6302 24.6939 24.8216 25.0118 25.2629 25.5735 25.9421 26.3675 26.8483 27.3832 27.9709 28.61 29.2991 30.0367 30.0334 29.7463 29.4886 29.3037 29.128 28.9614 28.8035 28.6539 28.512 28.377 28.248 28.1241 28.0041 27.8869 27.7715 27.6566 27.541 27.4237 27.3034 27.179 27.0496 26.9139 26.7712 26.6204 26.4608 26.2915 26.1119 25.9213 25.719 25.5043 25.277 25.0368 24.7837 24.5177 24.2393 23.9489 23.6474 23.336 23.0161 22.6897 22.3588 22.0261 21.6952 21.3694 21.0522 20.7476 20.4597 20.1928 19.9513 19.7397 19.562 19.4219 19.3225 19.6066 19.2585 19.2983 19.3876 19.5271 19.717 
19.9943 20.23 20.5174 20.8573 21.2499 21.6947 22.1899 22.734 23.3235 23.941 24.5786 25.2427 25.9252 26.6156 27.3048 30.638 29.7459 28.9351 28.2011 27.543 26.9599 26.4512 26.016 25.6568 25.3725 25.1614 25.0216 24.9515 24.9491 25.0129 25.1412 25.3325 25.5851 25.8977 26.2689 26.6973 27.1816 27.7204 28.3124 28.9563 29.6506 30.3939 30.2401 30.0428 29.8537 29.6733 29.5018 29.3391 29.1848 29.0387 28.8999 28.7678 28.6415 28.5199 28.402 28.2867 28.1728 28.0592 27.9446 27.828 27.7082 27.584 27.4544 27.3184 27.1751 27.0235 26.8627 26.6922 26.5109 26.3182 26.1135 25.8962 25.6661 25.4229 25.1666 24.8974 24.6155 24.3217 24.0166 23.7015 23.378 23.0477 22.7131 22.3773 22.0432 21.7141 21.3936 21.0856 20.7942 20.5238 20.2787 20.0633 19.8811 19.736 19.6317 19.5712 19.5572 19.5916 19.6756 19.8097 19.9943 
