# Please cite arXiv:2008.01110
# The chisq test statistic between a given point in parameter space and the data including a marginalization over theta23, delta, and Dmsq31 for a fixed MO
# The first two rows define the grid:
#   |eps|
#   phi
# The remaining rows are the chisq test statistic where the first row is at |eps|=0 and at increasing values of phi. The remaining rows are increasing values of |eps|.
0 0.01 0.02 0.03 0.04 0.05 0.06 0.07 0.08 0.09 0.1 0.11 0.12 0.13 0.14 0.15 0.16 0.17 0.18 0.19 0.2 0.21 0.22 0.23 0.24 0.25 0.26 0.27 0.28 0.29 0.3 0.31 0.32 0.33 0.34 0.35 0.36 0.37 0.38 0.39 0.4 0.41 0.42 0.43 0.44 0.45 0.46 0.47 0.48 0.49 0.5 0.51 0.52 0.53 0.54 0.55 0.56 0.57 0.58 0.59 0.6 0.61 0.62 0.63 0.64 0.65 0.66 0.67 0.68 0.69 0.7 0.71 0.72 0.73 0.74 0.75 0.76 0.77 0.78 0.79 0.8 0.81 0.82 0.83 0.84 0.85 0.86 0.87 0.88 0.89 0.9 0.91 0.92 0.93 0.94 0.95 0.96 0.97 0.98 0.99 1 
0 0.0628319 0.125664 0.188496 0.251327 0.314159 0.376991 0.439823 0.502655 0.565487 0.628319 0.69115 0.753982 0.816814 0.879646 0.942478 1.00531 1.06814 1.13097 1.19381 1.25664 1.31947 1.3823 1.44513 1.50796 1.5708 1.63363 1.69646 1.75929 1.82212 1.88496 1.94779 2.01062 2.07345 2.13628 2.19911 2.26195 2.32478 2.38761 2.45044 2.51327 2.57611 2.63894 2.70177 2.7646 2.82743 2.89027 2.9531 3.01593 3.07876 3.14159 3.20442 3.26726 3.33009 3.39292 3.45575 3.51858 3.58142 3.64425 3.70708 3.76991 3.83274 3.89557 3.95841 4.02124 4.08407 4.1469 4.20973 4.27257 4.3354 4.39823 4.46106 4.52389 4.58673 4.64956 4.71239 4.77522 4.83805 4.90088 4.96372 5.02655 5.08938 5.15221 5.21504 5.27788 5.34071 5.40354 5.46637 5.5292 5.59203 5.65487 5.7177 5.78053 5.84336 5.90619 5.96903 6.03186 6.09469 6.15752 6.22035 6.28319 
5.33882 5.33882 5.33882 5.33882 5.33882 5.33882 5.33882 5.33882 5.33882 5.33882 5.33882 5.33882 5.33882 5.33882 5.33882 5.33882 5.33882 5.33882 5.33882 5.33882 5.33882 5.33882 5.33882 5.33882 5.33882 5.33882 5.33882 5.33882 5.33882 5.33882 5.33882 5.33882 5.33882 5.33882 5.33882 5.33882 5.33882 5.33882 5.33882 5.33882 5.33882 5.33882 5.33882 5.33882 5.33882 5.33882 5.33882 5.33882 5.33882 5.33882 5.33882 5.33882 5.33882 5.33882 5.33882 5.33882 5.33882 5.33882 5.33882 5.33882 5.33882 5.33882 5.33882 5.33882 5.33882 5.33882 5.33882 5.33882 5.33882 5.33882 5.33882 5.33882 5.33882 5.33882 5.33882 5.33882 5.33882 5.33882 5.33882 5.33882 5.33882 5.33882 5.33882 5.33882 5.33882 5.33882 5.33882 5.33882 5.33882 5.33882 5.33882 5.33882 5.33882 5.33882 5.33882 5.33882 5.33882 5.33882 5.33882 5.33882 5.33882 
5.12478 5.12414 5.12434 5.12536 5.12721 5.12989 5.13338 5.13767 5.14275 5.1486 5.15521 5.16254 5.17058 5.17929 5.18866 5.19863 5.20918 5.22028 5.23187 5.24392 5.25638 5.26921 5.28236 5.29577 5.3094 5.32318 5.33708 5.35103 5.36498 5.37886 5.39264 5.40623 5.4196 5.43269 5.44543 5.45778 5.46969 5.4811 5.49196 5.50223 5.51186 5.52082 5.52905 5.53653 5.54323 5.54911 5.55414 5.55832 5.56161 5.56401 5.5655 5.56608 5.56574 5.56449 5.56234 5.5593 5.55537 5.55058 5.54495 5.5385 5.53127 5.52329 5.51458 5.5052 5.49517 5.48455 5.47338 5.46171 5.44959 5.43706 5.42418 5.41101 5.39759 5.38399 5.37025 5.35644 5.3426 5.32879 5.31506 5.30148 5.28808 5.27492 5.26205 5.24951 5.23736 5.22564 5.21439 5.20364 5.19345 5.18384 5.17485 5.16651 5.15886 5.15191 5.14569 5.14023 5.13553 5.13163 5.12853 5.12624 5.12478 
4.92331 4.92201 4.92228 4.92412 4.92753 4.93251 4.93904 4.94712 4.95672 4.96781 4.98037 4.99437 5.00977 5.02653 5.0446 5.06392 5.08442 5.10603 5.12869 5.15232 5.17684 5.20215 5.22818 5.25482 5.28197 5.30953 5.33739 5.36544 5.39357 5.42165 5.44958 5.47723 5.50448 5.53122 5.55732 5.58267 5.60715 5.63065 5.65305 5.67427 5.69419 5.71273 5.72978 5.74529 5.75916 5.77133 5.78175 5.79036 5.79714 5.80203 5.80503 5.80612 5.8053 5.80257 5.79796 5.79148 5.78317 5.77308 5.76125 5.74775 5.73265 5.71601 5.69793 5.67848 5.65776 5.63587 5.61291 5.58898 5.56419 5.53865 5.51248 5.48578 5.45867 5.43127 5.40367 5.37601 5.34838 5.32089 5.29365 5.26676 5.24032 5.21443 5.18917 5.16463 5.14091 5.11807 5.0962 5.07536 5.05562 5.03705 5.0197 5.00363 4.98889 4.97553 4.96359 4.9531 4.94409 4.93659 4.93061 4.92618 4.92331 
4.7355 4.73353 4.73378 4.73625 4.74094 4.74785 4.75698 4.7683 4.78181 4.79748 4.81529 4.8352 4.85717 4.88116 4.90711 4.93497 4.96467 4.99613 5.02927 5.06399 5.10016 5.13763 5.17628 5.21597 5.25655 5.29787 5.33977 5.38209 5.42464 5.46725 5.50973 5.5519 5.59357 5.63454 5.67462 5.71363 5.75136 5.78765 5.8223 5.85515 5.88602 5.91477 5.94125 5.96531 5.98684 6.00572 6.02187 6.03519 6.04562 6.05311 6.05763 6.05915 6.05768 6.05323 6.04582 6.03552 6.02236 6.00645 5.98785 5.96668 5.94305 5.9171 5.88894 5.85874 5.82665 5.79283 5.75744 5.72066 5.68266 5.64363 5.60373 5.56315 5.52207 5.48066 5.43909 5.39753 5.35615 5.3151 5.27455 5.23463 5.1955 5.15727 5.12009 5.08407 5.04933 5.01597 4.98409 4.95381 4.92524 4.89844 4.87349 4.85044 4.82934 4.81024 4.79318 4.77821 4.76534 4.75462 4.74606 4.73968 4.7355 
4.56108 4.55845 4.5586 4.56153 4.56725 4.57577 4.58708 4.60117 4.61805 4.6377 4.6601 4.68522 4.71305 4.74354 4.77665 4.81232 4.85049 4.89108 4.934 4.97914 5.0264 5.07564 5.12665 5.17922 5.23314 5.28822 5.34425 5.401 5.45824 5.51571 5.57317 5.63034 5.68697 5.74277 5.79747 5.85081 5.9025 5.95227 5.99988 6.04505 6.08755 6.12715 6.16364 6.19681 6.22648 6.25249 6.27469 6.29298 6.30725 6.31743 6.32346 6.32533 6.32304 6.31661 6.30609 6.29154 6.27307 6.2508 6.22485 6.19538 6.16257 6.12661 6.0877 6.04605 6.0019 5.95548 5.90703 5.8568 5.80505 5.75202 5.69797 5.64315 5.5878 5.53217 5.47649 5.42099 5.36589 5.3114 5.25771 5.20503 5.15353 5.10337 5.05471 5.00771 4.96249 4.91925 4.87812 4.8392 4.80257 4.7683 4.73646 4.70711 4.68028 4.65604 4.63441 4.61542 4.59912 4.58551 4.57462 4.56647 4.56108 
4.39949 4.39622 4.3962 4.39945 4.40598 4.4158 4.42891 4.44534 4.46508 4.48814 4.51452 4.54422 4.57723 4.61352 4.65308 4.69586 4.74182 4.79088 4.84297 4.89798 4.95581 5.0163 5.0793 5.14457 5.21175 5.2806 5.35085 5.42222 5.49441 5.5671 5.63996 5.71263 5.78478 5.85602 5.926 5.99435 6.0607 6.12469 6.18595 6.24415 6.29896 6.35006 6.39715 6.43997 6.47826 6.5118 6.54041 6.56391 6.58218 6.59513 6.60268 6.60481 6.60152 6.59284 6.57886 6.55967 6.5354 6.50623 6.47233 6.43394 6.39128 6.34462 6.29425 6.24046 6.18356 6.12387 6.06172 5.99744 5.93137 5.86385 5.79521 5.72578 5.65587 5.5858 5.51588 5.44638 5.37758 5.30974 5.24311 5.17791 5.11435 5.05264 4.99294 4.93544 4.88041 4.828 4.7783 4.73141 4.68739 4.64633 4.60826 4.57323 4.54129 4.51246 4.48677 4.46423 4.44487 4.4287 4.41574 4.406 4.39949 
4.25014 4.24625 4.24602 4.24946 4.2566 4.26744 4.28203 4.30038 4.32252 4.34847 4.37827 4.41194 4.44948 4.49092 4.53625 4.58547 4.63856 4.69546 4.75612 4.82046 4.88837 4.95972 5.03433 5.11201 5.19238 5.27502 5.3596 5.44579 5.53322 5.62149 5.71018 5.79887 5.8871 5.97442 6.06034 6.1444 6.22613 6.30504 6.38069 6.45262 6.52041 6.58364 6.64194 6.69494 6.74233 6.78382 6.81921 6.84826 6.8708 6.88668 6.89581 6.89814 6.89367 6.88247 6.86462 6.84028 6.80964 6.77293 6.73042 6.68242 6.62925 6.57121 6.50868 6.44203 6.37168 6.29805 6.22155 6.14261 6.06167 5.97915 5.89548 5.81106 5.72629 5.64157 5.55724 5.47368 5.3912 5.31011 5.23069 5.15321 5.07791 5.005 4.93468 4.86729 4.80305 4.74205 4.6844 4.63017 4.57941 4.53218 4.48851 4.44841 4.41191 4.37902 4.34975 4.32409 4.30205 4.28363 4.26883 4.25767 4.25014 
4.1124 4.10793 4.10744 4.11097 4.11854 4.13018 4.14594 4.16585 4.18997 4.21834 4.25103 4.2881 4.32958 4.37554 4.42601 4.48103 4.5406 4.60474 4.6734 4.74654 4.82407 4.90587 4.99178 5.08161 5.17505 5.27149 5.37053 5.47174 5.5747 5.67892 5.78392 5.88914 5.99405 6.09807 6.20061 6.30109 6.39891 6.49348 6.58424 6.67061 6.75206 6.82808 6.89833 6.96235 7.01971 7.06999 7.11284 7.14798 7.17515 7.19419 7.20497 7.20745 7.20163 7.18759 7.16545 7.13541 7.09772 7.05269 7.00065 6.94203 6.87724 6.80677 6.73112 6.65082 6.56633 6.47806 6.38656 6.29236 6.19598 6.09795 5.9988 5.89901 5.79908 5.69946 5.6006 5.50289 5.40673 5.31247 5.22043 5.1309 5.04414 4.96038 4.87992 4.80316 4.73022 4.66121 4.5962 4.53523 4.47834 4.42554 4.37684 4.33223 4.29171 4.25525 4.22284 4.19445 4.17007 4.14969 4.13328 4.12086 4.1124 
3.98564 3.9806 3.97982 3.98334 3.9912 4.00344 4.02011 4.04127 4.06699 4.09736 4.13247 4.17242 4.21729 4.26719 4.3222 4.3824 4.44786 4.51863 4.59473 4.67615 4.76285 4.85472 4.95164 5.0534 5.15975 5.27004 5.38365 5.50011 5.61891 5.73948 5.86124 5.98354 6.10572 6.22709 6.34693 6.46454 6.57918 6.69015 6.79673 6.89833 6.9945 7.08457 7.16789 7.24384 7.31187 7.37148 7.42225 7.4638 7.49584 7.51816 7.53062 7.53316 7.52578 7.50859 7.48176 7.44553 7.40022 7.34621 7.28393 7.2139 7.13665 7.05277 6.9629 6.8677 6.76783 6.66399 6.55681 6.44671 6.33433 6.22028 6.10519 5.98965 5.87424 5.7595 5.64593 5.534 5.42414 5.31674 5.21217 5.11075 5.01276 4.91845 4.82831 4.74265 4.66156 4.5851 4.51332 4.44623 4.38381 4.32605 4.27289 4.2243 4.18024 4.14066 4.10553 4.07478 4.04838 4.02629 4.00848 3.99494 3.98564 
3.86856 3.86287 3.86172 3.86513 3.87316 3.88586 3.90331 3.92557 3.95274 3.9849 4.02214 4.06458 4.11234 4.16564 4.22463 4.28945 4.36022 4.43707 4.52007 4.60927 4.70468 4.80625 4.91388 5.02738 5.14651 5.27068 5.39901 5.53094 5.6659 5.80323 5.94224 6.08216 6.22222 6.36159 6.49943 6.63488 6.76708 6.8952 7.01876 7.13699 7.24902 7.35399 7.45113 7.5397 7.61902 7.6885 7.7476 7.7959 7.83304 7.85877 7.87291 7.8754 7.86627 7.84563 7.81371 7.77079 7.71727 7.65362 7.58038 7.49815 7.40761 7.30948 7.20451 7.09351 6.97729 6.8567 6.73256 6.60572 6.47675 6.34616 6.21468 6.083 5.95179 5.82166 5.69316 5.56683 5.44317 5.32263 5.20562 5.09249 4.98352 4.87903 4.77962 4.6855 4.59674 4.51335 4.43535 4.36269 4.29532 4.23316 4.17612 4.12412 4.07704 4.03479 3.99731 3.96453 3.93633 3.91265 3.89346 3.87876 3.86856 
3.76018 3.75385 3.75228 3.75551 3.76359 3.7766 3.79462 3.81775 3.84609 3.87978 3.91894 3.96371 4.01423 4.07065 4.13313 4.20203 4.27757 4.35995 4.44933 4.54583 4.64953 4.76043 4.87849 5.00354 5.13536 5.27343 5.41662 5.56428 5.71573 5.87024 6.02698 6.18509 6.34364 6.50168 6.65821 6.81222 6.96283 7.10953 7.25131 7.38709 7.51583 7.63653 7.74826 7.85013 7.94134 8.0212 8.08907 8.14444 8.1869 8.21614 8.23197 8.23432 8.22323 8.19883 8.1614 8.11129 8.04898 7.97503 7.89009 7.79489 7.69023 7.57698 7.45603 7.32835 7.19491 7.05669 6.9147 6.76991 6.62331 6.47563 6.32729 6.17907 6.03167 5.88578 5.74209 5.60122 5.46372 5.33009 5.20075 5.07608 4.95638 4.84205 4.73375 4.6316 4.53562 4.4458 4.36208 4.28437 4.21255 4.14651 4.08608 4.03114 3.98151 3.93705 3.89748 3.86271 3.83273 3.8075 3.78701 3.77124 3.76018 
3.66004 3.65308 3.65106 3.65403 3.66206 3.67523 3.69364 3.71742 3.74671 3.78164 3.82239 3.86914 3.92208 3.9814 4.0473 4.11999 4.1998 4.2872 4.38246 4.48579 4.59735 4.71723 4.84544 4.98187 5.12631 5.2783 5.43652 5.60016 5.76846 5.94056 6.11555 6.29241 6.47008 6.64746 6.82338 6.99684 7.16733 7.33368 7.49459 7.64882 7.79513 7.93237 8.05942 8.17527 8.27899 8.36973 8.44679 8.50955 8.55754 8.5904 8.60793 8.61003 8.59675 8.56828 8.52493 8.46714 8.39545 8.31054 8.21318 8.10422 7.98462 7.85538 7.71757 7.57231 7.42075 7.26404 7.10335 6.93982 6.77459 6.60873 6.44303 6.27775 6.11373 5.9518 5.79272 5.63718 5.48579 5.33908 5.19752 5.06148 4.93128 4.80744 4.6906 4.58083 4.47808 4.38229 4.29333 4.21105 4.13528 4.06581 4.00245 3.94499 3.89306 3.8464 3.80491 3.76845 3.73695 3.71035 3.68868 3.67191 3.66004 
3.5677 3.56011 3.55761 3.56026 3.56813 3.58133 3.59999 3.62423 3.65422 3.69016 3.73222 3.78065 3.83566 3.89751 3.96647 4.0428 4.12676 4.21873 4.3194 4.4291 4.54812 4.67663 4.81473 4.96237 5.11937 5.28533 5.45875 5.63863 5.82413 6.01428 6.20803 6.40422 6.60165 6.79903 6.99514 7.18949 7.38088 7.5678 7.74877 7.92233 8.08708 8.24165 8.38478 8.51529 8.63209 8.73423 8.82087 8.89134 8.94506 8.98166 9.00087 9.00261 8.98694 8.95409 8.90441 8.83842 8.75677 8.66024 8.54973 8.42623 8.29085 8.14476 7.9892 7.82548 7.65491 7.47883 7.2986 7.11552 6.93091 6.74597 6.5618 6.37899 6.19799 6.01972 5.84504 5.67469 5.50936 5.3496 5.1959 5.04866 4.90817 4.77512 4.6501 4.53308 4.42398 4.32266 4.22891 4.14253 4.06324 3.9908 3.92491 3.86503 3.81089 3.76232 3.71916 3.68126 3.6485 3.62077 3.59803 3.58034 3.5677 
3.48273 3.4745 3.47149 3.47376 3.48139 3.49451 3.51325 3.53779 3.56831 3.60502 3.64815 3.69797 3.75476 3.81882 3.89047 3.97006 4.05793 4.15442 4.26006 4.37571 4.50179 4.6386 4.78633 4.94502 5.11453 5.29452 5.48333 5.67974 5.88282 6.09147 6.3045 6.52061 6.73843 6.95651 7.17415 7.39042 7.60363 7.81205 8.01399 8.20778 8.39181 8.56452 8.72447 8.87029 9.00076 9.11479 9.21143 9.2899 9.34957 9.38998 9.41088 9.41215 9.39387 9.35631 9.2999 9.22522 9.13302 9.02421 8.89982 8.76099 8.60901 8.4452 8.27102 8.08793 7.89746 7.70114 7.50051 7.29708 7.0923 6.88746 6.6839 6.48282 6.28447 6.08957 5.89906 5.71377 5.53442 5.36162 5.19587 5.03757 4.88701 4.74505 4.61216 4.48827 4.37321 4.26676 4.16866 4.07859 3.99623 3.92119 3.85282 3.79074 3.7347 3.6845 3.63993 3.6008 3.56696 3.53829 3.51468 3.49612 3.48273 
3.40474 3.39587 3.39231 3.39413 3.40143 3.41436 3.43307 3.45775 3.48861 3.5259 3.56989 3.62087 3.67917 3.74514 3.81917 3.90168 3.9931 4.09386 4.2044 4.32558 4.45833 4.60311 4.76022 4.92981 5.11181 5.3059 5.5103 5.72354 5.94457 6.17218 6.40503 6.64167 6.88052 7.12033 7.36066 7.59978 7.83573 8.06659 8.29042 8.50532 8.70947 8.90111 9.0786 9.24039 9.38511 9.51152 9.61855 9.70532 9.77112 9.81546 9.83802 9.8387 9.81761 9.77503 9.71147 9.62759 9.52427 9.40252 9.26352 9.1086 8.93917 8.7568 8.56309 8.35974 8.14848 7.93103 7.70915 7.48455 7.25873 7.03324 6.80961 6.5893 6.37317 6.16133 5.95477 5.75439 5.56096 5.37512 5.1974 5.02818 4.86777 4.71714 4.57669 4.44627 4.32563 4.21447 4.11241 4.01906 3.93401 3.85647 3.78587 3.72188 3.66424 3.61266 3.5669 3.52674 3.49199 3.4625 3.43815 3.41887 3.40474 
3.33337 3.32384 3.31969 3.32099 3.32788 3.34051 3.35906 3.38375 3.4148 3.45251 3.49716 3.54908 3.60866 3.67628 3.75241 3.83753 3.93216 4.03685 4.15215 4.27865 4.41772 4.57015 4.73641 4.91676 5.11121 5.31949 5.53969 5.77006 6.00945 6.2565 6.50972 6.76747 7.02803 7.29089 7.55482 7.8177 8.07734 8.33156 8.57818 8.81508 9.04019 9.25154 9.44728 9.62569 9.78523 9.92449 10.0423 10.1377 10.2098 10.2581 10.2824 10.2823 10.2582 10.2103 10.1392 10.0456 9.93058 9.79524 9.64092 9.4691 9.28142 9.07961 8.86551 8.641 8.40804 8.16859 7.9246 7.67792 7.43023 7.18335 6.939 6.69879 6.46412 6.23504 6.01219 5.79656 5.58896 5.39009 5.20046 5.02046 4.85038 4.69133 4.54362 4.40701 4.28115 4.16564 4.06001 3.96376 3.8762 3.79636 3.72383 3.65825 3.59925 3.54653 3.49979 3.45878 3.42327 3.39309 3.36809 3.34819 3.33337 
3.26829 3.25807 3.25328 3.254 3.2604 3.27262 3.2909 3.31546 3.34657 3.38453 3.42967 3.48236 3.54301 3.61207 3.69005 3.7775 3.87504 3.98334 4.10306 4.23487 4.3799 4.53968 4.71485 4.90584 5.11273 5.33532 5.57155 5.81937 6.07752 6.34449 6.61863 6.89811 7.18142 7.46833 7.75676 8.04432 8.32858 8.60709 8.87741 9.13717 9.38407 9.6159 9.83061 10.0263 10.2012 10.3538 10.4828 10.5869 10.6653 10.7175 10.7431 10.7422 10.7148 10.6614 10.5826 10.4791 10.352 10.2024 10.0321 9.84259 9.63583 9.41372 9.17833 8.93177 8.67622 8.41388 8.14692 7.87724 7.60687 7.33785 7.0721 6.8114 6.55736 6.31069 6.07131 5.84027 5.61843 5.4065 5.20502 5.01436 4.8348 4.66757 4.51288 4.37039 4.23965 4.12014 4.0113 3.91249 3.82253 3.7407 3.66653 3.59961 3.53952 3.48588 3.43836 3.39665 3.36052 3.32974 3.30418 3.28371 3.26829 
3.20916 3.19825 3.19277 3.19285 3.19865 3.21038 3.22826 3.25257 3.28359 3.32167 3.36716 3.42045 3.482 3.55231 3.63192 3.72146 3.82165 3.93326 4.05709 4.19398 4.34486 4.51169 4.69556 4.89705 5.11639 5.35341 5.6059 5.87151 6.14884 6.43623 6.73184 7.03366 7.34093 7.65278 7.96661 8.27979 8.5896 8.89331 9.18823 9.47172 9.74122 9.9943 10.2287 10.4422 10.633 10.7989 10.9386 11.051 11.1354 11.1913 11.2182 11.2162 11.1854 11.1262 11.0395 10.9259 10.7867 10.6231 10.4367 10.2291 10.0024 9.7592 9.50164 9.23213 8.9531 8.66698 8.3761 8.08256 7.78871 7.49681 7.20897 6.92717 6.65317 6.38829 6.13215 5.88552 5.64934 5.42434 5.21106 5.00985 4.82099 4.6458 4.4844 4.33633 4.20103 4.07787 3.96616 3.86493 3.77285 3.68931 3.61379 3.54579 3.48483 3.43048 3.38235 3.34011 3.30347 3.2722 3.24613 3.22513 3.20916 
3.15567 3.14411 3.13788 3.13723 3.14236 3.15348 3.17086 3.19479 3.22561 3.26367 3.30936 3.36312 3.42542 3.4968 3.57786 3.6693 3.77189 3.88654 4.0142 4.15588 4.31255 4.48614 4.6785 4.89039 5.12219 5.37379 5.64279 5.92653 6.22347 6.53179 6.84944 7.17441 7.50671 7.84436 8.18451 8.52423 8.8605 9.19034 9.51075 9.81881 10.1117 10.3868 10.6415 10.873 11.079 11.2579 11.4083 11.5292 11.6197 11.6792 11.7074 11.7042 11.6697 11.6046 11.5096 11.3855 11.2337 11.0556 10.8529 10.6274 10.3811 10.1161 9.8355 9.54215 9.23873 8.92795 8.6122 8.29396 7.97581 7.66027 7.34966 7.04613 6.75164 6.46787 6.19469 5.9323 5.68168 5.44359 5.21855 5.00691 4.80891 4.62597 4.4581 4.30474 4.16519 4.0387 3.92445 3.82093 3.72701 3.64205 3.56544 3.4966 3.435 3.38013 3.33157 3.28893 3.2519 3.22022 3.19369 3.1722 3.15567 
3.1076 3.0954 3.08836 3.08691 3.09126 3.10167 3.11843 3.14187 3.17235 3.21027 3.25604 3.31013 3.37305 3.44537 3.52773 3.62087 3.72567 3.84312 3.97434 4.12052 4.28287 4.46303 4.66366 4.88586 5.13015 5.39649 5.68226 5.98449 6.30148 6.63122 6.97149 7.32069 7.67885 8.0432 8.41058 8.77775 9.14142 9.49828 9.84506 10.1786 10.4957 10.7934 11.0678 11.3168 11.5383 11.7305 11.8919 12.0215 12.1182 12.1814 12.2108 12.2062 12.168 12.0966 11.9929 11.858 11.6931 11.5 11.2804 11.0363 10.7699 10.4837 10.18 9.8619 9.53321 9.19683 8.85531 8.51149 8.16824 7.82829 7.4942 7.16834 6.85281 6.54948 6.25896 5.98062 5.71546 5.46423 5.22748 5.00549 4.79851 4.60801 4.43392 4.27554 4.13205 4.00254 3.88593 3.78037 3.68489 3.59878 3.52133 3.45189 3.38985 3.33465 3.28581 3.24291 3.20559 3.17357 3.14665 3.12468 3.1076 
3.06472 3.05187 3.04399 3.04165 3.04513 3.05472 3.07074 3.09356 3.12358 3.16123 3.20696 3.26127 3.32469 3.39782 3.48135 3.57606 3.68288 3.80293 3.93747 4.0879 4.25566 4.44233 4.65104 4.88345 5.14027 5.42153 5.72435 6.04544 6.38292 6.73462 7.09808 7.47262 7.85749 8.24941 8.64493 9.04048 9.43246 9.81725 10.1913 10.551 10.8928 11.2123 11.5066 11.7735 12.0108 12.2167 12.3894 12.5278 12.6309 12.6978 12.7283 12.7223 12.68 12.6021 12.4895 12.3432 12.1649 11.9562 11.7191 11.4558 11.1688 10.8606 10.5338 10.1914 9.83658 9.47366 9.10548 8.73523 8.36605 8.00092 7.64266 7.29382 6.95672 6.63334 6.32494 6.03048 5.75064 5.48625 5.2378 5.00557 4.78974 4.59188 4.4118 4.24867 4.10151 3.96927 3.85047 3.74314 3.64638 3.55937 3.48132 3.4115 3.34922 3.29386 3.2449 3.20185 3.16435 3.13207 3.10479 3.08236 3.06472 
3.02685 3.01331 3.00457 3.00125 3.00376 3.01241 3.02757 3.04965 3.07909 3.11634 3.16191 3.21632 3.28014 3.35398 3.43857 3.53472 3.64343 3.76589 3.90353 4.05797 4.2309 4.42401 4.64062 4.88317 5.15256 5.44894 5.7691 6.10942 6.46787 6.84204 7.22941 7.6303 8.04274 8.46312 8.88768 9.31253 9.73373 10.1473 10.5495 10.936 11.3016 11.6432 11.9579 12.2432 12.4968 12.7165 12.9008 13.0482 13.1577 13.2284 13.26 13.2524 13.2059 13.1212 12.9992 12.8413 12.649 12.4242 12.1691 11.8861 11.5777 11.2468 10.8963 10.5293 10.1489 9.75852 9.36279 8.96524 8.5693 8.17823 7.79508 7.42263 7.06338 6.7195 6.39265 6.08185 5.78724 5.50962 5.24951 5.00711 4.78257 4.57753 4.39168 4.22404 4.07349 3.93881 3.81797 3.70914 3.61136 3.5237 3.44529 3.37529 3.31297 3.25763 3.20868 3.16562 3.12801 3.09553 3.06794 3.04507 3.02685 
2.99383 2.97958 2.96997 2.9656 2.96702 2.97459 2.98874 3.00995 3.03867 3.07541 3.1207 3.17511 3.23922 3.31368 3.39923 3.49673 3.6072 3.73194 3.87249 4.03071 4.20857 4.40805 4.63239 4.88501 5.16705 5.47876 5.81656 6.17651 6.55638 6.95356 7.3658 7.79385 8.23471 8.68444 9.13894 9.594 10.0453 10.4887 10.9196 11.332 11.7219 12.0862 12.4217 12.7259 12.996 13.2301 13.4261 13.5827 13.6987 13.7732 13.8059 13.7967 13.7458 13.6539 13.5223 13.3523 13.1456 12.9042 12.6305 12.3271 11.9967 11.6425 11.2676 10.8753 10.4689 10.0515 9.6273 9.20159 8.77806 8.36027 7.9515 7.5548 7.17285 6.80798 6.46209 6.13476 5.82523 5.53434 5.26258 5.01009 4.77697 4.5649 4.3735 4.2016 4.04791 3.91101 3.78835 3.67828 3.57973 3.49166 3.41311 3.34315 3.28096 3.2258 3.17702 3.13405 3.09643 3.06382 3.03594 3.01263 2.99383 
2.96575 2.95081 2.94032 2.93481 2.93501 2.94135 2.9543 2.97439 3.00217 3.03826 3.08315 3.13744 3.20175 3.27675 3.36319 3.46195 3.5741 3.70099 3.8443 4.00609 4.18866 4.39436 4.62634 4.88896 5.18375 5.51102 5.86677 6.24674 6.64851 7.06923 7.50735 7.96338 8.43351 8.91348 9.39883 9.885 10.3674 10.8413 11.3002 11.7389 12.1537 12.5412 12.8981 13.2215 13.5086 13.7572 13.9655 14.1319 14.2552 14.3342 14.3683 14.3574 14.3019 14.2024 14.0602 13.877 13.6548 13.396 13.1032 12.7788 12.4258 12.0476 11.6476 11.2293 10.7963 10.3518 9.89909 9.44434 8.9924 8.54709 8.11199 7.69038 7.28515 6.8988 6.53337 6.18919 5.86461 5.56039 5.27697 5.01447 4.77288 4.55396 4.3572 4.18127 4.02469 3.88575 3.76153 3.65047 3.55139 3.46315 3.38467 3.31495 3.25309 3.19827 3.14977 3.10701 3.06948 3.03679 3.00867 2.98503 2.96575 
2.9426 2.92693 2.91549 2.90874 2.90762 2.91259 2.92419 2.943 2.96965 3.00479 3.0491 3.10317 3.16758 3.24304 3.3303 3.43027 3.54402 3.67296 3.81889 3.98407 4.17116 4.38288 4.62245 4.89504 5.20267 5.54574 5.91977 6.32019 6.74433 7.18914 7.65416 8.13898 8.63925 9.15034 9.66744 10.1856 10.6999 11.2041 11.6912 12.1568 12.5971 13.0083 13.387 13.7301 14.0347 14.2991 14.5209 14.6981 14.829 14.9126 14.9481 14.9355 14.875 14.7676 14.6145 14.4175 14.1788 13.9012 13.5876 13.2413 12.8651 12.4622 12.0364 11.5914 11.1311 10.6587 10.178 9.69356 9.21236 8.73875 8.27659 7.8294 7.40031 6.99199 6.60662 6.24514 5.90537 5.58774 5.2927 5.02033 4.77048 4.54484 4.34288 4.16307 4.00379 3.86296 3.73742 3.62562 3.52625 3.43807 3.35988 3.29059 3.22923 3.17491 3.12685 3.0844 3.04703 3.01439 2.98627 2.96238 2.9426 
2.92426 2.9078 2.89533 2.88727 2.88469 2.88815 2.89825 2.91564 2.94099 2.97504 3.0185 3.07215 3.13657 3.2124 3.30043 3.40155 3.51686 3.64778 3.79622 3.96464 4.15603 4.3736 4.62071 4.90325 5.22383 5.58298 5.97562 6.39689 6.8439 7.31344 7.80633 8.32077 8.85202 9.39512 9.94488 10.496 11.0428 11.5768 12.0926 12.5857 13.052 13.4876 13.8886 14.2522 14.5762 14.8575 15.0933 15.2815 15.4202 15.5084 15.5453 15.5308 15.4652 15.3495 15.1851 14.9739 14.7183 14.4212 14.0857 13.7155 13.3145 12.8863 12.434 11.9616 11.4733 10.9724 10.463 9.94931 9.43802 8.9353 8.44534 7.97191 7.51837 7.08757 6.68185 6.3026 5.9475 5.61653 5.31006 5.02797 4.76997 4.53777 4.33077 4.14726 3.98543 3.84276 3.71601 3.60365 3.50423 3.41632 3.33863 3.26998 3.2093 3.15562 3.10813 3.0661 3.02911 2.99678 2.96869 2.94456 2.92426 
2.91061 2.89331 2.87972 2.87026 2.86608 2.8679 2.87635 2.89215 2.91606 2.94886 2.99134 3.04431 3.10857 3.18471 3.27345 3.37568 3.4925 3.62537 3.77623 3.94776 4.14328 4.36651 4.62112 4.91358 5.24726 5.62275 6.03436 6.47692 6.94729 7.44242 7.96397 8.50884 9.07195 9.64794 10.2312 10.8161 11.3949 11.9593 12.5044 13.0257 13.5186 13.9789 14.4036 14.7899 15.134 15.4326 15.6827 15.8821 16.0288 16.1216 16.1597 16.1431 16.0723 15.9482 15.7722 15.5464 15.2733 14.956 14.598 14.2031 13.7756 13.32 12.8405 12.34 11.823 11.2929 10.7541 10.2112 9.66943 9.13682 8.61831 8.11796 7.63936 7.18558 6.75907 6.3616 5.99124 5.647 5.32911 5.03738 4.77133 4.53269 4.32082 4.1338 3.96963 3.82531 3.69751 3.58466 3.48526 3.39784 3.32086 3.25303 3.1932 3.14033 3.09353 3.05216 3.01581 2.98384 2.95582 2.93146 2.91061 
2.90155 2.88335 2.86857 2.85761 2.85171 2.85172 2.85836 2.87242 2.89472 2.92612 2.96747 3.01965 3.0835 3.15984 3.24923 3.35254 3.47086 3.60564 3.75888 3.93339 4.13288 4.36159 4.62367 4.92604 5.27297 5.66511 6.09604 6.56032 7.05454 7.57618 8.12716 8.70329 9.29912 9.90906 10.5266 11.1458 11.7562 12.3516 12.9268 13.4768 13.9968 14.4835 14.9338 15.3433 15.708 16.0242 16.2889 16.4991 16.6531 16.7499 16.7889 16.77 16.6938 16.5613 16.374 16.1339 15.8435 15.5057 15.1245 14.7043 14.2495 13.8004 13.2559 12.7266 12.1801 11.6201 11.0512 10.4785 9.90665 9.34334 8.79553 8.26758 7.76333 7.28603 6.83834 6.42239 6.03672 5.67914 5.34984 5.04851 4.77453 4.52958 4.31299 4.12265 3.95634 3.81054 3.68192 3.56878 3.4695 3.38256 3.30647 3.23966 3.18085 3.12894 3.08304 3.04266 3.00703 2.9755 2.94758 2.92297 2.90155 
2.89699 2.87784 2.86178 2.84923 2.84146 2.83951 2.84418 2.85633 2.87686 2.9067 2.94678 2.99803 3.06136 3.13768 3.22767 3.33203 3.45184 3.58852 3.74409 3.92151 4.12481 4.35885 4.62835 4.94064 5.30099 5.71009 6.16071 6.64715 7.16573 7.7148 8.296 8.90423 9.53363 10.178 10.8311 11.484 12.1268 12.7539 13.3596 13.9389 14.4875 15.0026 15.4792 15.9125 16.2982 16.6318 16.9099 17.1304 17.2916 17.3924 17.4322 17.4109 17.3292 17.188 16.9891 16.7344 16.4268 16.0691 15.6651 15.2189 14.7361 14.2219 13.6818 13.1214 12.5448 11.9542 11.3546 10.7513 10.1494 9.55493 8.97706 8.42082 7.89029 7.38898 6.91995 6.48517 6.08393 5.71295 5.37223 5.06135 4.77954 4.52838 4.30723 4.11376 3.94549 3.79839 3.66915 3.55593 3.45697 3.37063 3.29541 3.22979 3.17218 3.12138 3.07677 3.0375 3.0027 2.97165 2.94386 2.91902 2.89699 
2.89687 2.8767 2.85927 2.84503 2.83525 2.8312 2.83373 2.84379 2.86237 2.89049 2.92915 2.97934 3.04204 3.11818 3.20866 3.31405 3.43534 3.57392 3.73182 3.91207 4.11906 4.35827 4.63514 4.95737 5.33134 5.75772 6.22842 6.73746 7.28091 7.85839 8.4706 9.11175 9.77558 10.4555 11.1445 11.8309 12.5067 13.166 13.8031 14.4127 14.9922 15.5365 16.0399 16.4974 16.903 17.2531 17.5448 17.7758 17.9443 18.0491 18.0897 18.0659 17.9784 17.8284 17.6174 17.3479 17.0225 16.6447 16.218 15.7467 15.2355 14.6908 14.1189 13.5257 12.9171 12.2952 11.6641 11.0296 10.3969 9.77164 9.16296 8.57772 8.0203 7.49471 7.00398 6.55004 6.13287 5.74842 5.39626 5.07588 4.78632 4.52907 4.30351 4.10706 3.93701 3.7888 3.65915 3.54605 3.44761 3.36206 3.2878 3.22335 3.16711 3.11777 3.07465 3.03661 3.00272 2.97223 2.94461 2.91953 2.89687 
2.90111 2.87986 2.86098 2.84494 2.83302 2.8267 2.82692 2.83472 2.85118 2.8774 2.91448 2.96348 3.02543 3.10131 3.19211 3.29849 3.42127 3.56178 3.72201 3.90506 4.11562 4.35984 4.64404 4.97626 5.36406 5.80805 6.29922 6.83132 7.40017 8.00703 8.65103 9.32594 10.0251 10.7414 11.4661 12.1865 12.896 13.5882 14.2571 14.8996 15.5109 16.085 16.6156 17.0958 17.5212 17.8881 18.1936 18.4353 18.6112 18.7201 18.7613 18.735 18.6416 18.4823 18.2591 17.9743 17.6308 17.2322 16.7824 16.2858 15.7472 15.1718 14.5672 13.9404 13.2974 12.6431 11.9799 11.3134 10.6494 9.99345 9.35327 8.73833 8.15358 7.60331 7.09044 6.61701 6.18353 5.78551 5.4219 5.09206 4.79485 4.53161 4.30176 4.1025 3.93084 3.78173 3.65186 3.53907 3.44134 3.35678 3.28366 3.22041 3.16561 3.11809 3.07661 3.03992 3.00704 2.97716 2.94974 2.92443 2.90111 
2.90965 2.88727 2.86685 2.84891 2.83471 2.82595 2.82368 2.82904 2.8432 2.86735 2.90269 2.95034 3.01142 3.08696 3.17796 3.28528 3.40954 3.552 3.71459 3.90043 4.11447 4.36357 4.655 4.9973 5.39917 5.86113 6.37315 6.92878 7.52377 8.16081 8.8374 9.5469 10.2822 11.0358 11.7957 12.5508 13.2946 14.0204 14.7231 15.3998 16.0438 16.648 17.2044 17.7074 18.1528 18.5369 18.8564 19.1088 19.2922 19.4052 19.4471 19.418 19.3185 19.1499 18.9141 18.6137 18.2517 17.8318 17.3583 16.8358 16.2693 15.6643 15.0268 14.3654 13.6872 12.9979 12.3019 11.6028 10.9068 10.2197 9.54804 8.90274 8.29028 7.71481 7.17937 6.6861 6.23591 5.82424 5.44915 5.10988 4.8051 4.53595 4.30196 4.10005 3.92693 3.77711 3.64722 3.53495 3.43812 3.35472 3.28291 3.22102 3.16778 3.12228 3.08258 3.04737 3.01559 2.9864 2.95921 2.93366 2.90965 
2.92245 2.89888 2.87682 2.85687 2.84025 2.82889 2.82397 2.8267 2.83837 2.86027 2.89369 2.93986 2.99995 3.07504 3.16618 3.27434 3.40009 3.54453 3.70951 3.89814 4.11559 4.36944 4.66803 5.02052 5.4367 5.917 6.45028 7.02988 7.65184 8.31981 9.0298 9.77471 10.547 11.3381 12.1334 12.924 13.7027 14.4629 15.2018 15.9136 16.5907 17.2237 17.8059 18.3321 18.7979 19.1994 19.5332 19.7965 19.9876 20.105 20.1479 20.1161 20.0102 19.8317 19.5826 19.266 18.885 18.4435 17.9458 17.3968 16.8018 16.1667 15.4974 14.801 14.0866 13.3607 12.6303 11.8979 11.1692 10.4503 9.74733 9.07119 8.43044 7.82923 7.27078 6.75732 6.28999 5.86457 5.47798 5.1293 4.81705 4.54208 4.30407 4.09966 3.92524 3.7749 3.64518 3.53361 3.43787 3.35582 3.2855 3.22514 3.17374 3.13027 3.09251 3.0589 3.02832 2.99988 2.97296 2.94719 2.92245 
2.93947 2.91464 2.89086 2.86877 2.8496 2.83548 2.82771 2.82763 2.83663 2.8561 2.88744 2.93196 2.99092 3.06547 3.15669 3.26558 3.39282 3.53928 3.70672 3.89817 4.11898 4.37744 4.68312 5.04591 5.47669 5.97569 6.53064 7.13469 7.78448 8.48413 9.22831 10.0095 10.8196 11.648 12.4794 13.3059 14.1202 14.9171 15.6933 16.4408 17.15 17.8117 18.4201 18.97 19.4565 19.8756 20.2242 20.4997 20.6995 20.822 20.866 20.8314 20.7189 20.53 20.2669 19.9327 19.5314 19.0673 18.5448 17.9688 17.3448 16.6789 15.9774 15.247 14.4956 13.7323 12.965 12.1987 11.4365 10.6853 9.95111 9.24376 8.57409 7.94661 7.3647 6.83068 6.34579 5.90651 5.50837 5.15032 4.83066 4.54996 4.30803 4.10128 3.92572 3.77504 3.64568 3.53501 3.44055 3.36003 3.29138 3.23277 3.18347 3.14201 3.10634 3.07446 3.04517 3.01756 2.99094 2.96495 2.93947 
2.96066 2.93451 2.90893 2.88458 2.86272 2.84566 2.83488 2.83179 2.83792 2.85478 2.88385 2.92657 2.98427 3.05818 3.1494 3.25896 3.38768 3.53619 3.70614 3.90046 4.1246 4.38758 4.70028 5.0735 5.51918 6.03726 6.61429 7.24326 7.92176 8.65385 9.43302 10.2513 11.1001 11.9654 12.8335 13.6968 14.5476 15.3834 16.1976 16.9807 17.7212 18.4121 19.0472 19.621 20.1286 20.5667 20.9317 21.22 21.4289 21.5564 21.6015 21.564 21.4447 21.2452 20.9677 20.6156 20.1929 19.7044 19.1555 18.5519 17.8982 17.2009 16.4666 15.7023 14.9143 14.1126 13.3071 12.5051 11.709 10.9246 10.159 9.42048 8.72127 8.06697 7.46113 6.90619 6.4034 5.95004 5.54031 5.1729 4.84591 4.55955 4.31383 4.10486 3.92832 3.77749 3.64868 3.53909 3.4461 3.3673 3.30048 3.24395 3.19691 3.15847 3.12402 3.094 3.06612 3.03939 3.01313 2.98692 2.96066 
2.98599 2.95847 2.93098 2.90426 2.87957 2.85941 2.84542 2.83914 2.84221 2.85625 2.88289 2.92364 2.97995 3.0531 3.14424 3.25445 3.3846 3.53521 3.70774 3.90499 4.13246 4.39983 4.7195 5.1033 5.5642 6.10175 6.70128 7.35563 8.06377 8.82906 9.64402 10.5002 11.3881 12.2904 13.196 14.0965 14.9861 15.8618 16.7146 17.532 18.3044 19.0248 19.687 20.2852 20.8159 21.2745 21.7705 21.9576 22.1756 22.3082 22.3544 22.314 22.1877 21.9772 21.685 21.3146 20.8701 20.3566 19.7798 19.1461 18.4621 17.7327 16.9649 16.166 15.3425 14.5019 13.6572 12.8174 11.9865 11.1684 10.3708 9.60141 8.87203 8.19035 7.56012 6.98388 6.46289 5.99515 5.57379 5.19701 4.86275 4.57083 4.32141 4.11037 3.93301 3.7822 3.65413 3.54581 3.45447 3.37757 3.31277 3.25862 3.21402 3.17692 3.14552 3.11749 3.09111 3.06535 3.03947 3.01305 2.98599 
3.01544 2.98649 2.957 2.92778 2.90012 2.87669 2.8593 2.84963 2.84944 2.86048 2.8845 2.92312 2.97789 3.05016 3.14117 3.25197 3.38352 3.53626 3.71145 3.91172 4.14252 4.41421 4.74079 5.13532 5.61179 6.1692 6.79166 7.47187 8.21058 9.00984 9.8614 10.7563 11.6831 12.6232 13.5667 14.5054 15.4359 16.3523 17.243 18.0947 18.8994 19.6499 20.3397 20.9647 21.5197 21.999 22.3979 22.7125 22.9397 23.0775 23.1247 23.0812 22.9477 22.726 22.4188 22.1156 21.563 21.0238 20.4185 19.7537 19.0366 18.2744 17.4725 16.6384 15.7788 14.9001 14.0153 13.1359 12.2692 11.4167 10.5867 9.78657 9.0264 8.31678 7.66169 7.06375 6.52427 6.04184 5.60878 5.22265 4.88117 4.58376 4.33075 4.11777 3.93974 3.78913 3.66197 3.55511 3.46562 3.39079 3.3282 3.27672 3.23473 3.20005 3.1708 3.14488 3.12012 3.0954 3.06995 3.04333 3.01544 
3.04897 3.01853 2.98695 2.95512 2.92435 2.89747 2.87649 2.86324 2.85958 2.86743 2.88863 2.92496 2.97804 3.04933 3.14011 3.25146 3.38438 3.53929 3.71721 3.9206 4.15478 4.43071 4.76415 5.1696 5.66201 6.23967 6.88548 7.59204 8.36228 9.19627 10.0852 11.0197 11.9852 12.9636 13.9459 14.9244 15.8972 16.8548 17.7824 18.6688 19.5063 20.2874 21.0071 21.6601 22.2398 22.7403 23.1566 23.4846 23.7211 23.8641 23.9124 23.8657 23.7249 23.4918 23.1692 22.7608 22.2713 21.7062 21.0717 20.375 19.6237 18.8261 17.9894 17.1194 16.2231 15.307 14.3815 13.4617 12.557 11.6697 10.8067 9.97549 9.18442 8.4463 7.76584 7.14582 6.58754 6.09008 5.64527 5.24979 4.90114 4.59831 4.34181 4.12701 3.94846 3.79823 3.67217 3.56695 3.47948 3.40692 3.34682 3.29822 3.25901 3.2269 3.19992 3.17615 3.1531 3.1295 3.10452 3.07771 3.04897 
3.08657 3.05457 3.02082 2.98624 2.95222 2.92172 2.89697 2.87992 2.8726 2.87705 2.89526 2.92913 2.98037 3.05056 3.14102 3.25288 3.38714 3.54425 3.72499 3.93159 4.16922 4.44932 4.78959 5.20615 5.71489 6.3132 6.98277 7.7164 8.51894 9.38844 10.3156 11.2905 12.2944 13.3118 14.3335 15.3541 16.3699 17.368 18.3326 19.2544 20.1253 20.9387 21.69 22.3715 22.9763 23.4983 23.9323 24.2739 24.52 24.6682 24.7174 24.6675 24.5191 24.2744 23.9361 23.5081 22.9954 22.4037 21.7395 21.0102 20.224 19.3894 18.5156 17.609 16.6753 15.7212 14.756 13.7948 12.8501 11.9273 11.0308 10.168 9.34613 8.57893 7.87262 7.23011 6.65272 6.13987 5.68324 5.27841 4.92263 4.61447 4.35456 4.13807 3.95915 3.80946 3.68467 3.58128 3.49603 3.42592 3.36859 3.32305 3.2868 3.25744 3.23287 3.21125 3.19004 3.16763 3.14317 3.11619 3.08657 
3.1282 3.0946 3.05857 3.02114 2.98371 2.94941 2.9207 2.89966 2.88847 2.88933 2.90435 2.93557 2.98484 3.05379 3.14385 3.25618 3.39176 3.5511 3.73473 3.94467 4.18582 4.47003 4.8171 5.245 5.77049 6.38982 7.0836 7.84507 8.68066 9.58642 10.5526 11.5679 12.6108 13.6679 14.7298 15.7946 16.8541 17.8916 18.8938 19.8515 20.7567 21.605 22.3884 23.0989 23.7293 24.2731 24.725 25.0805 25.3361 25.4897 25.5399 25.4865 25.3305 25.0738 24.7195 24.3203 23.7352 23.1163 22.4218 21.6594 20.8374 19.9651 19.0519 18.1073 17.1355 16.1428 15.1385 14.1352 13.1493 12.1896 11.259 10.364 9.51158 8.71471 7.98205 7.31663 6.7198 6.1912 5.72269 5.30849 4.94562 4.6322 4.36897 4.15089 3.97175 3.82278 3.69945 3.59807 3.51521 3.44773 3.39347 3.35117 3.31807 3.29162 3.26961 3.25016 3.23089 3.20976 3.18588 3.15872 3.1282 
3.17386 3.13859 3.1002 3.05978 3.01881 2.98053 2.94765 2.92242 2.90716 2.90422 2.91586 2.94427 2.9914 3.059 3.14856 3.2613 3.3982 3.55979 3.74639 3.95979 4.20457 4.49286 4.8467 5.28618 5.82885 6.4696 7.18801 7.97814 8.84749 9.79031 10.7963 11.852 12.9344 14.0318 15.1361 16.2458 17.3486 18.4256 19.4659 20.4601 21.4024 22.2863 23.1024 23.8424 24.4987 25.0647 25.5348 25.9043 26.1697 26.3286 26.3798 26.3229 26.159 25.8902 25.5195 25.0513 24.4907 23.8442 23.1187 22.3225 21.4892 20.5533 19.5999 18.6144 17.6039 16.5718 15.528 14.4831 13.455 12.4567 11.4914 10.5637 9.68077 8.85367 8.09415 7.4054 6.78881 6.24406 5.76359 5.34 4.97009 4.65147 4.385 4.16545 3.98624 3.83814 3.71645 3.61726 3.53699 3.47232 3.4214 3.38255 3.35277 3.3294 3.3101 3.29289 3.27564 3.25588 3.23261 3.2053 3.17386 
3.22352 3.18653 3.14568 3.10215 3.0575 3.01506 2.97782 2.94819 2.92865 2.92169 2.92977 2.95518 3.00002 3.06615 3.15513 3.26822 3.40643 3.57027 3.75992 3.9769 4.22544 4.51779 4.87839 5.32972 5.89003 6.55257 7.29604 8.11568 9.01953 10.0002 11.0468 12.1427 13.2653 14.4037 15.5525 16.708 17.853 18.9701 20.0491 21.0816 22.0627 22.9827 23.8328 24.6019 25.2846 25.8731 26.3616 26.7453 27.0202 27.1839 27.2354 27.1748 27.0031 26.7223 26.3357 25.8471 25.2619 24.5872 23.8303 22.9995 22.1042 21.154 20.1596 19.1318 18.0803 17.0082 15.9242 14.8385 13.7674 12.7286 11.7279 10.7671 9.85327 8.99585 8.20895 7.49644 6.85975 6.29849 5.80593 5.37293 4.996 4.67226 4.40262 4.18172 4.00257 3.85552 3.73564 3.63882 3.56131 3.49966 3.45235 3.41713 3.39087 3.37075 3.35432 3.33948 3.32427 3.30595 3.28335 3.25591 3.22352 
3.27718 3.2384 3.195 3.14824 3.09975 3.05297 3.01118 2.97694 2.9529 2.94174 2.94605 2.96828 3.01068 3.0752 3.1635 3.2769 3.41639 3.58252 3.77529 3.99598 4.24842 4.54483 4.91218 5.37566 5.95408 6.63878 7.40774 8.25776 9.19684 10.2161 11.3042 12.4401 13.6035 14.7838 15.9789 17.1805 18.3672 19.5251 20.6435 21.7169 22.7374 23.6941 24.5772 25.3775 26.0869 26.6982 27.2051 27.6019 27.8854 28.0535 28.1052 28.0407 27.861 27.5682 27.1656 26.6573 26.0486 25.3454 24.5564 23.6906 22.7575 21.7674 20.7311 19.6602 18.565 17.4521 16.3272 15.2008 14.0866 13.0062 11.9688 10.9741 10.0289 9.14128 8.32648 7.58977 6.93263 6.35459 5.8497 5.40727 5.02333 4.69455 4.4218 4.19965 4.02071 3.87487 3.75697 3.66271 3.58815 3.52978 3.48627 3.45489 3.43233 3.41564 3.40223 3.38989 3.37674 3.35997 3.33809 3.31053 3.27718 
3.3348 3.29418 3.24815 3.19803 3.14556 3.09426 3.04771 3.00865 2.97991 2.96432 2.96467 2.98355 3.02335 3.08614 3.17366 3.2873 3.42807 3.59651 3.79246 4.01699 4.27349 4.57399 4.94809 5.42403 6.02106 6.72826 7.52314 8.40445 9.37951 10.4381 11.5681 12.7443 13.9491 15.1731 16.4156 17.6624 18.8914 20.0906 21.2504 22.3661 23.4266 24.4207 25.338 26.1691 26.9056 27.5393 28.063 28.4726 28.7647 28.9372 28.9892 28.9207 28.7328 28.4278 28.009 27.4807 26.8483 26.1181 25.2973 24.3957 23.4242 22.3933 21.3145 20.1997 19.0595 17.9035 16.737 15.5693 14.4127 13.2898 12.2139 11.1848 10.2078 9.28999 8.44675 7.6854 7.00745 6.41237 5.89488 5.44298 5.05207 4.7183 4.44252 4.21922 4.04062 3.89616 3.78041 3.68889 3.61746 3.56262 3.52312 3.49577 3.47711 3.46402 3.4538 3.44411 3.43304 3.4179 3.3968 3.36914 3.3348 
3.39639 3.35388 3.30511 3.25151 3.1949 3.1389 3.0874 3.04331 3.00964 2.98942 2.98561 3.00096 3.038 3.09893 3.18558 3.2994 3.44143 3.61219 3.8114 4.03989 4.30063 4.60526 4.98612 5.47489 6.09103 6.82107 7.6423 8.55583 9.56761 10.6664 11.8382 13.0552 14.3022 15.5719 16.8625 18.1537 19.4256 20.6667 21.8706 23.0293 24.1304 25.1624 26.1144 26.9769 27.7398 28.3943 28.935 29.3573 29.6581 29.8351 29.8873 29.8147 29.6185 29.301 28.8657 28.3171 27.6608 26.9031 26.0517 25.1149 24.1042 23.0319 21.9098 20.7502 19.5642 18.3625 17.1537 15.9439 14.7457 13.5795 12.4632 11.3993 10.3899 9.44203 8.56981 7.78336 7.08424 6.47184 5.94146 5.48006 5.08219 4.7435 4.46474 4.24038 4.06227 3.91934 3.80591 3.71731 3.64921 3.59816 3.56287 3.53975 3.52517 3.51587 3.509 3.50209 3.49316 3.47973 3.45947 3.43173 3.39639 
3.46193 3.41746 3.36588 3.30866 3.24777 3.18688 3.13022 3.08089 3.04208 3.01703 3.00884 3.02048 3.0546 3.11355 3.19924 3.31318 3.45645 3.62955 3.83207 4.06466 4.32982 4.63865 5.02629 5.52828 6.16404 6.91724 7.76526 8.71196 9.76121 10.901 12.1145 13.373 14.6627 15.9802 17.319 18.6544 19.9699 21.2554 22.5042 23.7065 24.8488 25.9192 26.9065 27.7997 28.5875 29.2632 29.8209 30.2563 30.5658 30.7473 30.7996 30.7227 30.5181 30.1879 29.7359 29.1667 28.4859 27.7005 26.8181 25.8473 24.7978 23.6833 22.5171 21.3119 20.0793 18.8304 17.5774 16.3248 15.0849 13.8754 12.7173 11.6175 10.5752 9.59731 8.69568 7.88367 7.163 6.53301 5.98943 5.51848 5.11367 4.77012 4.48845 4.26312 4.08562 3.94438 3.83346 3.74795 3.68335 3.63634 3.60547 3.58678 3.57649 3.57116 3.5678 3.56383 3.55713 3.54545 3.52609 3.49828 3.46193 
3.5314 3.48493 3.43043 3.36948 3.30415 3.23819 3.17617 3.12138 3.07722 3.04711 3.03436 3.0421 3.07315 3.12997 3.2146 3.32861 3.4731 3.64855 3.85445 4.09126 4.36103 4.67417 5.06863 5.58425 6.24014 7.01681 7.89211 8.87293 9.96039 11.1419 12.3971 13.6977 15.0314 16.398 17.7844 19.1645 20.5242 21.8553 23.1511 24.3977 25.5819 26.6913 27.7138 28.6359 29.4489 30.1458 30.7208 31.1693 31.4877 31.6736 31.7262 31.6451 31.4317 31.0886 30.6195 30.0293 29.3239 28.5102 27.5963 26.591 25.5043 24.3474 23.1363 21.8849 20.6048 19.3077 18.008 16.712 15.4299 14.1775 12.9767 11.8395 10.7638 9.75544 8.82439 7.98634 7.24375 6.59586 6.03878 5.55824 5.14647 4.79815 4.5136 4.2874 4.11065 3.97125 3.86299 3.78076 3.71986 3.67714 3.65089 3.63684 3.63102 3.62986 3.63018 3.62928 3.62494 3.61504 3.59663 3.56879 3.5314 
3.6048 3.55627 3.49876 3.43395 3.36403 3.29282 3.22523 3.16477 3.11503 3.07965 3.06213 3.06579 3.0936 3.14818 3.23165 3.34567 3.49136 3.66919 3.87852 4.11966 4.39425 4.71184 5.11316 5.64285 6.31932 7.11983 8.02313 9.03879 10.1652 11.3892 12.686 14.0293 15.409 16.8255 18.2587 19.6842 21.0891 22.4687 23.8115 25.103 26.3296 27.4785 28.5343 29.4855 30.3239 31.0423 31.6348 32.0966 32.4247 32.6162 32.6694 32.5842 32.3618 32.0049 31.5175 30.9052 30.1746 29.3322 28.3863 27.3462 26.2219 25.0243 23.7676 22.469 21.1408 19.7947 18.4459 17.1056 15.7806 14.4858 13.2416 12.0654 10.9557 9.91638 8.95596 8.0914 7.3265 6.66042 6.08949 5.5993 5.1806 4.82755 4.54018 4.31319 4.1373 3.99991 3.89449 3.81572 3.75869 3.72051 3.69908 3.68988 3.68874 3.69193 3.69611 3.69844 3.69657 3.68849 3.67109 3.64324 3.6048 
3.68205 3.63139 3.57083 3.50206 3.42738 3.35074 3.27739 3.21103 3.1555 3.11463 3.09214 3.09153 3.11596 3.16815 3.25037 3.36434 3.51122 3.69143 3.90425 4.14985 4.42945 4.75166 5.15991 5.70415 6.40162 7.22632 8.15842 9.20962 10.3758 11.6429 12.9812 14.3679 15.7954 17.2625 18.742 20.2135 21.7919 23.0949 24.4853 25.8224 27.092 28.2791 29.3678 30.3484 31.2125 31.9527 32.5634 33.0404 33.379 33.5761 33.63 33.5405 33.309 32.9381 32.4321 31.7966 31.0387 30.1666 29.1883 28.1128 26.9503 25.7124 24.4111 23.0645 21.6872 20.2914 18.8926 17.5055 16.137 14.8002 13.5121 12.2951 11.1509 10.0802 9.09043 8.19886 7.41125 6.72669 6.14155 5.64166 5.21601 4.85831 4.56815 4.34045 4.16557 4.03033 3.92792 3.85277 3.7998 3.76642 3.75003 3.74587 3.74962 3.75734 3.76556 3.77127 3.77201 3.76577 3.74946 3.72161 3.68205 
3.76291 3.71007 3.64641 3.57369 3.49422 3.41196 3.33263 3.26016 3.19861 3.15204 3.12437 3.11931 3.14018 3.18987 3.27075 3.3846 3.53265 3.71527 3.93163 4.18179 4.46662 4.79366 5.20893 5.7682 6.48706 7.33632 8.29803 9.3855 10.5921 11.9024 13.2829 14.7136 16.1908 17.7078 19.2342 20.7523 22.2551 23.7338 25.1726 26.5559 27.8688 29.0925 30.2144 31.2247 32.1147 32.878 33.5089 34.0014 34.3506 34.5534 34.608 34.5142 34.2733 33.8882 33.3632 32.7042 31.9184 31.0145 30.0023 28.8908 27.6897 26.4107 25.0663 23.6714 22.2811 20.8685 19.3481 17.9118 16.4992 15.1197 13.7881 12.5289 11.3494 10.2468 9.22783 8.30876 7.49803 6.79466 6.19496 5.68529 5.2527 4.89041 4.5975 4.36917 4.1954 4.06248 3.96323 3.8919 3.84319 3.81483 3.80368 3.80479 3.81362 3.82608 3.83851 3.84776 3.85123 3.84688 3.83168 3.80367 3.76291 
3.84735 3.79228 3.72543 3.64867 3.5644 3.47646 3.39094 3.31214 3.24435 3.19185 3.15881 3.14911 3.16627 3.21333 3.29276 3.40645 3.55565 3.74068 3.96063 4.21546 4.50572 4.83787 5.26027 5.83507 6.57568 7.44987 8.44202 9.56648 10.8144 12.1678 13.591 15.0667 16.5952 18.1616 19.7354 21.3017 22.8563 24.3857 25.8734 27.3036 28.658 29.9186 31.0741 32.1144 33.0318 33.82 34.4714 34.9796 35.3396 35.5481 35.6033 35.5051 35.2547 34.8552 34.3109 33.6281 32.814 31.8777 30.8293 29.6802 28.44 27.1195 25.7315 24.2897 22.8118 21.3415 19.8895 18.3251 16.8672 15.4444 14.0697 12.7676 11.5513 10.4163 9.36818 8.42111 7.58685 6.86435 6.24972 5.73019 5.29064 4.92383 4.6282 4.39931 4.22678 4.09631 4.00041 3.93307 3.88884 3.8657 3.86 3.86659 3.88072 3.89811 3.91493 3.92788 3.93421 3.93178 3.9175 3.88933 3.84735 
3.93534 3.878 3.80788 3.72697 3.63777 3.54418 3.45231 3.36696 3.2927 3.23406 3.19543 3.18091 3.1942 3.23849 3.31639 3.42985 3.58019 3.76765 3.99125 4.25085 4.54674 4.8843 5.31398 5.90482 6.66752 7.56701 8.59048 9.75264 11.0425 12.439 13.9057 15.4282 17.0088 18.6239 20.2458 21.8625 23.4696 25.0505 26.5879 28.0649 29.4596 30.7574 31.9468 33.0183 33.9653 34.779 35.4511 35.9751 36.3459 36.5599 36.6153 36.5123 36.2525 35.8387 35.2753 34.5682 33.7255 32.7563 31.6711 30.482 29.2013 27.8387 26.4066 24.919 23.3901 21.8398 20.286 18.7465 17.2411 15.7743 14.3571 13.0113 11.7566 10.5887 9.51122 8.53594 7.67772 6.93576 6.30596 5.77634 5.3298 4.95854 4.66023 4.43084 4.25966 4.13181 4.03941 3.97624 3.93672 3.91901 3.91897 3.93124 3.95088 3.97341 3.99481 4.01161 4.02094 4.02026 4.00689 3.97856 3.93534 
4.02689 3.96721 3.89376 3.80858 3.71432 3.61494 3.51672 3.4246 3.34365 3.27865 3.23422 3.21469 3.22395 3.26535 3.34162 3.45481 3.60627 3.79617 4.02346 4.28794 4.58966 4.93298 5.37016 5.97751 6.7626 7.68775 8.74345 9.94404 11.2767 12.7162 14.2268 15.812 17.431 19.0946 20.7652 22.4349 24.0953 25.7282 27.316 28.8382 30.2735 31.6089 32.8329 33.9382 34.9155 35.7547 36.4478 36.9873 37.3678 37.5863 37.6416 37.5338 37.2644 36.8365 36.2545 35.5242 34.6528 33.6503 32.5279 31.2979 29.9737 28.5683 27.0915 25.5576 23.9791 22.3757 20.7684 19.1762 17.6209 16.1095 14.6496 13.2598 11.9653 10.764 9.65674 8.65327 7.77067 7.00891 6.36368 5.82371 5.37019 4.99452 4.69355 4.46375 4.29403 4.16894 4.08021 4.02138 3.98679 3.97471 3.98055 3.99872 4.02408 4.05194 4.0781 4.09893 4.11132 4.11229 4.09981 4.07135 4.02689 
4.12197 4.05992 3.98304 3.8935 3.79403 3.68871 3.5841 3.48505 3.39718 3.32559 3.27516 3.25044 3.25551 3.29389 3.36845 3.48131 3.63387 3.82623 4.05725 4.32672 4.63446 4.98394 5.42889 6.05321 6.86097 7.81215 8.90101 10.1408 11.517 12.9993 14.5546 16.1762 17.8612 19.5739 21.2945 23.0188 24.7333 26.419 28.0574 29.6235 31.0999 32.4733 33.7343 34.8744 35.8821 36.7474 37.4604 38.014 38.4038 38.627 38.6821 38.5693 38.2902 37.848 37.2471 36.4936 35.5949 34.5597 33.3996 32.1282 30.7594 29.3083 27.7863 26.2055 24.5788 22.9215 21.26 19.6141 18.0069 16.4499 14.9468 13.5135 12.1775 10.9423 9.80475 8.77312 7.86569 7.08379 6.42288 5.87231 5.41176 5.03173 4.72816 4.49799 4.32985 4.20766 4.12277 4.06846 4.03901 4.03278 4.04471 4.069 4.10029 4.13369 4.16481 4.18982 4.20515 4.20784 4.19626 4.16769 4.12197 
4.22056 4.15609 4.07572 3.98169 3.8769 3.76548 3.65431 3.5483 3.45328 3.37488 3.31824 3.28814 3.28886 3.3241 3.39685 3.50933 3.66299 3.85781 4.09263 4.36717 4.68112 5.03721 5.49027 6.13197 6.96264 7.94022 9.06321 10.3429 11.7633 13.2885 14.889 16.5629 18.2993 20.0617 21.8346 23.6144 25.3836 27.1228 28.8104 30.4208 31.9386 33.3514 34.6515 35.8268 36.8654 37.7553 38.4871 39.0549 39.4541 39.6818 39.7367 39.6189 39.33 38.8732 38.2532 37.4762 36.5499 35.4831 34.2862 32.9728 31.5589 30.0598 28.491 26.8627 25.1875 23.4774 21.7607 20.0604 18.4003 16.7957 15.2487 13.7721 12.3937 11.1235 9.95527 8.89553 7.96282 7.16042 6.48357 5.9221 5.45451 5.07012 4.76402 4.53355 4.36708 4.24795 4.16706 4.11745 4.09336 4.09318 4.11141 4.14204 4.17948 4.21863 4.25489 4.28424 4.30241 4.3069 4.29622 4.26756 4.22056 
4.32268 4.25576 4.1718 4.07316 3.96289 3.84522 3.72731 3.61432 3.51193 3.42651 3.36345 3.32777 3.32399 3.35596 3.42681 3.53887 3.69361 3.89091 4.12956 4.40929 4.72963 5.09278 5.55443 6.21384 7.06763 8.07199 9.23013 10.5504 12.0151 13.5837 15.2305 16.9578 18.7448 20.5574 22.3849 24.2213 26.0463 27.8397 29.575 31.23 32.7898 34.2449 35.5846 36.7955 37.8638 38.7772 39.5279 40.1099 40.5186 40.7509 40.8055 40.6825 40.3836 39.9121 39.2728 38.4721 37.5177 36.419 35.1864 33.8319 32.3721 30.8243 29.2056 27.5292 25.8049 24.0433 22.2707 20.5152 18.8012 17.1468 15.5553 14.0359 12.6143 11.3078 10.1083 9.02051 8.06207 7.2388 6.54574 5.97309 5.49841 5.10969 4.80112 4.57041 4.40571 4.28978 4.21305 4.16832 4.14981 4.15587 4.18063 4.21782 4.26163 4.30673 4.34833 4.38197 4.40307 4.40944 4.39967 4.37094 4.32268 
4.42838 4.35896 4.27133 4.16796 4.05203 3.92793 3.8031 3.68298 3.57312 3.48045 3.41075 3.36932 3.36088 3.38946 3.45833 3.56991 3.72574 3.92552 4.16806 4.45306 4.77997 5.15067 5.62145 6.29889 7.17598 8.20753 9.40182 10.7635 12.2724 13.8845 15.5789 17.3602 19.1973 21.0609 22.9452 24.8389 26.7207 28.5681 30.3512 32.0513 33.6549 35.1538 36.5336 37.7796 38.876 39.813 40.5828 41.1791 41.5973 41.8342 41.8886 41.7604 41.4513 40.9648 40.3059 39.4811 38.4984 37.3673 36.0987 34.7046 33.1991 31.602 29.9316 28.2051 26.4311 24.6188 22.7899 20.9785 19.2097 17.5034 15.8667 14.3047 12.8392 11.495 10.2639 9.14809 8.16345 7.31895 6.6094 6.02525 5.54345 5.15041 4.83943 4.60852 4.4457 4.33311 4.2607 4.22103 4.20831 4.22084 4.25233 4.2963 4.3467 4.39798 4.44512 4.48298 4.50712 4.51546 4.50662 4.4779 4.42838 
4.53765 4.46568 4.3743 4.26609 4.14436 4.01362 3.88167 3.75423 3.63685 3.53668 3.46015 3.41278 3.39951 3.42458 3.49139 3.60245 3.75935 3.96163 4.20811 4.49848 4.83214 5.21084 5.69142 6.38715 7.2877 8.34714 9.57834 10.9819 12.5345 14.1906 15.9344 17.7693 19.657 21.5733 23.5157 25.4674 27.4065 29.3065 31.1383 32.8846 34.5349 36.0781 37.4984 38.7774 39.902 40.8627 41.6517 42.2624 42.6907 42.9333 42.988 42.8548 42.5352 42.0328 41.3531 40.5034 39.4921 38.3282 37.0231 35.589 34.0399 32.3929 30.67 28.8904 27.0661 25.2025 23.3185 21.4501 19.626 17.866 16.1828 14.5776 13.0687 11.6852 10.4221 9.27821 8.26699 7.40088 6.67454 6.07857 5.58961 5.19226 4.87894 4.64788 4.48703 4.37792 4.31 4.27556 4.26884 4.28803 4.32649 4.37747 4.43468 4.49234 4.54519 4.58724 4.61454 4.62493 4.61711 4.58843 4.53765 
4.65046 4.5759 4.4807 4.36753 4.23987 4.10232 3.96301 3.82805 3.70308 3.59521 3.51163 3.45812 3.43988 3.46131 3.52597 3.63647 3.79445 3.99923 4.2497 4.54554 4.88612 5.27328 5.76434 6.47866 7.40282 8.49095 9.75957 11.2054 12.8014 14.502 16.297 18.185 20.1238 22.0951 24.0963 26.1067 28.1037 30.0549 31.9359 33.7306 35.43 37.018 38.4769 39.7886 40.9416 41.9264 42.7348 43.3615 43.8011 44.0496 44.1048 43.9664 43.6362 43.1177 42.4167 41.5406 40.4987 39.3016 37.9596 36.4852 34.8925 33.1971 31.4211 29.5863 27.7098 25.7944 23.8565 21.9304 20.0499 18.2356 16.5039 14.8548 13.3026 11.8785 10.5828 9.41055 8.3727 7.48459 6.74118 6.13304 5.63687 5.23522 4.91962 4.68846 4.52966 4.42418 4.36091 4.33188 4.33137 4.35744 4.40308 4.46128 4.52553 4.58979 4.64837 4.69473 4.72531 4.73791 4.73114 4.70253 4.65046 
4.76682 4.68962 4.59051 4.47228 4.33853 4.19403 4.04715 3.90441 3.77176 3.656 3.56516 3.50534 3.48197 3.49964 3.56207 3.67197 3.83102 4.03832 4.29283 4.59423 4.94191 5.33795 5.8402 6.57348 7.52134 8.63888 9.94507 11.4337 13.0731 14.8187 16.6667 18.6074 20.5979 22.6264 24.6871 26.757 28.8107 30.8133 32.7439 34.59 36.3393 37.9727 39.4687 40.8133 41.995 43.0041 43.8341 44.4777 44.9289 45.1834 45.2389 45.0953 44.7543 44.2196 43.497 42.5941 41.5206 40.2878 38.9082 37.3929 35.7563 34.014 32.1846 30.2941 28.3625 26.3945 24.4034 22.4194 20.4817 18.612 16.8297 15.1363 13.5411 12.0751 10.7461 9.54507 8.48061 7.57009 6.80931 6.18864 5.68521 5.27927 4.96145 4.73023 4.57358 4.47187 4.4134 4.38995 4.39586 4.42902 4.48206 4.54772 4.61924 4.69032 4.75462 4.80543 4.83944 4.85439 4.84871 4.82018 4.76682 
4.8867 4.80682 4.70372 4.58031 4.44034 4.28871 4.13409 3.98334 3.84278 3.71905 3.62073 3.55442 3.52575 3.53956 3.59968 3.70893 3.86905 4.07889 4.3375 4.64456 4.9995 5.40482 5.91893 6.67162 7.64329 8.79048 10.1349 11.6671 13.3497 15.1411 17.0438 19.0364 21.0794 23.1672 25.2882 27.4183 29.5273 31.5819 33.5634 35.4628 37.2627 38.9401 40.4738 41.8516 43.0623 44.0981 44.9505 45.6113 46.074 46.3345 46.3904 46.2415 45.8895 45.3384 44.5939 43.6641 42.5585 41.2891 39.8691 38.3124 36.6313 34.8417 32.9609 31.0138 29.0244 27.0029 24.958 22.9171 20.9213 18.9955 17.1605 15.422 13.7843 12.2756 10.912 9.68178 8.59072 7.65741 6.87894 6.24537 5.73463 5.32439 5.00442 4.77317 4.61874 4.52094 4.46745 4.44976 4.46229 4.50274 4.56341 4.63676 4.71577 4.7939 4.86391 4.91933 4.95696 4.97436 4.96983 4.94137 4.8867 
5.0101 4.92748 4.82031 4.69161 4.54529 4.38638 4.22383 4.06486 3.91614 3.78434 3.67834 3.60533 3.57123 3.58104 3.63878 3.74736 3.90854 4.12093 4.3837 4.69652 5.05888 5.47384 6.00053 6.77313 7.76823 8.94577 10.329 11.9055 13.6312 15.47 17.4279 19.4722 21.5693 23.7176 25.8997 28.0905 30.2535 32.3605 34.3958 36.3492 38.1992 39.9193 41.492 42.9034 44.1453 45.209 46.084 46.762 47.2365 47.503 47.5592 47.4048 47.0419 46.4741 45.7076 44.7503 43.6124 42.3058 40.8444 39.2437 37.5176 35.6802 33.7491 31.7454 29.6973 27.6197 25.5203 23.4236 21.3689 19.386 17.4967 15.7121 14.0318 12.4799 11.0806 9.82069 8.70307 7.74654 6.95007 6.30332 5.78509 5.37055 5.0485 4.81727 4.66514 4.57138 4.52301 4.51126 4.53062 4.57859 4.6471 4.72837 4.8151 4.90048 4.97624 5.03644 5.07785 5.09779 5.09447 5.06608 5.0101 
5.13699 5.0516 4.94027 4.80617 4.65335 4.48699 4.31633 4.14896 3.99182 3.85186 3.73796 3.65808 3.61838 3.62409 3.67937 3.78724 3.94947 4.16445 4.43143 4.75011 5.12006 5.54499 6.08508 6.87795 7.89597 9.10479 10.5276 12.1484 13.9176 15.8054 17.8184 19.9148 22.0681 24.2777 26.5215 28.772 30.9894 33.1494 35.2412 37.249 39.147 40.9102 42.5225 43.9699 45.2449 46.3367 47.2346 47.93 48.416 48.6878 48.7435 48.5834 48.2095 47.6256 46.8376 45.853 44.6823 43.3382 41.8348 40.188 38.4151 36.5294 34.5476 32.489 30.3815 28.2448 26.0903 23.9387 21.8288 19.7837 17.8391 16.0065 14.2832 12.6883 11.2518 9.96182 8.81767 7.83751 7.02271 6.36254 5.83659 5.41774 5.09368 4.86249 4.71273 4.62316 4.58008 4.57444 4.60083 4.65651 4.7331 4.82253 4.91722 5.00992 5.09156 5.15678 5.2021 5.22467 5.22262 5.1943 5.13699 
5.26737 5.17915 5.06359 4.92397 4.76451 4.59055 4.41158 4.23561 4.06985 3.92159 3.79958 3.71263 3.66719 3.66868 3.72143 3.82856 3.99185 4.20943 4.48069 4.80533 5.18304 5.61825 6.17255 6.98545 8.02651 9.26762 10.7307 12.3958 14.209 16.1476 18.2152 20.3642 22.576 24.8475 27.1538 29.4628 31.735 33.9502 36.0996 38.1617 40.1063 41.9129 43.5653 45.0524 46.3612 47.4814 48.4023 49.1143 49.6104 49.8869 49.9421 49.7761 49.391 48.7909 47.9816 46.9709 45.7683 44.3862 42.8403 41.147 39.3242 37.3894 35.3563 33.2443 31.077 28.8789 26.6681 24.461 22.288 20.1885 18.1879 16.3053 14.5384 12.9007 11.4257 10.1052 8.93455 7.93032 7.09687 6.42304 5.88912 5.46595 5.13994 4.90882 4.7615 4.67625 4.63861 4.63926 4.67289 4.7365 4.82139 4.9192 5.02209 5.12216 5.20989 5.28033 5.32969 5.355 5.35428 5.32601 5.26737 
5.40123 5.31013 5.19026 5.045 4.87876 4.69703 4.50958 4.32481 4.15023 3.99346 3.86317 3.76899 3.71765 3.7148 3.76495 3.87132 4.03566 4.25588 4.53147 4.86217 5.24781 5.6936 6.26273 7.09545 8.15989 9.43432 10.9384 12.6476 14.5055 16.4965 18.6182 20.8206 23.0928 25.4272 27.7966 30.1628 32.4904 34.7635 36.9709 39.0854 41.077 42.9274 44.6225 46.1502 47.4942 48.6429 49.5857 50.313 50.8191 51.1002 51.1548 50.9828 50.5866 49.97 49.1393 48.1022 46.8686 45.4498 43.8611 42.1206 40.247 38.2602 36.1753 34.0095 31.7838 29.5236 27.2538 24.9905 22.7596 20.6006 18.543 16.6085 14.7973 13.1171 11.6022 10.2508 9.05372 8.02499 7.17254 6.48481 5.94265 5.51514 5.18727 4.95623 4.81142 4.73062 4.69859 4.70571 4.74677 4.81852 4.91193 5.01837 5.12969 5.2372 5.33125 5.40707 5.46061 5.48874 5.48941 5.46122 5.40123 
5.53854 5.44452 5.32025 5.16925 4.99609 4.80642 4.6103 4.41653 4.23294 4.06744 3.92874 3.82712 3.76973 3.76245 3.80992 3.91551 4.0809 4.30379 4.58378 4.92065 5.31437 5.77103 6.35524 7.20795 8.29612 9.60494 11.1507 12.904 14.8071 16.8522 19.0276 21.2842 23.619 26.0171 28.4497 30.8729 33.2564 35.5896 37.8552 40.0203 42.0592 43.9544 45.6946 47.2633 48.6435 49.82 50.7833 51.5258 52.0419 52.3278 52.3817 52.2037 51.7961 51.163 50.3105 49.2468 47.9819 46.5274 44.897 43.1089 41.1838 39.1425 37.0046 34.7844 32.5019 30.1789 27.8473 25.5272 23.2395 21.02 18.9462 16.9161 15.0601 13.3376 11.7816 10.3986 9.17497 8.12154 7.24973 6.54784 5.99716 5.5653 5.23564 5.00471 4.86246 4.78625 4.75998 4.77374 4.82244 4.90255 5.00471 5.12001 5.24 5.35502 5.45562 5.53698 5.59483 5.62589 5.62802 5.59989 5.53854 
5.67931 5.58232 5.45357 5.29671 5.11647 4.91871 4.71373 4.51076 4.31795 4.14354 3.99626 3.88702 3.82344 3.8116 3.85634 3.96112 4.12756 4.35315 4.6376 4.98075 5.38273 5.85045 6.45007 7.32295 8.43524 9.77954 11.3677 13.165 15.1139 17.2149 19.4435 21.7568 24.1552 26.6178 29.1126 31.5933 34.035 36.4292 38.7515 40.9665 43.0528 44.9958 46.7816 48.3916 49.8074 51.0111 51.9949 52.7529 53.2791 53.5698 53.6233 53.4394 53.0201 52.3699 51.4953 50.4048 49.1082 47.6176 45.9469 44.1118 42.1348 40.0381 37.8443 35.5691 33.2304 30.8449 28.449 26.0711 23.7268 21.4545 19.2727 17.229 15.3268 13.5623 11.9644 10.5487 9.2981 8.21997 7.32846 6.61215 6.05266 5.61642 5.28504 5.05424 4.9146 4.84312 4.82276 4.84334 4.89987 4.98893 5.0997 5.2241 5.353 5.47559 5.58299 5.67006 5.73234 5.76643 5.77008 5.74203 5.67931 
5.82351 5.72351 5.59019 5.42735 5.2399 5.03388 4.81985 4.60748 4.40525 4.22172 4.06571 3.94868 3.87875 3.86225 3.90419 4.00814 4.17564 4.40396 4.69295 5.04249 5.45289 5.93146 6.54722 7.44045 8.57731 9.95819 11.5894 13.4305 15.4266 17.5841 19.8665 22.2387 24.7015 27.2294 29.7854 32.3241 34.8266 37.2825 39.6596 41.925 44.0594 46.0518 47.8836 49.5347 50.9838 52.2159 53.2207 53.9942 54.5315 54.8283 54.882 54.6922 54.2611 53.5931 52.6951 51.5762 50.2475 48.7205 47.0091 45.1292 43.1 40.9473 38.6948 36.3636 33.968 31.5215 29.0605 26.6223 24.2208 21.8809 19.6498 17.5476 15.5974 13.7908 12.1506 10.7011 9.42311 8.32031 7.40873 6.67773 6.10911 5.66847 5.33545 5.10479 4.96782 4.90119 4.88691 4.91448 4.97904 5.0765 5.19686 5.3306 5.4686 5.59895 5.71334 5.80628 5.87313 5.91035 5.91559 5.88761 5.82351 
5.97114 5.86807 5.7301 5.56117 5.36636 5.15191 4.92864 4.70668 4.49483 4.30199 4.13711 4.01206 3.93564 3.91438 3.95347 4.05657 4.22513 4.45622 4.74983 5.10586 5.52486 6.01401 6.6467 7.56045 8.72274 10.1409 11.816 13.7008 15.7456 17.96 20.2969 22.73 25.258 27.852 30.4681 33.0654 35.6312 38.1489 40.5797 42.8959 45.0811 47.1227 49.0004 50.6904 52.1727 53.4335 54.4608 55.2517 55.8012 56.1042 56.158 55.9623 55.5192 54.8333 53.9115 52.7633 51.4003 49.8361 48.0836 46.1588 44.0794 41.8702 39.5581 37.168 34.7149 32.209 29.6819 27.1809 24.7214 22.3226 20.0287 17.872 15.872 14.0226 12.3404 10.8558 9.55003 8.42257 7.49055 6.74458 6.16651 5.72144 5.38686 5.15635 5.02208 4.96044 4.95239 4.98713 5.05992 5.16637 5.29618 5.4395 5.58672 5.72508 5.84665 5.94562 6.01718 6.05763 6.06452 6.03663 5.97114 
6.12219 6.016 5.87329 5.69815 5.49584 5.2728 5.0401 4.80834 4.58666 4.38432 4.21044 4.07717 3.99411 3.96799 4.00415 4.10641 4.27603 4.50993 4.80822 5.17086 5.59849 6.09827 6.74854 7.68296 8.87165 10.3279 12.0474 13.9757 16.0716 18.3426 20.7347 23.2308 25.8247 28.4848 31.1608 33.8184 36.4489 39.0269 41.5118 43.8796 46.118 48.2092 50.131 51.8585 53.3741 54.6639 55.7174 56.5265 57.0883 57.3972 57.4505 57.2485 56.7935 56.09 55.1447 53.9669 52.5688 50.9648 49.1706 47.2003 45.0719 42.8066 40.4344 37.9823 35.471 32.9063 30.3134 27.7468 25.2287 22.7718 20.4167 18.2022 16.1505 14.2579 12.5337 11.0128 9.67885 8.52676 7.57392 6.8127 6.22485 5.77531 5.43924 5.2089 5.07737 5.02084 5.01918 5.06127 5.14247 5.25813 5.39762 5.55077 5.70733 5.85397 5.9829 6.08807 6.16447 6.20826 6.21688 6.18908 6.12219 
6.27664 6.16728 6.01975 5.83828 5.62832 5.39651 5.1542 4.91244 4.68073 4.46869 4.28568 4.14399 4.05414 4.02305 4.05624 4.15764 4.32833 4.56509 4.86814 5.23751 5.67345 6.18439 6.85277 7.80799 9.02409 10.519 12.2831 14.2557 16.4047 18.7321 21.18 23.7411 26.4018 29.127 31.8634 34.5839 37.2798 39.9166 42.456 44.8778 47.1703 49.3115 51.2748 53.0388 54.5881 55.9095 56.9902 57.8184 58.3913 58.7049 58.7574 58.5489 58.0819 57.3609 56.3929 55.1866 53.7535 52.1089 50.27 48.2537 46.0759 43.7567 41.3238 38.8084 36.2363 33.6123 30.9551 28.3213 25.7428 23.2281 20.8114 18.5383 16.433 14.4965 12.7306 11.1722 9.80959 8.63291 7.65886 6.8821 6.2841 5.83007 5.49253 5.26241 5.13367 5.08238 5.08726 5.13687 5.22669 5.35177 5.50117 5.66439 5.83043 5.98558 6.12207 6.23362 6.315 6.36223 6.37263 6.34494 6.27664 
6.43448 6.32191 6.16947 5.98155 5.76379 5.52305 5.27093 5.01897 4.77703 4.55508 4.36283 4.21252 4.11572 4.07956 4.10973 4.21025 4.38202 4.62168 4.92957 5.3058 5.74974 6.2724 6.9594 7.93555 9.18011 10.7144 12.5231 14.5413 16.7449 19.1284 21.634 24.2609 26.9892 29.7787 32.5761 35.3619 38.1235 40.8178 43.4122 45.8909 48.2378 50.4278 52.4321 54.2325 55.8167 57.1709 58.2785 59.1253 59.7085 60.0269 60.0785 59.8634 59.3843 58.6457 57.6546 56.4202 54.9537 53.2687 51.3839 49.3192 47.0915 44.7192 42.2262 39.6469 37.011 34.327 31.6069 28.9051 26.2636 23.6906 21.213 18.8803 16.7199 14.7386 12.9312 11.3338 9.94225 8.74103 7.74537 6.95277 6.34427 5.88569 5.54669 5.31688 5.19096 5.14503 5.1566 5.21391 5.31253 5.4477 5.60679 5.78033 5.95603 6.11991 6.26416 6.38224 6.46875 6.51953 6.53178 6.50421 6.43448 
6.59594 6.48007 6.32247 6.12794 5.90223 5.6524 5.39027 5.12791 4.87553 4.64349 4.44183 4.28274 4.17882 4.1375 4.16459 4.26425 4.43711 4.67972 4.99253 5.37567 5.82737 6.36233 7.06847 8.06565 9.33977 10.9142 12.7679 14.8325 17.0925 19.5316 22.0967 24.7905 27.5871 30.4399 33.299 36.1524 38.9785 41.7308 44.3815 46.9188 49.3207 51.5573 53.6028 55.4409 57.0611 58.4475 59.58 60.4463 61.04 61.3632 61.4138 61.1921 60.7007 59.9443 58.9301 57.6672 56.1672 54.4438 52.5131 50.3976 48.1186 45.6927 43.1418 40.4979 37.7955 35.0506 32.2685 29.4983 26.7913 24.1592 21.6214 19.2284 17.0118 14.9841 13.1355 11.498 10.0768 8.85113 7.83347 7.02473 6.40536 5.94216 5.60172 5.37229 5.24923 5.20876 5.22717 5.29236 5.39997 5.54455 5.71447 5.89858 6.08411 6.25694 6.40913 6.53393 6.6257 6.68013 6.69431 6.66695 6.59594 
6.76114 6.64192 6.47899 6.27745 6.04364 5.78453 5.51221 5.23924 4.97622 4.73389 4.52265 4.35465 4.24344 4.19687 4.22083 4.31962 4.49358 4.73919 5.05702 5.4468 5.90635 6.45422 7.18001 8.1983 9.50311 11.1184 13.0177 15.1292 17.4473 19.9417 22.5684 25.3298 28.1953 31.1106 34.0335 36.9556 39.8448 42.6554 45.3653 47.9616 50.4177 52.7 54.787 56.6656 58.322 59.737 60.8942 61.7802 62.3859 62.7139 62.764 62.5359 62.032 61.2572 60.2191 58.9276 57.3939 55.6319 53.6576 51.4908 49.1573 46.6773 44.0695 41.3613 38.5918 35.7829 32.9386 30.101 27.3259 24.634 22.0368 19.5825 17.309 15.2332 13.3434 11.6651 10.2134 8.9632 7.92316 7.09796 6.46749 5.99947 5.65759 5.42861 5.30846 5.27355 5.29896 5.3722 5.489 5.64364 5.82437 6.0191 6.21464 6.39664 6.55698 6.68866 6.78585 6.84404 6.86024 6.83341 6.76114 
6.93006 6.80744 6.63909 6.43027 6.18799 5.91944 5.63672 5.35294 5.07908 4.82626 4.60526 4.42823 4.30958 4.25764 4.27844 4.37636 4.55144 4.8001 5.12302 5.51914 5.98688 6.54808 7.29396 8.33352 9.67018 11.3277 13.2725 15.4321 17.8087 20.3589 23.0491 25.8788 28.8127 31.791 34.78 37.7715 40.7223 43.5917 46.3634 49.0194 51.5276 53.8559 55.9863 57.9067 59.5974 61.0397 62.2211 63.127 63.7472 64.0814 64.1315 63.897 63.3803 62.5866 61.5236 60.2017 58.6338 56.8329 54.8152 52.599 50.2094 47.6731 45.0078 42.2373 39.3998 36.5241 33.6169 30.7132 27.8686 25.115 22.459 19.9427 17.6115 15.4858 13.5545 11.8352 10.3519 9.07691 8.01446 7.17249 6.53069 6.05759 5.71428 5.48583 5.36863 5.33937 5.37193 5.4534 5.57957 5.74449 5.93588 6.14188 6.34762 6.53899 6.70769 6.84643 6.94917 7.01124 7.0298 7.00361 6.93006 
7.1027 6.97663 6.80275 6.58652 6.33528 6.05711 5.7638 5.46901 5.1841 4.92058 4.68964 4.50345 4.37723 4.3198 4.3374 4.43446 4.61067 4.86244 5.19056 5.59269 6.06902 6.64396 7.40999 8.47132 9.84119 11.5422 13.5324 15.7416 18.1765 20.7831 23.5389 26.4378 29.4392 32.481 35.5386 38.599 41.6111 44.541 47.3761 50.0917 52.6504 55.0251 57.2018 59.1635 60.8867 62.3563 63.5611 64.4889 65.1255 65.4663 65.5163 65.2753 64.7458 63.933 62.8447 61.4917 59.8872 58.0468 55.9853 53.7211 51.2759 48.6801 45.9568 43.1256 40.2197 37.2745 34.3036 31.3349 28.4201 25.6023 22.8874 20.3092 17.9193 15.7419 13.7685 12.0085 10.4923 9.19222 8.10738 7.2483 6.59494 6.11652 5.77177 5.54394 5.42971 5.4062 5.44607 5.53594 5.67167 5.84709 6.04957 6.2669 6.48302 6.68399 6.86123 7.00722 7.11566 7.18173 7.20303 7.17754 7.1027 
7.27906 7.14949 6.96997 6.74617 6.4857 6.19752 5.89344 5.58742 5.29125 5.01685 4.77579 4.58031 4.44637 4.38336 4.3977 4.49392 4.67127 4.92622 5.25954 5.66747 6.15282 6.74189 7.52807 8.61172 10.0166 11.7618 13.7973 16.0578 18.5508 21.2145 24.0377 27.0066 30.0747 33.1807 36.3093 39.4373 42.5113 45.5043 48.4032 51.1768 53.7861 56.2093 58.4334 60.4341 62.19 63.6873 64.9169 65.8667 66.5201 66.8685 66.9184 66.6709 66.1285 65.2964 64.2246 62.7982 61.1565 59.2738 57.1679 54.8554 52.3568 49.7001 46.9165 44.0244 41.0516 38.0359 34.9986 31.9654 28.9804 26.0959 23.3215 20.6818 18.2325 16.0016 13.9855 12.185 10.6348 9.30914 8.20192 7.32541 6.66025 6.17624 5.83005 5.60291 5.4917 5.47402 5.52134 5.6198 5.76526 5.9514 6.16521 6.3941 6.62081 6.83161 7.0176 7.17101 7.2853 7.35575 7.37994 7.35521 7.27906 
7.45913 7.32601 7.14075 6.90923 6.63933 6.34067 6.0256 5.70815 5.40052 5.11504 4.86367 4.65878 4.517 4.44828 4.45934 4.55473 4.73324 4.99142 5.32968 5.74349 6.23828 6.8419 7.64825 8.7548 10.1964 11.9866 14.0674 16.3808 18.9315 21.654 24.5458 27.5855 30.7195 33.8913 37.0921 40.2865 43.4229 46.4815 49.4449 52.2745 54.9349 57.4092 59.6798 61.7184 63.5072 65.0347 66.2897 67.2605 67.9307 68.2881 68.3378 68.0837 67.5282 66.6767 65.5374 64.1212 62.442 60.5162 58.3631 56.0018 53.4506 50.734 47.8869 44.9334 41.8954 38.8085 35.702 32.6036 29.5668 26.5959 23.7612 21.0608 18.5512 16.2652 14.2056 12.3646 10.7792 9.42766 8.29812 7.40382 6.72662 6.23673 5.8891 5.66274 5.55457 5.5428 5.59773 5.70494 5.86034 6.0574 6.28278 6.52344 6.76099 6.98183 7.17679 7.33779 7.45808 7.53332 7.56052 7.53659 7.45913 
7.64292 7.50618 7.31508 7.07569 6.79617 6.48655 6.16028 5.8312 5.51189 5.21512 4.95328 4.73885 4.58909 4.51457 4.5223 4.61688 4.79657 5.05806 5.40096 5.82075 6.32544 6.94401 7.77052 8.90108 10.3808 12.2167 14.3427 16.7106 19.3188 22.1021 25.0631 28.1742 31.3734 34.6135 37.8872 41.1466 44.3465 47.4729 50.5003 53.3849 56.0977 58.6251 60.9398 63.0165 64.8399 66.399 67.6797 68.6702 69.3572 69.725 69.7746 69.5138 68.9451 68.0741 66.9089 65.4607 63.7437 61.7745 59.5728 57.1604 54.5561 51.7818 48.8693 45.8526 42.7506 39.5924 36.4139 33.2496 30.1276 27.1029 24.2067 21.4461 18.8753 16.5333 14.4287 12.5475 10.9257 9.54781 8.39596 7.48354 6.79404 6.29798 5.9489 5.72341 5.6183 5.61253 5.67521 5.79134 5.95686 6.16507 6.40226 6.65492 6.90352 7.13464 7.33876 7.50754 7.63403 7.71445 7.74476 7.72169 7.64292 
7.83041 7.69 7.49295 7.24554 6.95621 6.63534 6.29746 5.95653 5.62534 5.3171 5.0446 4.82049 4.66262 4.58222 4.58658 4.68037 4.86127 5.12612 5.47339 5.89934 6.41433 7.04827 7.89492 9.05111 10.5697 12.4515 14.6232 17.0473 19.7127 22.5586 25.5898 28.7718 32.0366 35.3472 38.6933 42.0177 45.2835 48.4783 51.568 54.5081 57.2761 59.8555 62.2133 64.3287 66.1894 67.7803 69.0868 70.0968 70.7996 71.1779 71.2272 70.9592 70.3775 69.4875 68.297 66.8168 65.0616 63.0487 60.7979 58.3317 55.6734 52.842 49.865 46.7821 43.6157 40.3876 37.1352 33.9035 30.7146 27.618 24.6579 21.8379 19.205 16.8062 14.6549 12.7336 11.0741 9.66958 8.49548 7.56457 6.86252 6.35997 6.00943 5.7849 5.68288 5.68318 5.75376 5.87899 6.05481 6.27439 6.52363 6.78849 7.0484 7.29001 7.50351 7.68027 7.81334 7.89913 7.93265 7.9105 7.83041 
8.0216 7.87747 7.67436 7.41876 7.11943 6.7871 6.43713 6.08414 5.74086 5.42094 5.1376 4.90371 4.73759 4.65123 4.65216 4.74518 4.92731 5.19561 5.54697 5.97939 6.50496 7.1547 8.0216 9.20498 10.7632 12.691 14.9089 17.391 20.1131 23.0237 26.1258 29.3781 32.7091 36.0926 39.5099 42.8998 46.2342 49.4979 52.6481 55.6441 58.47 61.0992 63.5005 65.6571 67.5556 69.1786 70.511 71.5401 72.2554 72.6436 72.6941 72.4189 71.824 70.9148 69.6996 68.1888 66.3958 64.3388 62.0386 59.5179 56.8024 53.9136 50.8742 47.7221 44.4904 41.1942 37.867 34.5652 31.3099 28.1413 25.1149 22.2356 19.5404 17.0838 14.8843 12.923 11.2247 9.79297 8.59668 7.64692 6.93205 6.4227 6.07067 5.8472 5.74828 5.75472 5.83335 5.96786 6.15416 6.38531 6.64688 6.92415 7.1956 7.44794 7.67103 7.85594 7.99603 8.08733 8.12419 8.10302 8.0216 
8.21649 8.06858 7.8593 7.59537 7.28582 6.9418 6.57926 6.21401 5.85842 5.52662 5.23227 4.98846 4.81398 4.72158 4.71904 4.81129 4.99471 5.26638 5.6217 6.06092 6.59737 7.26335 8.15094 9.36275 10.9614 12.9351 15.1999 17.7413 20.5203 23.4975 26.6714 29.9932 33.3911 36.8497 40.337 43.793 47.1985 50.5309 53.7406 56.795 59.6788 62.3563 64.8018 67.002 68.9387 70.5938 71.9516 72.9978 73.7242 74.1219 74.1752 73.8927 73.2845 72.3561 71.1159 69.5745 67.7455 65.6448 63.2952 60.7192 57.9443 54.9965 51.896 48.6746 45.375 42.0121 38.6096 35.2349 31.9124 28.6728 25.5778 22.6385 19.8814 17.3663 15.1167 13.1154 11.3779 9.91801 8.69958 7.7306 7.00263 6.48614 6.13262 5.91029 5.8145 5.82713 5.91396 6.05791 6.26964 6.49784 6.77198 7.06187 7.34509 7.6084 7.84129 8.03454 8.18208 8.27907 8.31937 8.29924 8.21649 
8.41507 8.26333 8.04777 7.77534 7.45539 7.09943 6.72388 6.34611 5.97802 5.63414 5.3286 5.07475 4.89176 4.79325 4.78721 4.87871 5.06345 5.33824 5.69759 6.14395 6.69158 7.37407 8.28298 9.52445 11.1643 13.1839 15.4966 18.0977 20.9342 23.9799 27.2264 30.617 34.0839 37.6186 41.1748 44.6985 48.1764 51.5759 54.8455 57.961 60.9008 63.6268 66.1193 68.3635 70.3384 72.0257 73.4067 74.4698 75.2071 75.6126 75.6705 75.3807 74.759 73.8113 72.5459 70.9737 69.1085 66.9662 64.5664 61.9356 59.1008 56.0908 52.9287 49.6399 46.2693 42.8397 39.363 35.9125 32.5223 29.2126 26.0465 23.0465 20.2281 17.6536 15.3523 13.3104 11.5338 10.0447 8.8042 7.81561 7.07427 6.55028 6.19525 5.97416 5.8815 5.9004 5.99557 6.14914 6.35697 6.61193 6.89892 7.20162 7.49688 7.77137 8.01429 8.2161 8.37149 8.47434 8.51819 8.49916 8.41507 
8.61734 8.46171 8.23976 7.95867 7.62811 7.25999 6.87112 6.48044 6.09962 5.74347 5.42655 5.16254 4.97094 4.86631 4.85666 4.94742 5.13353 5.41118 5.77464 6.22849 6.78761 7.48669 8.41773 9.69014 11.372 13.4374 15.7996 18.4601 21.3551 24.4712 27.7911 31.2496 34.7879 38.3987 42.0231 45.6171 49.1681 52.633 55.9634 59.1422 62.1359 64.9112 67.4531 69.7415 71.755 73.472 74.8759 75.956 76.7045 77.1169 77.18 76.8846 76.2492 75.2813 73.9898 72.3865 70.4847 68.3008 65.8536 63.1672 60.2719 57.1974 53.9723 50.618 47.1739 43.6764 40.1272 36.5994 33.1394 29.7608 26.5219 23.4598 20.5806 17.9904 15.5912 13.508 11.6925 10.173 8.91035 7.90197 7.14697 6.61511 6.25854 6.0388 5.94929 5.97449 6.07815 6.24151 6.46038 6.72756 7.02767 7.3434 7.65092 7.93685 8.19 8.40077 8.56425 8.67311 8.72065 8.70277 8.61734 
8.82329 8.66371 8.43527 8.14535 7.80398 7.42347 7.02103 6.61698 6.22322 5.85459 5.52612 5.25183 5.05148 4.94053 4.92739 5.01742 5.20495 5.48521 5.85286 6.31457 6.8855 7.60156 8.55523 9.85986 11.5845 13.6956 16.1091 18.8287 21.7841 24.9713 28.3649 31.8912 35.503 39.1889 42.8821 46.5489 50.1733 53.7022 57.0958 60.3371 63.3841 66.2113 68.8032 71.1361 73.1868 74.9326 76.3594 77.4569 78.2184 78.6375 78.7053 78.4057 77.7565 76.7681 75.4496 73.8133 71.8743 69.6483 67.1542 64.4139 61.4578 58.3181 55.027 51.6074 48.0905 44.5225 40.9022 37.2964 33.764 30.3173 27.0049 23.8784 20.9389 18.2432 15.8335 13.7083 11.8539 10.303 9.01782 7.98967 7.22073 6.68062 6.32248 6.10419 6.01783 6.04939 6.16169 6.33501 6.5651 6.84472 7.1582 7.48717 7.80721 8.1048 8.36842 8.58857 8.76035 8.87539 8.92673 8.91007 8.82329 
9.03293 8.86935 8.63429 8.33538 7.98299 7.58984 7.17357 6.7557 6.34879 5.96748 5.62729 5.34259 5.13337 5.0161 4.9994 5.0887 5.27771 5.56034 5.93226 6.4022 6.98526 7.71875 8.69549 10.0337 11.8018 13.9587 16.4249 19.2034 22.2211 25.4803 28.9471 32.5416 36.2293 39.9893 43.7518 47.4939 51.1905 54.7836 58.243 61.5448 64.6457 67.5274 70.1696 72.547 74.6327 76.4072 77.8574 78.9746 79.7495 80.1754 80.2464 79.9441 79.281 78.272 76.9263 75.3084 73.2778 71.0089 68.4675 65.6752 62.6583 59.453 56.0929 52.6072 49.0195 45.3777 41.6879 38.0035 34.396 30.8809 27.4955 24.3024 21.3032 18.5455 16.08 13.9112 12.0181 10.4347 9.12661 8.07874 7.29554 6.7469 6.38706 6.17033 6.08711 6.12508 6.24615 6.42961 6.67109 6.96339 7.2905 7.63292 7.96573 8.27522 8.54952 8.77949 8.95978 9.08118 9.13643 9.12106 9.03293 
9.24624 9.0786 8.83681 8.52875 8.16513 7.7591 7.32874 6.8966 6.47632 6.08213 5.73004 5.43481 5.2166 5.09294 5.07267 5.16125 5.35179 5.63655 6.0129 6.49141 7.08693 7.83828 8.83854 10.2116 12.0242 14.2266 16.7473 19.5844 22.6662 25.9983 29.5376 33.2011 36.9669 40.7999 44.6333 48.4521 52.2196 55.8773 59.405 62.7654 65.9222 68.8596 71.5523 73.9724 76.0935 77.8962 79.3722 80.5095 81.2979 81.7305 81.8032 81.4998 80.8226 79.7929 78.4198 76.716 74.6974 72.3829 69.7936 66.9533 63.8736 60.6021 57.172 53.6176 49.9608 46.2424 42.4825 38.7208 35.0354 31.4513 27.9937 24.7316 21.6728 18.8529 16.3308 14.1168 12.1852 10.568 9.23673 8.16918 7.37142 6.81403 6.45225 6.23717 6.15712 6.20153 6.33152 6.52528 6.77834 7.08356 7.42453 7.78063 8.12645 8.44809 8.7333 8.9735 9.16252 9.29045 9.34974 9.33572 9.24624 
9.46324 9.29147 9.04283 8.72545 8.35039 7.93124 7.48652 7.03965 6.60579 6.19852 5.83434 5.52846 5.30116 5.17105 5.14719 5.23506 5.42701 5.71385 6.09489 6.5822 7.19063 7.96016 8.98441 10.3937 12.2515 14.4993 17.0763 19.9717 23.1196 26.5253 30.1365 33.8708 37.7159 41.6208 45.5275 49.4237 53.2604 56.9851 60.5802 63.999 67.2143 70.2078 72.951 75.4116 78.1042 79.4013 80.9041 82.0616 82.8636 83.303 83.3759 83.0718 82.3814 81.3307 79.9301 78.1923 76.1333 73.7725 71.1323 68.2351 65.1027 61.7655 58.2649 54.6385 50.9126 47.1181 43.286 39.4484 35.6832 32.0285 28.4997 25.1663 22.0471 19.1654 16.5859 14.3252 12.3551 10.7031 9.34817 8.261 7.44837 6.88201 6.51805 6.30465 6.22784 6.27872 6.41778 6.62201 6.88683 7.20519 7.56027 7.93028 8.28936 8.62339 8.91973 9.17061 9.36858 9.50322 9.56667 9.55407 9.46324 
9.6839 9.50796 9.25235 8.92548 8.53876 8.10625 7.6469 7.18492 6.73718 6.31662 5.94019 5.62352 5.38701 5.2504 5.22296 5.31013 5.50327 5.79225 6.17824 6.6746 7.29665 8.08441 9.13321 10.58 12.4836 14.7769 17.4119 20.3652 23.5813 27.0615 30.7438 34.5511 38.4754 42.4519 46.4345 50.4083 54.313 58.1074 61.768 65.2459 68.5222 71.5721 74.3639 76.8648 79.0554 80.9234 82.4531 83.631 84.4466 84.8921 84.9639 84.6578 83.9563 82.8851 81.4572 79.6851 77.5856 75.1782 72.4857 69.5336 66.3439 62.9431 59.3715 55.6708 51.8745 48.0056 44.0984 40.1862 36.3404 32.6126 29.0135 25.6066 22.4262 19.4832 16.8453 14.5363 12.528 10.8398 9.46095 8.35421 7.52639 6.95084 6.58444 6.37273 6.29926 6.35663 6.50489 6.71977 6.99652 7.32827 7.69771 8.08183 8.45444 8.80111 9.10886 9.3708 9.57794 9.71946 9.7872 9.77608 9.6839 
9.90823 9.72805 9.46536 9.12882 8.73023 8.28411 7.80987 7.33249 6.87047 6.43642 6.04756 5.71996 5.47415 5.33098 5.29996 5.38645 5.58057 5.87175 6.26296 6.76863 7.40474 8.21105 9.28545 10.7706 12.7202 15.0595 17.7539 20.7652 24.0513 27.6069 31.3597 35.2421 39.2448 43.2934 47.3542 51.4043 55.3775 59.2441 62.9685 66.508 69.8459 72.9523 75.7905 78.3319 80.561 82.4625 84.0193 85.2175 86.0453 86.4958 86.5663 86.2558 85.5454 84.4538 82.9995 81.1944 79.0543 76.5999 73.8547 70.8449 67.5972 64.1345 60.4919 56.7162 52.8465 48.9048 44.9198 40.934 37.0072 33.2036 29.5351 26.0537 22.8101 19.8062 17.1092 14.7501 12.7036 10.9784 9.57507 8.44882 7.60549 7.02051 6.65139 6.4414 6.37135 6.43524 6.59285 6.81854 7.1074 7.45276 7.83681 8.23529 8.62167 8.98122 9.30079 9.57405 9.79058 9.93917 10.0113 10.0018 9.90823 
10.1362 9.95175 9.68185 9.33548 8.9248 8.4648 7.9754 7.48235 7.00564 6.55791 6.15643 5.81777 5.56257 5.41278 5.37819 5.46401 5.65889 5.95235 6.34908 6.86431 7.51488 8.3401 9.44124 10.9655 12.961 15.347 18.1016 21.1716 24.5297 28.1613 31.984 35.944 40.024 44.1455 48.2865 52.4115 56.4544 60.3941 64.1817 67.7855 71.1853 74.3468 77.2308 79.8144 82.0835 84.0186 85.6025 86.8193 87.6583 88.1137 88.1828 87.8658 87.1486 86.0365 84.5556 82.718 80.539 78.0377 75.2394 72.1711 68.8624 65.3377 61.6261 57.7749 53.8286 49.8149 45.7502 41.6903 37.6836 33.8016 30.0634 26.5078 23.1988 20.1345 17.3775 14.9668 12.8814 11.1193 9.69052 8.54485 7.68567 7.09103 6.71891 6.51063 6.44412 6.51453 6.68162 6.91831 7.21945 7.57866 7.97755 8.39061 8.79103 9.16372 9.49552 9.78035 10.0065 10.1623 10.2391 10.2311 10.1362 
10.3679 10.179 9.90182 9.54543 9.12244 8.64833 8.14349 7.63448 7.14268 6.68105 6.26678 5.91691 5.65224 5.49578 5.45763 5.54281 5.73825 6.03405 6.43659 6.96165 7.62707 8.47157 9.60062 11.1648 13.2062 15.6401 18.4551 21.5854 25.0166 28.7237 32.617 36.6566 40.8125 45.0085 49.2306 53.4287 57.5441 61.5552 65.4074 69.0784 72.5406 75.7548 78.685 81.3137 83.6228 85.5917 87.2011 88.4353 89.2856 89.746 89.8137 89.4891 88.7654 87.6332 86.1254 84.2551 82.0376 79.4914 76.6398 73.5126 70.1403 66.5526 62.774 58.8468 54.8217 50.7345 46.5912 42.455 38.3696 34.4066 30.598 26.969 23.5924 20.4682 17.6504 15.1862 13.0615 11.2626 9.80732 8.6423 7.76693 7.16238 6.78696 6.58041 6.51753 6.59447 6.77119 7.01903 7.33268 7.70592 8.11991 8.54779 8.9625 9.34858 9.69302 9.9897 10.2257 10.389 10.4704 10.4641 10.3679 
10.6029 10.4097 10.1253 9.75868 9.32316 8.83467 8.31411 7.78887 7.28157 6.80584 6.37861 6.01738 5.74315 5.57998 5.53828 5.62284 5.81863 6.11684 6.52552 7.06088 7.74134 8.60549 9.76363 11.3685 13.4557 15.9392 18.8144 22.0068 25.5121 29.2942 33.2587 37.3795 41.6098 45.8827 50.1861 54.456 58.6464 62.7271 66.6464 70.386 73.9108 77.1764 80.1545 82.8295 85.179 87.1808 88.814 90.0657 90.9273 91.3934 91.4608 91.1289 90.396 89.2446 87.7092 85.8059 83.5497 80.9592 78.0596 74.8726 71.4328 67.7791 63.9341 59.932 55.8273 51.6636 47.4435 43.2282 39.0654 35.0199 31.139 27.4373 23.9909 20.8073 19.1309 15.4091 13.2439 11.4082 9.92548 8.7412 7.84928 7.23459 6.85555 6.65073 6.59158 6.67505 6.86153 7.1207 7.44699 7.83453 8.26387 8.7068 9.13606 9.53578 9.89329 10.2021 10.4482 10.6191 10.7053 10.7008 10.6029 
10.8412 10.6435 10.3519 9.97522 9.52694 9.02382 8.48726 7.94549 7.42228 6.93225 6.49187 6.11916 5.83527 5.66535 5.62011 5.7041 5.90004 6.20075 6.61587 7.16218 7.85769 8.74187 9.93032 11.5767 13.7096 16.2444 19.1795 22.436 26.0161 29.8727 33.9097 38.112 42.4159 46.7681 51.1516 55.4934 59.7612 63.9097 67.8989 71.7073 75.2934 78.6163 81.6405 84.3621 86.7519 88.7842 90.4411 91.7106 92.5852 93.0581 93.1252 92.786 92.0419 90.873 89.309 87.3707 85.0751 82.44 79.487 76.2455 72.7403 69.0176 65.1054 61.0305 56.8457 52.6022 48.3072 44.0098 39.7709 35.6421 31.6864 27.9129 24.3943 21.1508 18.2099 15.6358 13.4285 11.5563 10.045 8.84148 7.93272 7.30763 6.92464 6.72156 6.66625 6.75625 6.95262 7.2233 7.56244 7.96447 8.4094 8.86762 9.3117 9.72532 10.0963 10.4175 10.6739 10.8526 10.9438 10.9408 10.8412 
11.0827 10.8805 10.5816 10.195 9.73377 9.21575 8.66292 8.10434 7.56481 7.06027 6.60657 6.22222 5.92861 5.75189 5.70313 5.78648 5.98248 6.28575 6.70766 7.26555 7.97612 8.88074 10.1007 11.7894 13.9679 16.5557 19.5505 22.8731 26.5289 30.4587 34.5699 38.8529 43.2307 47.6647 52.1269 56.5423 60.8867 65.1034 69.1649 73.0424 76.6875 80.0606 83.1429 85.9113 88.3395 90.4018 92.0826 93.3719 94.2603 94.7401 94.8069 94.4602 93.703 92.5185 90.9257 88.9519 86.6145 83.9341 80.9309 77.6294 74.0627 70.2701 66.288 62.1421 57.8768 53.5507 49.1814 44.8 40.4848 36.2734 32.2402 28.3957 24.8029 21.4987 18.4968 15.8663 13.6155 11.7069 10.1659 8.94284 8.01727 7.38151 6.99424 6.7929 6.74153 6.83804 7.04444 7.32679 7.67898 8.0957 8.55647 9.03023 9.4894 9.91717 10.3021 10.6359 10.9028 11.0896 11.1858 11.1841 11.0827 
11.3275 11.1207 10.8143 10.4178 9.94365 9.41047 8.84107 8.26538 7.70912 7.18987 6.72268 6.32656 6.02313 5.83957 5.78733 5.86985 6.06594 6.37187 6.8009 7.37098 8.09667 9.02211 10.2749 12.0067 14.2308 16.8733 19.9275 23.318 27.0503 31.0519 35.2395 39.6021 44.0549 48.5726 53.112 57.6036 62.0227 66.3098 70.4445 74.3897 78.0929 81.5239 84.6616 87.4768 89.9413 92.0336 93.7403 95.0505 95.9528 96.4393 96.5059 96.1517 95.3799 94.181 92.5593 90.5497 88.17 85.4415 82.3877 79.0308 75.4006 71.5371 67.4819 63.265 58.9207 54.511 50.0649 45.6002 41.2067 36.9136 32.8006 28.8856 25.2176 21.8509 18.7884 16.1008 13.8049 11.8599 10.2881 9.04526 8.10293 7.45624 7.06433 6.86471 6.81741 6.9204 7.13697 7.43116 7.79658 8.22821 8.70504 9.19462 9.66913 10.1113 10.5105 10.8572 11.135 11.33 11.4311 11.4306 11.3275 
11.5755 11.364 11.0501 10.6434 10.1566 9.60795 9.0217 8.42861 7.85525 7.32103 6.84017 6.43215 6.11882 5.9284 5.87269 5.95419 6.15042 6.45914 6.8956 7.47825 8.21934 9.166 10.4529 12.2286 14.4981 17.1971 20.3104 23.771 27.5797 31.6523 35.9185 40.3598 44.8896 49.4919 54.1069 58.6772 63.1693 67.5294 71.7376 75.7483 79.5101 83.0014 86.195 89.0566 91.5572 93.6807 95.4152 96.7464 97.6626 98.1559 98.2221 97.8604 97.0739 95.8604 94.2097 92.1642 89.7419 86.9646 83.8574 80.4447 76.7525 72.8186 68.6883 64.3988 59.9775 55.4835 50.9575 46.4112 41.9366 37.563 33.3675 29.3816 25.6388 22.2075 19.0842 16.3391 13.9966 12.0154 10.4117 9.14872 8.1897 7.53181 7.13488 6.93699 6.89387 7.00332 7.23018 7.53638 7.91522 8.36198 8.8551 9.36075 9.85088 10.3078 10.7217 11.0816 11.3704 11.5738 11.6796 11.6803 11.5755 
11.8266 11.6105 11.289 10.872 10.3724 9.80818 9.20479 8.59401 8.00325 7.45375 6.95903 6.53898 6.21567 6.01834 5.95921 6.03949 6.23591 6.54767 6.9918 7.58734 8.34414 9.31276 10.6347 12.4551 14.7699 17.5273 20.6994 24.2315 28.1168 32.26 36.607 41.1259 45.7352 50.4217 55.1118 59.7628 64.3266 68.7624 73.0443 77.1182 80.9409 84.4931 87.7424 90.6497 93.1874 95.3449 97.1073 98.4594 99.3896 99.8898 99.9555 99.5861 98.7849 97.5549 95.877 93.7954 91.3303 88.5037 85.3413 81.8712 78.1182 74.1147 69.9087 65.5436 61.047 56.4681 51.8593 47.2329 42.6744 38.2216 33.9416 29.8834 26.0665 22.5685 19.3852 16.5814 14.1907 12.1735 10.5367 9.25324 8.2776 7.60822 7.2059 7.00973 6.97089 7.08681 7.32406 7.64243 8.03488 8.49697 9.00661 9.52861 10.0346 10.5065 10.9356 11.3089 11.6091 11.821 11.9313 11.9333 11.8266 
12.081 11.8601 11.5308 11.1033 10.591 10.0111 9.39033 8.76156 8.15312 7.58799 7.07925 6.64702 6.31365 6.1094 6.04685 6.12576 6.32243 6.63744 7.08975 7.69828 8.47108 9.46269 10.8205 12.6863 15.0463 17.8633 21.0944 24.6994 28.6607 32.875 37.3051 41.9005 46.5916 51.3612 56.1276 60.8596 65.4965 70.0099 74.3642 78.5002 82.3861 85.9991 89.3016 92.2544 94.8339 97.0261 98.8165 100.19 101.134 101.64 101.704 101.326 100.51 99.2624 97.5611 95.4432 92.9351 90.0591 86.8409 83.3104 79.4961 75.4254 71.1432 66.6993 62.1275 57.465 52.7704 48.065 43.4203 38.8893 34.5241 30.3911 26.5009 22.9339 19.6911 16.8279 14.3872 12.3339 10.6631 9.3588 8.36659 7.68544 7.2774 7.08289 7.04847 7.17087 7.41858 7.74928 8.15555 8.63318 9.15957 9.69818 10.2204 10.7077 11.1521 11.5392 11.8509 12.0714 12.1861 12.1896 12.081 
12.3386 12.1129 11.7757 11.3376 10.8123 10.2168 9.5783 8.93123 8.30483 7.72374 7.2008 6.75625 6.41275 6.20155 6.13564 6.21299 6.40996 6.72847 7.18951 7.81105 8.60018 9.61582 11.0102 12.9213 15.3274 18.2047 21.496 25.1747 29.2113 33.4983 38.0122 42.6837 47.4589 52.3104 57.1564 61.9681 66.6808 71.2722 75.697 79.8961 83.8467 87.5195 90.8722 93.871 96.4961 98.7244 100.543 101.937 102.894 103.405 103.467 103.081 102.25 100.981 99.2598 97.1074 94.5564 91.6306 88.3565 84.7642 80.8864 76.7497 72.3919 67.8674 63.2185 58.4743 53.6926 48.906 44.1747 39.5649 35.1151 30.9048 26.9419 23.3039 20.002 17.2245 14.5862 12.4963 10.7913 9.46542 8.45664 7.76342 7.34948 7.15643 7.1266 7.25548 7.51373 7.85694 8.27718 8.77056 9.31395 9.86943 10.408 10.9112 11.3713 11.7725 12.0959 12.3248 12.4442 12.449 12.3386 
12.5994 12.3687 12.0236 11.5747 11.0362 10.4252 9.76868 9.10302 8.45838 7.86098 7.32366 6.86667 6.51296 6.29478 6.22555 6.30118 6.4985 6.82077 7.29109 7.92568 8.73146 9.77218 11.2039 13.1604 15.6133 18.5516 21.9042 25.6573 29.7687 34.1306 38.7275 43.4755 48.3374 53.2705 58.1986 63.0885 67.8794 72.5494 77.0428 81.3074 85.3233 89.0539 92.4549 95.5018 98.1728 100.44 102.286 103.7 104.668 105.184 105.244 104.85 105.395 102.714 100.972 98.7855 96.1937 93.2183 89.888 86.2335 82.289 78.086 73.6547 69.0491 64.32 59.4959 54.6264 49.7557 44.9393 40.2479 35.7145 31.4245 27.3897 23.6784 20.3172 17.3328 14.7878 12.6605 10.9214 9.57309 8.54775 7.84216 7.42213 7.23031 7.20523 7.34064 7.60947 7.96537 8.39977 8.9091 9.46972 10.0424 10.5977 11.117 11.5931 12.0086 12.3441 12.5813 12.7054 12.7117 12.5994 
