# Please cite arXiv:2008.01110
# The chisq test statistic between a given point in parameter space and the data including a marginalization over theta23, delta, and Dmsq31 for a fixed MO
# The first two rows define the grid:
#   |eps|
#   phi
# The remaining rows are the chisq test statistic where the first row is at |eps|=0 and at increasing values of phi. The remaining rows are increasing values of |eps|.
0 0.006 0.012 0.018 0.024 0.03 0.036 0.042 0.048 0.054 0.06 0.066 0.072 0.078 0.084 0.09 0.096 0.102 0.108 0.114 0.12 0.126 0.132 0.138 0.144 0.15 0.156 0.162 0.168 0.174 0.18 0.186 0.192 0.198 0.204 0.21 0.216 0.222 0.228 0.234 0.24 0.246 0.252 0.258 0.264 0.27 0.276 0.282 0.288 0.294 0.3 0.306 0.312 0.318 0.324 0.33 0.336 0.342 0.348 0.354 0.36 0.366 0.372 0.378 0.384 0.39 0.396 0.402 0.408 0.414 0.42 0.426 0.432 0.438 0.444 0.45 0.456 0.462 0.468 0.474 0.48 0.486 0.492 0.498 0.504 0.51 0.516 0.522 0.528 0.534 0.54 0.546 0.552 0.558 0.564 0.57 0.576 0.582 0.588 0.594 0.6 
0 0.0628319 0.125664 0.188496 0.251327 0.314159 0.376991 0.439823 0.502655 0.565487 0.628319 0.69115 0.753982 0.816814 0.879646 0.942478 1.00531 1.06814 1.13097 1.19381 1.25664 1.31947 1.3823 1.44513 1.50796 1.5708 1.63363 1.69646 1.75929 1.82212 1.88496 1.94779 2.01062 2.07345 2.13628 2.19911 2.26195 2.32478 2.38761 2.45044 2.51327 2.57611 2.63894 2.70177 2.7646 2.82743 2.89027 2.9531 3.01593 3.07876 3.14159 3.20442 3.26726 3.33009 3.39292 3.45575 3.51858 3.58142 3.64425 3.70708 3.76991 3.83274 3.89557 3.95841 4.02124 4.08407 4.1469 4.20973 4.27257 4.3354 4.39823 4.46106 4.52389 4.58673 4.64956 4.71239 4.77522 4.83805 4.90088 4.96372 5.02655 5.08938 5.15221 5.21504 5.27788 5.34071 5.40354 5.46637 5.5292 5.59203 5.65487 5.7177 5.78053 5.84336 5.90619 5.96903 6.03186 6.09469 6.15752 6.22035 6.28319 
5.33882 5.33882 5.33882 5.33882 5.33882 5.33882 5.33882 5.33882 5.33882 5.33882 5.33882 5.33882 5.33882 5.33882 5.33882 5.33882 5.33882 5.33882 5.33882 5.33882 5.33882 5.33882 5.33882 5.33882 5.33882 5.33882 5.33882 5.33882 5.33882 5.33882 5.33882 5.33882 5.33882 5.33882 5.33882 5.33882 5.33882 5.33882 5.33882 5.33882 5.33882 5.33882 5.33882 5.33882 5.33882 5.33882 5.33882 5.33882 5.33882 5.33882 5.33882 5.33882 5.33882 5.33882 5.33882 5.33882 5.33882 5.33882 5.33882 5.33882 5.33882 5.33882 5.33882 5.33882 5.33882 5.33882 5.33882 5.33882 5.33882 5.33882 5.33882 5.33882 5.33882 5.33882 5.33882 5.33882 5.33882 5.33882 5.33882 5.33882 5.33882 5.33882 5.33882 5.33882 5.33882 5.33882 5.33882 5.33882 5.33882 5.33882 5.33882 5.33882 5.33882 5.33882 5.33882 5.33882 5.33882 5.33882 5.33882 5.33882 5.33882 
5.3826 5.38603 5.38931 5.39244 5.39541 5.3982 5.40081 5.40324 5.40546 5.40748 5.40929 5.41088 5.41224 5.41338 5.41428 5.41493 5.41534 5.4155 5.4154 5.41504 5.41443 5.41355 5.41242 5.41102 5.40936 5.40744 5.40527 5.40284 5.40018 5.39727 5.39414 5.39079 5.38723 5.38347 5.37953 5.37542 5.37116 5.36677 5.36226 5.35765 5.35297 5.34822 5.34345 5.33866 5.33388 5.32913 5.32444 5.31983 5.31532 5.31093 5.30668 5.3026 5.29871 5.29502 5.29155 5.28832 5.28534 5.28263 5.2802 5.27806 5.27622 5.27469 5.27347 5.27257 5.27198 5.27172 5.27177 5.27213 5.27281 5.27379 5.27506 5.27662 5.27846 5.28056 5.28292 5.28551 5.28833 5.29137 5.29459 5.298 5.30157 5.30529 5.30914 5.3131 5.31716 5.3213 5.3255 5.32975 5.33403 5.33832 5.34262 5.3469 5.35115 5.35537 5.35952 5.36361 5.36761 5.37153 5.37534 5.37903 5.3826 
5.43822 5.44444 5.4504 5.4561 5.46151 5.46665 5.47148 5.47601 5.48023 5.48411 5.48766 5.49086 5.49369 5.49615 5.49822 5.49989 5.50113 5.50194 5.5023 5.5022 5.50163 5.50056 5.49899 5.49691 5.4943 5.49116 5.48749 5.48329 5.47854 5.47327 5.46747 5.46116 5.45435 5.44705 5.43931 5.43113 5.42255 5.41362 5.40435 5.39481 5.38503 5.37506 5.36496 5.35477 5.34456 5.33438 5.32428 5.31433 5.30458 5.29509 5.28591 5.2771 5.2687 5.26077 5.25335 5.24647 5.24018 5.23451 5.22948 5.22513 5.22146 5.2185 5.21624 5.2147 5.21388 5.21377 5.21435 5.21563 5.21757 5.22015 5.22336 5.22716 5.23153 5.23642 5.24181 5.24766 5.25393 5.26058 5.26757 5.27487 5.28242 5.2902 5.29816 5.30628 5.3145 5.3228 5.33114 5.3395 5.34783 5.35613 5.36435 5.37247 5.38048 5.38835 5.39606 5.4036 5.41096 5.41811 5.42504 5.43175 5.43822 
5.50582 5.51421 5.52227 5.52997 5.53733 5.54434 5.55099 5.55729 5.56323 5.5688 5.57399 5.57878 5.58315 5.58708 5.59056 5.59355 5.59603 5.59796 5.59932 5.60006 5.60016 5.59958 5.59829 5.59625 5.59342 5.58979 5.58533 5.58 5.57381 5.56672 5.55876 5.5499 5.54018 5.52959 5.51818 5.50598 5.49303 5.47939 5.46512 5.4503 5.43498 5.41928 5.40326 5.38704 5.3707 5.35436 5.33812 5.32208 5.30635 5.29103 5.27623 5.26203 5.24853 5.23583 5.22398 5.21308 5.20317 5.19432 5.18657 5.17996 5.17452 5.17026 5.1672 5.16533 5.16465 5.16513 5.16676 5.16949 5.1733 5.17813 5.18394 5.19065 5.19823 5.20659 5.21568 5.22541 5.23573 5.24656 5.25782 5.26946 5.28139 5.29356 5.30589 5.31833 5.33081 5.34329 5.35571 5.36803 5.38021 5.39221 5.40399 5.41553 5.4268 5.43778 5.44846 5.45883 5.46888 5.47861 5.48801 5.49708 5.50582 
5.58387 5.59394 5.60364 5.61298 5.62197 5.63061 5.6389 5.64682 5.65438 5.66155 5.66832 5.67466 5.68059 5.68612 5.6912 5.69579 5.69986 5.70335 5.70621 5.70837 5.70977 5.71035 5.71004 5.70877 5.70648 5.70309 5.69855 5.69281 5.68581 5.67753 5.66792 5.65698 5.6447 5.63109 5.61618 5.60001 5.58264 5.56414 5.5446 5.52413 5.50283 5.48085 5.45831 5.43538 5.4122 5.38894 5.36577 5.34285 5.32037 5.29847 5.27733 5.25709 5.23791 5.21991 5.20321 5.18792 5.17413 5.16193 5.15138 5.14253 5.13541 5.13004 5.12643 5.12456 5.12442 5.12597 5.12916 5.13393 5.1402 5.14791 5.15696 5.16726 5.17871 5.1912 5.20462 5.21886 5.23381 5.24936 5.2654 5.28181 5.2985 5.31536 5.33229 5.34922 5.36604 5.38262 5.39892 5.41487 5.43046 5.44564 5.46041 5.47473 5.48861 5.50204 5.51502 5.52756 5.53965 5.55132 5.56257 5.57341 5.58387 
5.67168 5.68289 5.69374 5.70425 5.71445 5.72437 5.73401 5.74338 5.75248 5.7613 5.76982 5.77799 5.7858 5.79317 5.80006 5.8065 5.81248 5.81792 5.82275 5.82687 5.83018 5.83258 5.83396 5.8342 5.83318 5.8308 5.82694 5.82151 5.8144 5.80555 5.79487 5.78233 5.76789 5.75156 5.73336 5.71333 5.69153 5.66805 5.643 5.61653 5.58878 5.55996 5.53026 5.4999 5.4691 5.43813 5.40721 5.3766 5.34655 5.31731 5.28909 5.26214 5.23665 5.21282 5.19082 5.17081 5.15291 5.13723 5.12384 5.11279 5.10413 5.09787 5.09401 5.09251 5.09334 5.09644 5.10171 5.10908 5.11843 5.12964 5.14258 5.15711 5.17308 5.19034 5.20872 5.22807 5.24823 5.26903 5.29032 5.31194 5.33374 5.35556 5.37714 5.39839 5.41921 5.43954 5.45933 5.47852 5.4971 5.51503 5.5323 5.54892 5.56488 5.5802 5.5949 5.60901 5.62254 5.63554 5.64804 5.66008 5.67168 
5.76936 5.78119 5.79269 5.80392 5.81492 5.82575 5.83643 5.84699 5.85743 5.86777 5.87797 5.88802 5.89786 5.90744 5.91668 5.92547 5.93373 5.94149 5.94873 5.95532 5.96113 5.96599 5.96974 5.97222 5.97325 5.97265 5.97025 5.96588 5.9594 5.95064 5.93951 5.92591 5.9098 5.89113 5.86989 5.84612 5.81987 5.79125 5.7604 5.72752 5.69281 5.65654 5.61897 5.58042 5.54121 5.50167 5.46216 5.42302 5.38459 5.34722 5.31122 5.2769 5.24454 5.2144 5.18671 5.16166 5.13942 5.12013 5.10389 5.09076 5.08074 5.07384 5.07005 5.06931 5.07155 5.07667 5.08457 5.09509 5.1081 5.12342 5.14087 5.16027 5.18139 5.20404 5.22801 5.25306 5.27898 5.30556 5.33257 5.35979 5.38679 5.4134 5.43948 5.46491 5.48962 5.51352 5.53656 5.55869 5.5799 5.60017 5.61951 5.63794 5.65547 5.67215 5.68802 5.70312 5.71753 5.73129 5.74447 5.75714 5.76936 
5.87695 5.88891 5.9006 5.9121 5.92351 5.93488 5.94628 5.95775 5.96932 5.98101 5.99282 6.00472 6.01666 6.02859 6.0404 6.05198 6.06319 6.07387 6.08394 6.09348 6.10233 6.11027 6.11709 6.12254 6.12638 6.12835 6.1282 6.12569 6.12058 6.11265 6.10175 6.08772 6.07044 6.0498 6.02578 5.99837 5.96764 5.93371 5.89677 5.85705 5.81482 5.77044 5.72426 5.67671 5.62822 5.57924 5.53025 5.48171 5.43407 5.3878 5.34331 5.30101 5.26125 5.22436 5.19063 5.16031 5.13359 5.11064 5.09156 5.07644 5.06528 5.05804 5.05466 5.05507 5.05916 5.0668 5.07782 5.09205 5.10929 5.1293 5.15187 5.17673 5.20362 5.23228 5.26242 5.29376 5.32601 5.3589 5.392 5.42477 5.45699 5.48847 5.51906 5.54863 5.57709 5.60436 5.63038 5.65514 5.67862 5.70083 5.7218 5.74156 5.76017 5.7777 5.79421 5.80979 5.82453 5.83852 5.85185 5.86463 5.87695 
5.99447 6.0061 6.01753 6.0289 6.0403 6.05186 6.06365 6.07575 6.08822 6.1011 6.11439 6.12809 6.14216 6.15652 6.17107 6.18569 6.20021 6.21443 6.22812 6.24111 6.25352 6.26515 6.27568 6.28483 6.29224 6.29759 6.30051 6.30067 6.29773 6.29143 6.28149 6.26766 6.24973 6.22754 6.20099 6.17007 6.13485 6.09544 6.05207 6.00504 5.9547 5.9015 5.84592 5.78851 5.72983 5.67048 5.61109 5.55225 5.49457 5.43863 5.38496 5.33407 5.28641 5.24238 5.20233 5.16656 5.13528 5.10868 5.08686 5.06991 5.05782 5.05054 5.04795 5.04991 5.0563 5.06691 5.08156 5.10001 5.12199 5.14725 5.17548 5.20638 5.23963 5.27488 5.31179 5.35001 5.38917 5.42878 5.46803 5.50659 5.54419 5.58063 5.61574 5.64936 5.6814 5.71181 5.74053 5.76758 5.79295 5.81669 5.83885 5.8595 5.87872 5.89661 5.91328 5.92884 5.94341 5.95713 5.97012 5.98252 5.99447 
6.12189 6.13275 6.14352 6.15434 6.16538 6.17677 6.18864 6.2011 6.21423 6.22809 6.24273 6.25815 6.27431 6.29116 6.30859 6.32646 6.34459 6.36273 6.38062 6.39793 6.41445 6.43032 6.44522 6.45876 6.47052 6.48004 6.48687 6.49054 6.49064 6.48678 6.47856 6.4656 6.44758 6.42427 6.39551 6.36123 6.32147 6.2764 6.22625 6.17141 6.11232 6.04954 5.9837 5.9155 5.84568 5.775 5.70426 5.63421 5.56564 5.49925 5.43573 5.37568 5.31967 5.26817 5.22158 5.18023 5.14437 5.11419 5.08979 5.07122 5.05847 5.05147 5.05002 5.05394 5.06303 5.07707 5.09579 5.11891 5.14613 5.17712 5.21152 5.24898 5.28911 5.33151 5.37577 5.42146 5.4681 5.51465 5.56043 5.60508 5.64827 5.68975 5.72933 5.76687 5.80229 5.83556 5.86666 5.89563 5.9225 5.94736 5.97029 5.99139 6.01078 6.02859 6.04497 6.06007 6.07403 6.08702 6.0992 6.11076 6.12189 
6.26056 6.26993 6.2793 6.2889 6.29895 6.30969 6.32131 6.33384 6.34739 6.36204 6.37786 6.39489 6.41311 6.43246 6.45286 6.47414 6.49611 6.51851 6.54102 6.56327 6.58483 6.60549 6.62537 6.644 6.66085 6.67536 6.68695 6.695 6.69903 6.69847 6.69276 6.68138 6.66389 6.63994 6.60928 6.5718 6.5275 6.47655 6.41924 6.35604 6.2875 6.21433 6.13733 6.05737 5.9754 5.89238 5.8093 5.72713 5.64681 5.56922 5.4952 5.42548 5.36071 5.30145 5.24815 5.20117 5.16078 5.12714 5.10035 5.08043 5.06733 5.06093 5.06099 5.06724 5.07942 5.09727 5.12046 5.14866 5.18151 5.21863 5.25962 5.30407 5.35154 5.40158 5.45372 5.50745 5.56206 5.6161 5.66894 5.72007 5.76908 5.81567 5.85964 5.9009 5.93942 5.97521 6.00833 6.03883 6.06691 6.09274 6.11638 6.1379 6.1574 6.17502 6.19091 6.20523 6.21819 6.22997 6.24081 6.25093 6.26056 
6.41182 6.41926 6.42673 6.43452 6.44291 6.45219 6.4626 6.47439 6.4878 6.50298 6.51982 6.53833 6.55853 6.58037 6.60378 6.6286 6.65462 6.68156 6.70906 6.73672 6.76402 6.79039 6.81583 6.84021 6.8629 6.8832 6.90039 6.91374 6.9226 6.92623 6.92387 6.91484 6.89854 6.87447 6.84227 6.80175 6.75289 6.69584 6.63096 6.5588 6.48007 6.39564 6.3065 6.21375 6.11857 6.02217 5.92575 5.83051 5.7376 5.64809 5.56296 5.48308 5.40921 5.34198 5.28187 5.22928 5.18445 5.14754 5.11861 5.09762 5.08448 5.07901 5.08092 5.08985 5.10547 5.12745 5.15543 5.18901 5.22779 5.27133 5.3192 5.37094 5.42607 5.48411 5.54454 5.60682 5.67003 5.7324 5.79307 5.85129 5.90645 5.95819 6.0064 6.05109 6.09234 6.1304 6.16565 6.19811 6.22778 6.2547 6.27896 6.30066 6.31995 6.33699 6.35198 6.36512 6.37665 6.38682 6.39588 6.40412 6.41182 
6.57553 6.58063 6.5858 6.5914 6.59774 6.60517 6.61399 6.62449 6.63696 6.65165 6.66876 6.68848 6.71056 6.73484 6.76127 6.78971 6.81993 6.85164 6.88447 6.91795 6.95151 6.98451 7.01628 7.04705 7.0763 7.10319 7.12684 7.1464 7.16104 7.16977 7.17165 7.16579 7.15138 7.12776 7.09442 7.05105 6.99759 6.93421 6.8613 6.77954 6.6898 6.59316 6.49085 6.38423 6.27475 6.16388 6.0531 5.94386 5.83753 5.73539 5.63859 5.54814 5.46489 5.38954 5.3226 5.26447 5.21537 5.17543 5.14463 5.12288 5.11003 5.10582 5.1099 5.12179 5.14112 5.16749 5.20047 5.23963 5.2845 5.33461 5.38949 5.44863 5.51154 5.57771 5.6466 5.71767 5.79013 5.86194 5.93174 5.99822 6.06017 6.11712 6.16925 6.21711 6.26157 6.30265 6.34032 6.37461 6.40555 6.43323 6.45777 6.47931 6.49804 6.51414 6.52785 6.53943 6.54915 6.5573 6.5642 6.57016 6.57553 
6.75153 6.75392 6.75644 6.75947 6.76341 6.76863 6.77551 6.78439 6.7956 6.80945 6.82619 6.84607 6.86926 6.89583 6.92527 6.95736 6.99189 7.02857 7.067 7.10668 7.14698 7.18716 7.22639 7.26419 7.30068 7.33495 7.36593 7.39262 7.41398 7.42879 7.43585 7.43403 7.42228 7.39971 7.36564 7.31964 7.26156 7.19156 7.11013 7.01807 6.91644 6.80658 6.69 6.56837 6.44344 6.31701 6.19085 6.06668 5.94613 5.8307 5.72172 5.62034 5.5275 5.44396 5.37024 5.30672 5.25358 5.21086 5.1785 5.15632 5.14407 5.14144 5.14793 5.16302 5.18625 5.21716 5.25527 5.30007 5.35106 5.40772 5.46954 5.53599 5.60654 5.68068 5.75787 5.83756 5.91922 6.00138 6.08198 6.15925 6.22994 6.29216 6.34845 6.40053 6.44845 6.49227 6.53205 6.56785 6.59976 6.6279 6.65241 6.67346 6.69128 6.7061 6.7182 6.72786 6.73541 6.74118 6.74555 6.74887 6.75153 
6.93967 6.93902 6.93853 6.93866 6.93986 6.94255 6.94716 6.9541 6.96375 6.97646 6.99256 7.01233 7.03599 7.06374 7.09569 7.13145 7.17037 7.21216 7.25642 7.3026 7.35006 7.39797 7.4454 7.49127 7.53568 7.57808 7.61724 7.652 7.68106 7.70294 7.71618 7.71932 7.71105 7.69021 7.65588 7.60746 7.54472 7.46781 7.3773 7.27415 7.15967 7.0355 6.90349 6.76566 6.62412 6.48101 6.33845 6.19846 6.06294 5.93361 5.81201 5.69941 5.59685 5.50513 5.42475 5.35605 5.29913 5.25395 5.22035 5.19805 5.1867 5.1859 5.19502 5.21347 5.24071 5.27621 5.31943 5.36982 5.42681 5.48984 5.55837 5.63184 5.70971 5.79144 5.8765 5.96434 6.05445 6.14627 6.23804 6.32795 6.41368 6.48401 6.5455 6.60151 6.65253 6.69876 6.74035 6.77738 6.80997 6.83828 6.86248 6.88278 6.89941 6.91264 6.92278 6.93018 6.93521 6.93825 6.93972 6.94005 6.93967 
7.13987 7.13579 7.13197 7.12889 7.12703 7.12688 7.12893 7.13363 7.14142 7.15272 7.16791 7.18731 7.21122 7.23986 7.27341 7.31195 7.35523 7.40223 7.45249 7.50546 7.56044 7.61656 7.67277 7.72786 7.78093 7.8322 7.88038 7.92412 7.96188 7.99188 8.01232 8.02143 8.01752 7.99912 7.96503 7.91444 7.847 7.76283 7.66262 7.54752 7.41915 7.2795 7.13082 6.97555 6.81621 6.65533 6.49538 6.33872 6.18751 6.04375 5.90914 5.78513 5.67281 5.57298 5.48615 5.41253 5.35214 5.30483 5.2703 5.24817 5.23799 5.23922 5.25111 5.27298 5.30424 5.34429 5.39252 5.44831 5.51107 5.5802 5.6551 5.73522 5.81997 5.90883 6.00124 6.09667 6.19461 6.29453 6.39591 6.49713 6.59641 6.69197 6.76009 6.8195 6.87325 6.92161 6.96477 7.00287 7.03601 7.06433 7.08802 7.10731 7.12247 7.13381 7.14169 7.14649 7.14864 7.14858 7.14677 7.1437 7.13987 
7.35225 7.34437 7.3368 7.3301 7.32486 7.32159 7.32079 7.32297 7.32864 7.33826 7.35227 7.37106 7.39498 7.42431 7.45926 7.49998 7.54651 7.59863 7.65502 7.71499 7.7778 7.84254 7.90809 7.97311 8.03606 8.0969 8.15491 8.20857 8.25603 8.29521 8.32395 8.34006 8.34147 8.3263 8.29301 8.24051 8.16829 8.07648 7.96586 7.83785 7.69444 7.53805 7.37141 7.19743 7.0191 6.83937 6.66109 6.48696 6.31945 6.16079 6.01291 5.87735 5.75531 5.64755 5.5545 5.47628 5.41276 5.36363 5.32848 5.30679 5.29797 5.30137 5.31607 5.34137 5.37657 5.42103 5.47406 5.53501 5.60324 5.67811 5.75902 5.84536 5.93658 6.0321 6.13138 6.23391 6.33914 6.44657 6.5557 6.66601 6.77622 6.88443 6.98927 7.0539 7.11017 7.16062 7.20533 7.24438 7.27788 7.30598 7.32891 7.34691 7.36031 7.36945 7.37475 7.37664 7.37558 7.37209 7.36667 7.35987 7.35225 
7.5767 7.56471 7.55308 7.54244 7.53343 7.52665 7.52271 7.52212 7.5254 7.53309 7.54568 7.56362 7.58732 7.61711 7.65328 7.696 7.74539 7.80143 7.86382 7.93095 8.00185 8.07557 8.15094 8.22651 8.30055 8.37179 8.44042 8.50488 8.56306 8.61252 8.65069 8.67493 8.68268 8.6716 8.6397 8.58557 8.5085 8.40858 8.28676 8.14478 7.98507 7.81058 7.62462 7.43064 7.23213 7.03252 6.83504 6.64274 6.45839 6.28449 6.12313 5.97602 5.84437 5.72892 5.62997 5.54748 5.48116 5.43053 5.39502 5.37397 5.36667 5.37227 5.38976 5.41838 5.45738 5.50603 5.56361 5.62942 5.70278 5.78304 5.86958 5.96177 6.05905 6.16084 6.2666 6.37579 6.48789 6.60239 6.71878 6.83655 6.95522 7.07385 7.19039 7.30359 7.36334 7.41582 7.46194 7.50177 7.53542 7.56307 7.58497 7.60141 7.61274 7.61939 7.62178 7.62043 7.61585 7.6086 7.59926 7.58842 7.5767 
7.81307 7.79668 7.78071 7.76585 7.75278 7.74218 7.73472 7.73104 7.7317 7.73722 7.74816 7.76502 7.78827 7.81832 7.85549 7.90005 7.95213 8.01179 8.07893 8.1531 8.2323 8.31531 8.40092 8.48759 8.57348 8.65644 8.73645 8.8126 8.88251 8.94337 8.99214 9.02569 9.0409 9.03483 9.005 8.94954 8.86751 8.75896 8.62502 8.46786 8.29046 8.09642 7.88971 7.67442 7.45459 7.23413 7.01669 6.80564 6.60405 6.41466 6.23976 6.08117 5.94012 5.81726 5.71274 5.62633 5.55753 5.50568 5.47002 5.44976 5.44405 5.45179 5.47197 5.50374 5.54632 5.59891 5.66074 5.73109 5.80925 5.89457 5.98638 6.08409 6.18709 6.29481 6.40671 6.52224 6.64087 6.76209 6.88538 7.01024 7.13618 7.2627 7.38912 7.51341 7.63268 7.68711 7.7345 7.77493 7.80852 7.83548 7.85608 7.87067 7.87965 7.88347 7.88265 7.87773 7.8693 7.85798 7.84439 7.8292 7.81307 
8.06125 8.04017 8.01959 8.00024 7.98286 7.96818 7.95693 7.94981 7.94752 7.95065 7.95971 7.97528 7.99787 8.02796 8.06595 8.11214 8.16675 8.22988 8.30151 8.38142 8.46888 8.56143 8.65762 8.75589 8.85427 8.95037 9.04257 9.13126 9.21389 9.28727 9.34787 9.39199 9.41584 9.41582 9.38878 9.33233 9.24519 9.12738 8.98028 8.80657 8.60994 8.39479 8.16586 7.92796 7.68573 7.44356 7.20551 6.97527 6.75618 6.5512 6.36281 6.19291 6.04273 5.91281 5.80308 5.71307 5.64207 5.5892 5.55355 5.53415 5.52999 5.53974 5.56243 5.59715 5.64304 5.69927 5.76506 5.83963 5.92228 6.01233 6.10913 6.21204 6.32048 6.43387 6.55163 6.67323 6.79813 6.92581 7.05573 7.1874 7.3203 7.45394 7.58783 7.72144 7.85298 7.97446 8.023 8.06384 8.09716 8.12317 8.14219 8.15462 8.16092 8.16159 8.15722 8.14841 8.1358 8.12008 8.10194 8.08208 8.06125 
8.32113 8.29508 8.2696 8.2455 8.22356 8.20456 8.18929 8.17851 8.17296 8.17337 8.18034 8.1944 8.21613 8.24606 8.28466 8.3323 8.38926 8.45571 8.53167 8.61702 8.71143 8.81361 8.9207 9.03098 9.14242 9.25248 9.35832 9.46036 9.55669 9.64372 9.71742 9.77342 9.8072 9.81435 9.7909 9.73382 9.6414 9.51358 9.3521 9.1603 8.94276 8.70483 8.45167 8.18869 7.92232 7.65781 7.39943 7.15071 6.9146 6.69409 6.49238 6.31145 6.15249 6.01585 5.90123 5.80792 5.73493 5.68121 5.64563 5.6271 5.6243 5.63588 5.66086 5.69826 5.74719 5.80677 5.8762 5.9547 6.04155 6.13605 6.23756 6.34543 6.45907 6.57789 6.70131 6.82878 6.95974 7.09366 7.23001 7.36826 7.5079 7.64843 7.78936 7.93025 8.07061 8.20895 8.32747 8.36854 8.40133 8.42611 8.44325 8.4532 8.45648 8.45367 8.44541 8.43236 8.41524 8.39479 8.37177 8.34696 8.32113 
8.59259 8.56129 8.53067 8.50156 8.47481 8.45127 8.43176 8.41709 8.40807 8.40547 8.41006 8.42241 8.44308 8.47265 8.51166 8.56056 8.61969 8.68928 8.76943 8.86008 8.96096 9.07158 9.18978 9.31242 9.43741 9.56211 9.68325 9.79942 9.91039 10.0122 10.1003 10.1695 10.2146 10.2302 10.2112 10.1539 10.056 9.91727 9.73998 9.52833 9.28779 9.02195 8.73959 8.44945 8.15832 7.87156 7.59342 7.32738 7.07634 6.84275 6.62865 6.43706 6.26967 6.12667 6.00747 5.91107 5.83625 5.78172 5.74622 5.72843 5.72675 5.73994 5.76694 5.80675 5.85841 5.92105 5.99383 6.07598 6.16676 6.26548 6.37146 6.48408 6.60272 6.72678 6.85568 6.98885 7.12572 7.26573 7.40835 7.55303 7.69925 7.84654 7.9944 8.14233 8.28981 8.43637 8.58089 8.68907 8.72105 8.74431 8.75924 8.76637 8.76629 8.75963 8.74712 8.72949 8.70752 8.68201 8.6538 8.62371 8.59259 
8.87554 8.83872 8.80268 8.76832 8.73654 8.70822 8.68425 8.66549 8.6528 8.647 8.64892 8.6593 8.67872 8.70774 8.74697 8.79693 8.85804 8.9306 9.01478 9.11058 9.21781 9.33604 9.46453 9.5998 9.73876 9.8787 10.0162 10.1479 10.2744 10.3921 10.4959 10.5798 10.6377 10.6631 10.6496 10.5925 10.4887 10.3381 10.1433 9.9094 9.63742 9.339 9.02635 8.70869 8.39293 8.08435 7.78708 7.50447 7.23933 6.99405 6.77052 6.56997 6.39458 6.24553 6.12198 6.02264 5.94605 5.89073 5.85522 5.83787 5.83707 5.8516 5.88034 5.92225 5.97636 6.04177 6.11764 6.20319 6.29766 6.40037 6.51064 6.62782 6.7513 6.88045 7.01469 7.15343 7.29608 7.44207 7.59084 7.74187 7.89465 8.04863 8.20327 8.37162 8.51249 8.66605 8.81828 8.96834 9.05638 9.07777 9.09015 9.0941 9.09027 9.07941 9.06228 9.0397 9.01253 8.98163 8.9479 8.91224 8.87554 
9.16988 9.12726 9.08555 9.0457 9.00865 8.97535 8.94671 8.92367 8.90711 8.89793 8.89698 8.9051 8.92305 8.95134 8.99061 9.04145 9.10435 9.17968 9.26771 9.3685 9.48194 9.60768 9.7451 9.89275 10.046 10.2017 10.3562 10.5054 10.6483 10.7829 10.9036 11.0038 11.0761 11.1127 11.1059 11.0495 10.9395 10.7756 10.5615 10.2952 9.98669 9.65417 9.31066 8.96554 8.6256 8.29592 7.9804 7.68218 7.40392 7.14789 6.91588 6.70899 6.52739 6.37259 6.24487 6.14267 6.06431 6.00811 5.97238 5.95514 5.95494 5.97051 6.0007 6.04443 6.10071 6.16862 6.24733 6.33604 6.434 6.54051 6.65489 6.77649 6.90466 7.03879 7.17825 7.32246 7.4708 7.6227 7.77762 7.93502 8.09429 8.25487 8.4162 8.57774 8.73896 8.89937 9.05847 9.21582 9.37076 9.42653 9.43598 9.43635 9.4284 9.41293 9.39081 9.36292 9.33019 9.29356 9.25399 9.21244 9.16988 
9.47551 9.42683 9.37919 9.33361 9.29108 9.25258 9.21908 9.19156 9.17096 9.15821 9.15423 9.1599 9.17609 9.20347 9.24259 9.29412 9.35862 9.43655 9.52823 9.63383 9.75332 9.88643 10.0326 10.191 10.3587 10.5305 10.7027 10.8709 11.0314 11.184 11.3229 11.4409 11.5293 11.5787 11.5799 11.5247 11.408 11.2294 10.988 10.6807 10.3333 9.96593 9.59211 9.22012 8.85639 8.50616 8.17343 7.86071 7.57043 7.30467 7.06508 6.85258 6.66714 6.50791 6.37614 6.27111 6.19092 6.13371 6.0973 6.07989 6.08001 6.09633 6.12768 6.17294 6.23111 6.30129 6.38261 6.47427 6.57554 6.68569 6.80403 6.92991 7.06267 7.20167 7.34628 7.49588 7.64989 7.80775 7.96884 8.13255 8.29826 8.46539 8.63334 8.80156 8.9695 9.13664 9.30248 9.46656 9.62844 9.78762 9.79669 9.79309 9.78061 9.76015 9.73263 9.69905 9.66041 9.6177 9.57197 9.52423 9.47551 
9.79234 9.73732 9.68352 9.63197 9.58661 9.53984 9.50129 9.46911 9.44429 9.42781 9.42062 9.42368 9.43789 9.46412 9.50293 9.55496 9.62088 9.70121 9.79636 9.90658 10.0319 10.1722 10.327 10.4955 10.6764 10.8647 11.055 11.2429 11.4232 11.5947 11.7531 11.8904 11.9966 12.0608 12.0714 12.0181 11.8941 11.6986 11.4152 11.063 10.678 10.2788 9.87568 9.47702 9.08941 8.71804 8.36716 8.04027 7.7391 7.46466 7.21838 7.00097 6.81218 6.65085 6.51569 6.4078 6.32567 6.26704 6.22964 6.21176 6.2119 6.22869 6.2609 6.30742 6.36725 6.43946 6.52318 6.61763 6.72203 6.83568 6.95786 7.08792 7.22517 7.36897 7.51867 7.67371 7.83346 7.99728 8.16451 8.3345 8.50664 8.68028 8.85482 9.02968 9.20428 9.37809 9.55058 9.72128 9.88974 10.0556 10.1723 10.1643 10.1469 10.121 10.0877 10.048 10.0031 9.95396 9.90174 9.8475 9.79234 
10.1203 10.0587 9.99843 9.9407 9.88655 9.83705 9.79327 9.75626 9.72705 9.70667 9.69613 9.69642 9.7085 9.7333 9.77161 9.82399 9.89113 9.97367 10.0721 10.1867 10.3178 10.4651 10.6283 10.8068 10.9994 11.2037 11.4126 11.6208 11.8229 12.0143 12.1935 12.3516 12.4776 12.5585 12.5802 12.5295 12.3974 12.1749 11.8393 11.4459 11.0262 10.5943 10.1615 9.73626 9.32516 8.93331 8.56474 8.22277 7.91018 7.62805 7.37592 7.15422 6.96251 6.79944 6.66313 6.55251 6.46817 6.40767 6.36899 6.35036 6.35023 6.3672 6.40001 6.44755 6.50881 6.58284 6.66879 6.76585 6.87325 6.99027 7.11619 7.25033 7.392 7.54058 7.69547 7.856 8.02148 8.19124 8.36459 8.54087 8.71942 8.89958 9.08071 9.26221 9.44347 9.6239 9.803 9.98024 10.1552 10.3274 10.4965 10.5499 10.5271 10.4953 10.4559 10.4097 10.3613 10.3022 10.2432 10.1822 10.1203 
10.4592 10.3907 10.3239 10.2597 10.1994 10.1442 10.095 10.0529 10.0192 9.99476 9.98071 9.97808 9.98787 10.0111 10.0487 10.1012 10.1694 10.254 10.3554 10.4743 10.6108 10.7649 10.9364 11.1247 11.3288 11.5471 11.7748 12.0039 12.2289 12.4424 12.6434 12.8238 12.9715 13.0713 13.1061 13.0588 12.9175 12.6502 12.264 11.8324 11.3763 10.9111 10.4485 9.99701 9.56308 9.15154 8.76617 8.41003 8.08562 7.79494 7.5377 7.31227 7.11798 6.95335 6.8164 6.70484 6.61778 6.55516 6.51493 6.49528 6.49461 6.51149 6.54466 6.593 6.65547 6.73114 6.81915 6.91868 7.02896 7.14924 7.27881 7.41697 7.56311 7.71658 7.87667 8.04267 8.21386 8.38956 8.56904 8.75162 8.9366 9.1233 9.31105 9.4992 9.68712 9.8742 10.0599 10.2437 10.425 10.6036 10.7789 10.9498 10.9212 10.8832 10.8371 10.7841 10.7255 10.6625 10.5963 10.5281 10.4592 
10.8091 10.7335 10.6597 10.5889 10.5223 10.4611 10.4063 10.3591 10.3207 10.292 10.2743 10.2686 10.276 10.2975 10.3341 10.3866 10.4557 10.5421 10.6464 10.7693 10.911 11.0717 11.2513 11.4492 11.6646 11.896 12.1412 12.3915 12.6399 12.8781 13.1019 13.3062 13.4775 13.5986 13.6487 13.6059 13.4538 13.1215 12.693 12.2205 11.7266 11.2277 10.7356 10.2585 9.80263 9.37238 8.97121 8.60185 8.26648 7.96677 7.70367 7.47498 7.27839 7.11231 6.97457 6.86256 6.77405 6.70908 6.66705 6.64612 6.64464 6.66119 6.6945 6.74342 6.80693 6.88408 6.974 7.07588 7.18892 7.31238 7.44555 7.58785 7.73854 7.89688 8.06214 8.2336 8.41051 8.59215 8.77779 8.9667 9.15816 9.35144 9.54585 9.74069 9.93532 10.1291 10.3214 10.5117 10.6995 10.8843 11.0657 11.2435 11.3291 11.2844 11.2312 11.171 11.105 11.0345 10.9608 10.8853 10.8091 
11.1698 11.0868 11.0059 10.9283 10.8551 10.7877 10.7272 10.6747 10.6314 10.5984 10.5769 10.568 10.5728 10.5924 10.6279 10.6802 10.75 10.838 10.9451 11.0717 11.2185 11.3856 11.5729 11.7802 12.0067 12.2511 12.5115 12.783 13.0553 13.3201 13.5684 13.7979 13.9949 14.1397 14.2076 14.1705 13.9937 13.5976 13.1235 12.6078 12.0753 11.5428 11.0219 10.5202 10.0434 9.59555 9.17963 8.79802 8.45254 8.14449 7.8745 7.64213 7.44346 7.27578 7.13676 7.02408 6.93547 6.86897 6.82491 6.80245 6.79994 6.81595 6.84918 6.8985 6.96288 7.04136 7.13307 7.23718 7.3529 7.47956 7.6165 7.76295 7.91814 8.08133 8.25176 8.42867 8.61132 8.79893 8.99076 9.18604 9.38402 9.58394 9.78507 9.98668 10.1881 10.3886 10.5876 10.7844 10.9786 11.1697 11.3573 11.5409 11.7205 11.6988 11.6382 11.5704 11.4965 11.4182 11.3368 11.2535 11.1698 
11.5412 11.4506 11.3623 11.2776 11.1978 11.124 11.0576 10.9996 10.9513 10.9139 10.8885 10.8762 10.8784 10.8959 10.9301 10.9819 11.0523 11.1418 11.2514 11.3816 11.5332 11.7063 11.9012 12.1177 12.355 12.6121 12.8872 13.1777 13.4742 13.7662 14.0421 14.2981 14.5225 14.6938 14.7826 14.7527 14.5241 14.0765 13.5525 12.9919 12.4206 11.8553 11.3066 10.7816 10.2851 9.82085 9.39128 8.99838 8.6436 8.32785 8.05141 7.81367 7.61243 7.44288 7.30248 7.18893 7.09998 7.0336 6.98809 6.96388 6.96013 6.97539 7.00837 7.05793 7.12303 7.20271 7.2961 7.40237 7.52089 7.65087 7.79154 7.9421 8.10177 8.26979 8.44537 8.62775 8.81615 9.00977 9.20783 9.40954 9.61411 9.82075 10.0287 10.2371 10.4454 10.6527 10.8584 11.062 11.2627 11.4601 11.6537 11.8432 12.0284 12.1264 12.058 11.982 11.9001 11.8136 11.724 11.6328 11.5412 
11.9232 11.8248 11.7289 11.637 11.5502 11.4699 11.3974 11.3338 11.2804 11.2383 11.2089 11.1932 11.1925 11.208 11.2407 11.2919 11.3626 11.4535 11.5653 11.699 11.8551 12.0341 12.2363 12.4616 12.7094 12.979 13.2686 13.5759 13.896 14.2156 14.5222 14.8057 15.0595 15.26 15.3729 15.3521 15.0582 14.554 13.9767 13.37 12.7601 12.1638 11.5892 11.0422 10.5276 10.0482 9.60605 9.20281 8.83947 8.5165 8.23376 7.99035 7.78465 7.61316 7.47127 7.35666 7.26713 7.20066 7.15546 7.13003 7.12485 7.13918 7.17175 7.2214 7.28709 7.36786 7.46291 7.57154 7.6929 7.82615 7.97049 8.12512 8.28925 8.46208 8.64283 8.8307 9.02487 9.22455 9.4289 9.6371 9.84834 10.0618 10.2766 10.492 10.7072 10.9215 11.1341 11.3443 11.5516 11.7554 11.9552 12.1511 12.3414 12.5274 12.4903 12.4059 12.3154 12.2205 12.1225 12.0229 11.9232 
12.3158 12.2092 12.1056 12.0061 11.9123 11.8254 11.7466 11.6772 11.6185 11.5718 11.5381 11.5189 11.5153 11.5285 11.5597 11.6101 11.681 11.7729 11.8869 12.0237 12.1842 12.3689 12.5781 12.8119 13.07 13.3517 13.6555 13.9793 14.32 14.6673 15.0058 15.32 15.6048 15.8372 15.9779 15.9687 15.5941 15.0256 14.3857 13.729 13.0842 12.4618 11.8668 11.302 10.7706 10.2773 9.82365 9.41083 9.03943 8.70958 8.42079 8.17191 7.96114 7.7862 7.64271 7.52686 7.43652 7.36971 7.32465 7.29976 7.29372 7.30698 7.33899 7.38861 7.45478 7.53675 7.63366 7.74461 7.86874 8.00519 8.15316 8.31184 8.4804 8.65805 8.84398 9.03735 9.23735 9.44312 9.65382 9.8686 10.0866 10.3069 10.5287 10.7512 10.9735 11.1948 11.4144 11.632 11.8455 12.0557 13.2138 12.4632 12.6596 13.0206 12.9351 12.8419 12.7425 12.6387 12.532 12.4239 12.3158 
12.7188 12.6039 12.4922 12.3851 12.284 12.1902 12.105 12.0298 11.9657 11.9141 11.8762 11.8533 11.8466 11.8574 11.887 11.9366 12.0073 12.1003 12.2162 12.356 12.5206 12.7106 12.9266 13.1686 13.4367 13.7301 14.0477 14.3877 14.747 15.1207 15.4912 15.8399 16.157 16.424 16.5969 16.6023 16.1252 15.4681 14.7617 14.0653 13.3922 12.7481 12.1359 11.5574 11.0137 10.5077 10.0435 9.62187 9.24304 8.90674 8.61217 8.35795 8.14218 7.96254 7.81639 7.69916 7.60781 7.54042 7.49525 7.47076 7.46557 7.47846 7.5098 7.55932 7.62622 7.7095 7.80819 7.92138 8.04821 8.18782 8.33938 8.50207 8.67506 8.85753 9.04865 9.24756 9.45341 9.66534 9.92855 10.1039 10.5717 10.5561 10.785 11.0174 11.2818 11.4727 11.6994 11.9235 12.1443 12.3611 12.5735 12.781 12.9831 13.1879 13.3708 13.2898 13.1812 13.0683 12.9525 12.8355 12.7188 
13.1321 13.0086 12.8887 12.7738 12.6652 12.5644 12.4727 12.3914 12.3218 12.2652 12.2229 12.1963 12.1864 12.1948 12.2226 12.2712 12.3417 12.4354 12.5531 12.6957 12.8642 13.0594 13.2818 13.5318 13.8095 14.1143 14.4454 14.801 15.1786 15.5749 15.9775 16.364 16.7152 17.0191 17.2286 17.2268 16.6195 15.8602 15.1083 14.3814 13.6855 13.0235 12.3971 11.8073 11.2545 10.7392 10.2655 9.83583 9.4501 9.1077 8.80756 8.54813 8.32738 8.14301 7.99252 7.87319 7.78066 7.7125 7.66702 7.6427 7.63819 7.65228 7.68405 7.73378 7.8014 7.88588 7.98627 8.10164 8.23111 8.37383 8.52895 8.69564 8.87305 9.0604 9.25667 9.46115 9.67291 9.89106 10.1147 10.3429 10.5746 10.8091 11.0453 11.2823 11.5191 11.7551 11.9891 12.2202 12.448 12.6716 12.9423 13.1041 13.3121 13.5142 13.7102 13.7496 13.6314 13.5089 13.3838 13.2577 13.1321 
13.5557 13.4234 13.2951 13.1721 13.0559 12.948 12.8496 12.7621 12.6868 12.6252 12.5784 12.5478 12.5347 12.5405 12.5665 12.6139 12.6841 12.7784 12.8977 13.0429 13.2151 13.4151 13.6437 13.9014 14.1883 14.5042 14.8483 15.2193 15.6147 16.0315 16.4637 16.8881 17.2781 17.621 17.8716 17.8307 17.0332 16.2224 15.435 14.6809 13.9655 13.2893 12.6515 12.0524 11.4922 10.971 10.4895 10.0526 9.66043 9.31222 9.00667 8.74208 8.51637 8.32724 8.17225 8.04897 7.95478 7.88567 7.83969 7.81535 7.81138 7.82685 7.86069 7.91183 7.98009 8.0657 8.1677 8.28518 8.41725 8.56304 8.7217 8.89237 9.09752 9.26632 9.46788 9.67796 9.89568 10.1201 10.3544 10.5853 10.8241 11.0658 11.3094 11.5539 11.7982 12.0416 12.283 14.1016 14.4835 12.9872 13.2127 13.4327 13.6466 13.8542 14.0553 14.221 14.0929 13.9606 13.8259 13.6904 13.5557 
13.9894 13.8481 13.7111 13.5799 13.456 13.3407 13.2355 13.1417 13.0607 12.9938 12.9424 12.9079 12.8915 12.8946 12.9185 12.9647 13.0345 13.1292 13.2499 13.3976 13.5732 13.7779 14.0125 14.2775 14.5733 14.8998 15.2565 15.6423 16.0551 16.4919 16.9491 17.4109 17.8446 18.228 18.5243 18.2893 17.4172 16.5654 15.7476 14.9702 14.236 13.5469 12.9 12.2936 11.7275 11.2016 10.7157 10.272 9.87384 9.52005 9.2092 8.93948 8.7088 8.51487 8.35531 8.2278 8.13009 8.0597 8.01306 7.98874 7.9856 8.00242 8.0381 8.09161 8.16198 8.24873 8.35229 8.47182 8.60643 8.75526 8.91742 9.09206 9.2783 9.47528 9.68209 9.89782 10.1215 10.3672 10.5905 10.8311 11.0771 11.3262 11.5772 11.8293 12.0814 12.3325 14.2525 12.8276 13.07 13.3077 15.2671 15.1786 13.9866 14.1999 14.4165 14.6055 14.5656 14.4232 14.2786 14.1334 13.9894 
14.4331 14.2826 14.1368 13.9972 13.8653 13.7425 13.6304 13.5302 13.4433 13.3712 13.3151 13.2764 13.2566 13.2569 13.2788 13.3236 13.3929 13.4878 13.6098 13.7597 13.9387 14.1478 14.388 14.66 14.9643 15.3011 15.67 16.0701 16.4997 16.956 17.436 17.9314 18.4113 18.8386 19.1843 18.6929 17.7726 16.8884 16.0467 15.2503 14.5007 13.7986 13.1439 12.5317 11.961 11.4313 10.9424 10.4941 10.0902 9.73096 9.41486 9.14002 8.90432 8.70554 8.54137 8.40955 8.30792 8.23455 8.18741 8.16334 8.16089 8.17888 8.21622 8.27189 8.34495 8.43449 8.53981 8.66135 8.79846 8.95029 9.11594 9.29453 9.4852 9.68703 9.89913 10.1205 10.3503 10.5875 10.833 11.0801 11.3444 11.5899 11.8487 12.1085 12.3685 14.461 14.1147 13.1381 13.388 13.6331 13.8806 15.7159 14.3321 14.5512 14.7629 14.967 15.0494 14.8966 14.7418 14.5867 14.4331 
14.8867 14.7268 14.5719 14.4238 14.2838 14.1535 14.0342 13.9275 13.8346 13.7571 13.6962 13.6533 13.63 13.6274 13.6472 13.6906 13.7592 13.8543 13.9773 14.1293 14.3113 14.5246 14.7702 15.049 15.3615 15.7081 16.0887 16.5026 16.9484 17.4237 17.9257 18.4491 18.9734 19.4511 19.8492 19.0522 18.0995 17.1925 16.3331 15.5221 14.7601 14.0475 13.3841 12.7674 12.1931 11.6604 11.169 10.7184 10.3092 9.94468 9.62337 9.34337 9.10262 8.89893 8.73009 8.59392 8.4886 8.41227 8.36314 8.33906 8.33715 8.35615 8.39497 8.45263 8.52819 8.62076 8.7295 8.85357 8.99315 9.14794 9.31706 9.49961 9.6947 9.90141 10.1188 10.346 10.5819 10.8265 11.0759 11.332 11.5927 11.8569 12.1699 12.3912 14.5584 12.9262 13.1911 15.5483 16.0035 16.0506 14.2202 14.4502 14.7003 14.9083 15.1255 15.3346 15.5356 15.3806 15.2153 15.0501 14.8867 
15.3501 15.1806 15.0166 14.8597 14.7114 14.5734 14.4469 14.3335 14.2346 14.1515 14.0857 14.0386 14.0116 14.0061 14.0236 14.0655 14.1333 14.2285 14.3524 14.5063 14.6913 14.9086 15.1593 15.4445 15.7648 16.1209 16.5127 16.9399 17.4013 17.895 18.4181 18.9667 19.5302 20.0641 20.3873 19.37 18.4004 17.4795 16.6081 15.7865 15.0151 14.294 13.623 13.0014 12.4242 11.8891 11.3957 10.9431 10.5308 10.161 9.83443 9.54924 9.30338 9.09474 8.92139 8.78135 8.6726 8.59326 8.54155 8.51587 8.51426 8.53411 8.57426 8.63375 8.71165 8.80709 8.91923 9.04723 9.19028 9.34804 9.52061 9.70711 9.90662 10.1182 10.341 10.5739 10.816 11.0662 11.3235 11.5868 11.855 12.1269 12.4284 12.6773 12.9535 14.0153 13.5021 13.772 14.0378 14.2983 14.5526 14.7999 15.0396 15.2711 15.494 15.7082 15.9138 15.8752 15.6991 15.5235 15.3501 
15.8232 15.6439 15.4705 15.3047 15.1481 15.0022 14.8684 14.7482 14.6431 14.5544 14.4837 14.4322 14.4015 14.393 14.4081 14.4484 14.5154 14.6104 14.7351 14.8908 15.0785 15.2995 15.5552 15.8465 16.1744 16.5394 16.942 17.3819 17.8583 18.3696 18.9133 19.4861 20.081 20.6702 20.6795 19.6518 18.6786 17.7516 16.8733 16.0447 15.2665 14.5388 13.8616 13.2343 12.6547 12.1176 11.6223 11.168 10.7539 10.3796 10.0478 9.75734 9.50654 9.2934 9.11589 8.97199 8.85973 8.77729 8.72292 8.69505 8.69221 8.71268 8.75403 8.81519 8.89528 8.99343 9.10881 9.24061 9.38801 9.55018 9.7264 9.91684 10.1208 10.3373 10.5654 10.8042 11.0525 11.3093 11.5736 11.8442 12.12 12.3998 12.7226 12.9667 13.2512 13.535 13.8167 14.0951 17.4131 14.6377 14.9884 15.1547 15.4014 15.6394 15.8684 16.0985 16.2982 16.3801 16.1931 16.0069 15.8232 
16.306 16.1166 15.9337 15.7589 15.5938 15.4398 15.2986 15.1715 15.0601 14.9658 14.8899 14.834 14.7995 14.7879 14.8006 14.8392 14.9052 15.0001 15.1254 15.2827 15.473 15.6976 15.9579 16.255 16.5901 16.9638 17.3767 17.8288 18.3196 18.8478 19.4111 20.0071 20.6298 21.2656 20.8819 19.9021 18.9372 18.0111 17.1304 16.298 15.5152 14.7826 14.1003 13.4679 12.8847 12.3459 11.8489 11.3928 10.977 10.6003 10.2635 9.96824 9.7128 9.49519 9.31344 9.1656 9.04976 8.96414 8.90703 8.87689 8.87228 8.89188 8.93418 8.9969 9.07905 9.17977 9.29824 9.43368 9.58526 9.75218 9.93359 10.1286 10.337 10.5585 10.792 11.0366 11.2912 11.5547 11.8261 12.1041 12.3876 12.6755 12.9663 13.259 13.5522 13.8446 14.1349 14.422 14.7046 14.9816 15.2518 15.5144 15.7685 17.6588 16.2485 17.2871 16.6889 16.8943 16.6971 16.5 16.306 
16.7982 16.5987 16.4061 16.2221 16.0483 15.8862 15.7374 15.6034 15.4856 15.3854 15.3044 15.244 15.2057 15.1908 15.2011 15.2379 15.3028 15.3974 15.5233 15.682 15.8746 16.1027 16.3674 16.6701 17.0121 17.3941 17.8168 18.2805 18.785 19.3294 19.9117 20.5297 21.1789 21.8506 21.4383 20.1655 19.1795 18.2603 17.3811 16.5475 15.762 15.0258 14.3394 13.7025 13.1148 12.574 12.0753 11.6177 11.2003 10.8221 10.4822 10.1822 9.92202 9.69987 9.51382 9.36196 9.24247 9.15359 9.09368 9.0612 9.05474 9.07302 9.11481 9.1788 9.26288 9.36604 9.48749 9.62642 9.78205 9.95356 10.1401 10.3409 10.555 10.7815 11.0205 11.271 11.5319 11.8022 12.0807 12.3663 12.6576 12.9536 13.2529 13.5541 13.8561 14.1574 14.4567 14.7527 15.0441 15.3297 18.7464 15.8789 16.1406 16.3926 16.6344 17.8362 17.1705 17.2957 17.2109 17.0029 16.7982 
17.2998 17.09 16.8875 16.6942 16.5116 16.3413 16.1848 16.0437 15.9194 15.8134 15.7271 15.6621 15.6198 15.6017 15.6094 15.6443 15.7081 15.8024 15.9287 16.0886 16.2836 16.5148 16.7837 17.0918 17.4403 17.8302 18.2624 18.7372 19.2548 19.8145 20.4149 21.054 21.7284 22.4308 21.1932 20.3671 19.408 18.5015 17.6271 16.7944 16.0078 15.2691 14.5792 13.9383 13.3463 12.8024 12.3023 11.8433 11.4244 11.0447 10.7031 10.3989 10.134 9.90722 9.71679 9.56086 9.43765 9.34545 9.28266 9.24777 9.2394 9.25627 9.2972 9.36107 9.44673 9.55223 9.67652 9.81883 9.97836 10.1543 10.3459 10.5523 10.7725 11.0057 11.2508 11.5072 11.7745 12.0516 12.3373 12.6305 12.9298 13.2341 13.5419 13.8519 14.1628 14.8525 14.7836 15.0867 15.3872 15.6817 15.9691 16.2481 16.5178 16.7773 17.0259 18.3959 17.5182 17.7036 17.7346 17.5153 17.2998 
17.8107 17.5904 17.378 17.1752 16.9836 16.805 16.6407 16.4924 16.3615 16.2495 16.1579 16.0883 16.042 16.0205 16.0256 16.0586 16.1211 16.2149 16.3415 16.5026 16.6997 16.9339 17.2069 17.5201 17.8748 18.2723 18.7134 19.1989 19.7289 20.3033 20.9209 21.5799 22.2781 22.1206 21.4107 20.4992 19.6252 18.7368 17.87 17.04 16.2533 15.5129 14.8203 14.1761 13.5802 13.0321 12.5302 12.0697 11.6492 11.2678 10.9245 10.6181 10.3485 10.117 9.92216 9.76209 9.63509 9.5395 9.47376 9.43641 9.42607 9.44149 9.48148 9.54496 9.63089 9.73826 9.8653 10.0109 10.1742 10.3545 10.551 10.7627 10.989 11.2287 11.481 11.7447 12.0188 12.3028 12.5958 12.8967 13.2041 13.5167 13.8331 14.1521 14.4721 14.7918 15.1096 15.4241 15.7339 16.0377 16.334 16.7904 16.8997 17.167 19.193 17.6668 17.8985 18.1179 18.2679 18.0371 17.8107 
18.3308 18.0998 17.8773 17.6649 17.4643 17.2771 17.105 16.9494 16.8118 16.6938 16.5968 16.5224 16.472 16.4472 16.4495 16.4805 16.5418 16.635 16.7619 16.924 17.123 17.3601 17.6369 17.9549 18.3156 18.7203 19.17 19.6656 20.2075 20.7958 21.4297 22.1078 22.8283 22.55 21.4776 20.6725 19.8339 18.969 18.1118 17.2857 16.4998 15.7584 15.0636 14.4163 13.8167 13.2644 12.7588 12.2967 11.8745 11.4913 11.1461 10.8379 10.5652 10.3291 10.1297 9.96543 9.83459 9.73556 9.66682 9.62693 9.61456 9.62847 9.66749 9.73053 9.81657 9.92464 10.0538 10.2025 10.3695 10.5541 10.7553 10.9724 11.2044 11.4506 11.7098 11.9811 12.2633 12.5553 12.8559 13.1645 13.4801 13.8012 14.1265 14.4545 14.7839 15.113 19.6279 15.7645 16.0839 16.3972 16.7145 16.9996 17.2862 17.5617 17.8252 19.546 18.3139 18.5387 18.7505 18.5684 18.3308 
18.8599 18.6182 18.3854 18.1632 17.9535 17.7578 17.5776 17.4146 17.2702 17.146 17.0435 16.9642 16.9097 16.8815 16.8811 16.91 16.97 17.0626 17.1896 17.3526 17.5534 17.7932 18.0737 18.3964 18.7628 19.1744 19.6323 20.1375 20.6907 21.2921 21.9415 22.6376 23.0354 22.3615 21.6251 20.8461 20.0373 19.2001 18.3543 17.5328 16.7482 16.0061 15.3092 14.6588 14.0555 13.499 12.9889 12.5241 12.1001 11.715 11.3678 11.0576 10.7831 10.5431 10.3392 10.1707 10.036 9.93342 9.86162 9.81915 9.8047 9.81705 9.85504 9.9176 10.0037 10.1124 10.2427 10.3938 10.5644 10.753 10.9589 11.1811 11.4189 11.6714 11.9374 12.2161 12.5063 12.8069 13.1165 13.4339 13.7577 14.0876 14.4217 14.759 15.0978 15.4365 15.7737 16.1078 16.4371 16.7601 17.0754 17.3815 17.6772 17.9612 18.2327 19.8025 18.7352 18.9656 19.1823 19.1088 18.8599 
19.398 19.1454 18.9021 18.6702 18.4511 18.2465 18.0581 17.8874 17.7359 17.6054 17.4972 17.413 17.3543 17.3226 17.3194 17.3464 17.4052 17.4974 17.6246 17.7886 17.991 18.2334 18.5173 18.8444 19.2163 19.6344 20.1002 20.6146 21.1785 21.7924 22.4564 23.1696 23.2726 22.496 21.7797 21.0228 20.2396 19.4314 18.5988 17.7821 16.9988 16.256 15.557 14.9037 14.2966 13.7359 13.2213 12.752 12.3259 11.9387 11.5895 11.2772 11.0007 10.7587 10.5505 10.3777 10.239 10.1329 10.058 10.0129 9.99632 10.0071 10.044 10.106 10.1922 10.3014 10.4329 10.5857 10.7588 10.9513 11.1617 11.3891 11.6325 11.8911 12.1638 12.4498 12.7478 13.0567 13.3753 13.7022 14.0361 14.3753 14.7186 15.0653 15.4137 15.7623 16.1095 16.4536 16.7931 17.1262 17.4514 17.7673 18.0723 18.3653 18.6451 20.736 19.1623 19.4242 19.6205 19.6584 19.398 
19.945 19.6813 19.4275 19.1853 18.9566 18.7429 18.546 18.3675 18.2089 18.0719 17.958 17.8687 17.8056 17.7703 17.7643 17.7892 17.8468 17.9385 18.0661 18.2313 18.4356 18.6805 18.9677 19.299 19.6761 20.1006 20.5738 21.0969 21.6711 22.2969 22.9746 23.7039 23.2719 22.6396 21.9429 21.2059 20.4448 19.6639 18.8462 18.0341 17.2519 16.5083 15.8071 15.1507 14.5398 13.9748 13.4556 12.9815 12.5517 12.1624 11.811 11.4966 11.2179 10.9739 10.7634 10.5862 10.4435 10.3338 10.2558 10.208 10.1892 10.1983 10.2341 10.2956 10.3818 10.4916 10.6242 10.7786 10.954 11.1494 11.3638 11.5962 11.8451 12.1097 12.389 12.6821 12.9877 13.3049 13.6322 13.9685 14.3123 14.6622 15.0164 15.3731 15.7313 16.09 16.4474 16.8019 17.1517 17.4952 17.8307 18.1609 18.4714 18.7737 19.0623 19.3363 19.595 19.838 20.0653 20.217 19.945 
20.5008 20.2257 19.961 19.7084 19.4698 19.2469 19.0414 18.8549 18.6891 18.5454 18.4256 18.3311 18.2636 18.2245 18.2156 18.2384 18.2945 18.3857 18.5136 18.6798 18.8862 19.1341 19.4248 19.7602 20.1423 20.5728 21.0531 21.5846 22.1684 22.8055 23.4962 23.9371 23.4053 22.7904 22.1145 21.3968 20.6552 19.8984 19.0973 18.2891 17.5077 16.7629 16.0594 15.3997 14.7849 14.2156 13.6917 13.2127 12.7779 12.3859 12.0323 11.7155 11.4347 11.1886 10.9762 10.7961 10.6494 10.536 10.4548 10.4043 10.3833 10.3907 10.4254 10.4863 10.5724 10.6827 10.8165 10.9726 11.1501 11.3483 11.5661 11.8026 12.0568 12.3273 12.6131 12.9131 13.2263 13.5515 13.8874 14.2329 14.5864 14.9466 15.3118 15.6802 16.0501 16.4194 16.7872 17.1522 17.5127 17.8668 18.2129 18.5492 18.8741 19.1861 19.484 19.7666 20.0331 20.2831 20.5163 20.7329 20.5008 
21.065 20.7783 20.5024 20.2392 19.9907 19.7584 19.5441 19.3495 19.1762 19.0258 18.9 18.8002 18.728 18.6851 18.6731 18.6936 18.7483 18.8388 18.9669 19.1341 19.3424 19.5931 19.8877 20.2278 20.6149 21.0511 21.5382 22.0777 22.6708 23.3184 24.0214 24.0721 24.8629 22.9496 22.2913 21.5941 20.8728 20.1367 19.3527 18.5473 17.766 17.0197 16.3137 15.6506 15.0318 14.4581 13.9294 13.4455 13.0057 12.6091 12.2531 11.934 11.6509 11.4027 11.1882 11.0064 10.8564 10.7394 10.6548 10.6016 10.5783 10.584 10.6175 10.6778 10.7638 10.8747 11.0095 11.1673 11.3471 11.548 11.7691 12.0094 12.268 12.5439 12.836 13.1429 13.4634 13.7965 14.1409 14.4954 14.8584 15.2287 15.6046 15.9844 16.3664 16.7485 17.1286 17.5045 17.8759 18.2409 18.5978 18.9449 19.2803 19.6024 19.91 22.5932 20.4764 20.7337 20.9733 21.1953 21.065 
21.6375 21.3388 21.0516 20.7777 20.519 20.2772 20.054 19.8511 19.6703 19.513 19.3809 19.2757 19.1988 19.152 19.1368 19.1549 19.208 19.2978 19.4259 19.5941 19.8041 20.0576 20.3558 20.7005 21.0933 21.5355 22.0292 22.5762 23.1781 23.8359 24.5504 24.2221 23.7052 23.1267 22.4749 21.7941 21.0922 20.3809 19.6127 18.8087 18.0268 17.2787 16.5698 15.9032 15.2803 14.702 14.1686 13.6796 13.2347 12.833 12.4734 12.152 11.8665 11.6161 11.3996 11.2159 11.0641 10.9436 10.8558 10.7997 10.7742 10.7781 10.8104 10.87 10.9559 11.0672 11.203 11.3623 11.5442 11.7479 11.9722 12.2164 12.4794 12.7602 13.0578 13.371 13.6987 14.0396 14.3924 14.7557 15.1282 15.5084 15.8948 16.2858 16.6795 17.0741 17.4674 17.8572 18.2409 18.6171 18.9852 19.3433 19.69 20.0223 20.3399 23.231 20.9246 21.1898 21.4364 21.6641 21.6375 
22.218 21.9073 21.6086 21.3238 21.0547 20.8032 20.5709 20.3597 20.171 20.0067 19.8683 19.7575 19.6758 19.6249 19.6064 19.6221 19.6735 19.7623 19.8904 20.0594 20.2712 20.5272 20.829 21.1782 21.5764 22.0252 22.5259 23.0803 23.6905 24.3578 24.8222 24.3871 23.8748 23.2964 22.6663 21.9994 21.3113 20.6156 19.8772 19.0732 18.29 17.5396 16.8276 16.1572 15.5301 14.9472 14.4089 13.9149 13.4649 13.058 12.6934 12.3693 12.0815 11.8287 11.6101 11.4245 11.271 11.1485 11.0573 10.9983 10.9703 10.9722 11.0031 11.0619 11.1477 11.2594 11.3961 11.557 11.7411 11.9475 12.1752 12.4232 12.6906 12.9763 13.2794 13.5986 13.9329 14.281 14.6418 15.0138 15.3955 15.7855 16.1823 16.5841 16.9894 17.3962 17.8024 18.206 18.6044 18.9949 19.3748 19.7443 20.1018 20.4454 20.7735 21.0847 21.8543 21.6511 22.8672 22.1391 22.218 
22.8065 22.4836 22.1732 21.8773 21.5977 21.3363 21.0948 20.8749 20.6784 20.5069 20.362 20.2454 20.1588 20.1037 20.0818 20.0949 20.1445 20.2324 20.3603 20.5301 20.7434 21.0019 21.3071 21.6606 22.0641 22.5192 23.0273 23.5897 24.208 24.8845 25.0024 24.567 24.0587 23.4874 25.1401 22.2119 21.536 20.8529 20.1458 19.3404 18.5554 17.8022 17.0868 16.4125 15.781 15.1935 14.6502 14.1512 13.696 13.284 12.9143 12.5858 12.2956 12.0405 11.8195 11.6316 11.476 11.3518 11.2581 11.1961 11.1656 11.1657 11.1953 11.2533 11.3389 11.451 11.5888 11.7513 11.9376 12.1467 12.3777 12.6296 12.9015 13.1922 13.5007 13.826 14.1668 14.522 14.8902 15.2703 15.6607 16.0602 16.467 16.8796 17.2961 17.7148 18.1336 18.5505 21.4112 19.369 19.7649 20.1475 20.5165 20.8715 21.2106 21.5321 24.1811 23.8296 22.3792 22.62 22.8065 
23.333 23.0675 22.7453 22.4381 22.1479 21.8764 21.6254 21.3968 21.1922 21.0134 20.8621 20.7398 20.6482 20.5889 20.5635 20.5737 20.6213 20.7079 20.8354 21.0058 21.2206 21.4815 21.79 22.1477 22.5564 23.0176 23.5328 24.1034 24.7307 25.4159 25.1979 24.7619 24.2569 27.0069 25.4386 22.4358 21.7716 21.1009 20.4181 19.6102 18.8225 18.0663 17.3472 16.6688 16.0328 15.4405 14.8923 14.3882 13.9279 13.5107 13.1358 12.8021 12.5083 12.2503 12.0266 11.8364 11.6787 11.5527 11.4576 11.393 11.3601 11.3584 11.3866 11.444 11.5294 11.6421 11.7809 11.945 12.1335 12.3454 12.5798 12.8356 13.1119 13.4077 13.7217 14.0531 14.4004 14.7627 15.1385 15.5265 15.9255 16.3338 16.7501 17.1727 17.5999 18.0301 18.4611 18.891 19.3173 19.7378 20.1496 20.5495 20.9336 21.3002 21.6507 21.9831 22.296 22.5881 24.1042 23.1067 23.333 
23.8319 23.659 23.3248 23.0061 22.705 22.4232 22.1627 21.9253 21.7129 21.5271 21.3694 21.2415 21.1449 21.0813 21.0524 21.0597 21.1051 21.1902 21.317 21.4873 21.7029 21.9658 22.2774 22.6393 23.053 23.5202 24.0423 24.6209 25.2571 25.7745 25.4085 24.9717 24.4695 26.2887 23.3071 22.6721 22.0189 21.3599 20.6937 19.882 19.0912 18.3315 17.6086 16.9258 16.2854 15.6882 15.1351 14.6259 14.1603 13.7375 13.3568 13.0175 12.7186 12.4576 12.2313 12.0386 11.8789 11.7512 11.6547 11.5889 11.5537 11.5501 11.5771 11.6338 11.7192 11.8323 11.9723 12.1381 12.3288 12.5435 12.7813 13.0411 13.3219 13.6226 13.9423 14.2797 14.6336 15.003 15.3864 15.7825 16.1899 16.6073 17.0329 17.4653 17.9028 18.3436 18.7858 19.2277 19.6672 20.1018 20.5287 20.945 21.3473 21.7312 22.0936 22.4374 22.7611 25.1108 24.7349 23.5989 23.8319 
24.6185 24.2579 23.9115 23.5811 23.2689 22.9768 22.7071 22.4613 22.2411 22.0481 21.8841 21.7504 21.6489 21.5809 21.5484 21.5528 21.5959 21.6795 21.8055 21.9756 22.1918 22.4559 22.7697 23.1351 23.5538 24.0268 24.5557 25.142 25.7869 26.0049 25.6342 25.1962 24.6963 27.5836 23.5469 22.921 22.2781 21.6303 20.9709 20.1555 19.3611 18.5976 17.8706 17.1835 16.5384 15.9364 15.3781 14.8633 14.3918 13.9631 13.5766 13.2316 12.9273 12.6624 12.4334 12.2384 12.0765 11.9471 11.8494 11.7826 11.7461 11.7407 11.7666 11.8227 11.908 12.0217 12.1628 12.3303 12.5233 12.7409 12.9821 13.2458 13.5312 13.837 14.1622 14.5057 14.8663 15.2427 15.6337 16.0379 16.454 16.8803 17.3154 17.7577 18.2055 18.6569 19.1102 19.5634 20.0146 20.4617 20.9026 21.3345 21.7538 22.1568 22.5384 22.8946 23.2295 23.5422 23.8994 24.9911 24.6185 
24.8481 24.8641 24.5052 24.163 23.8399 23.5379 23.259 23.0046 22.7766 22.5765 22.406 22.2666 22.1599 22.0877 22.0514 22.0528 22.0937 22.1757 22.3008 22.4707 22.6874 22.9527 23.2684 23.6364 24.0587 24.5372 25.0728 25.6667 26.3201 26.2502 25.8748 28.6485 24.9375 24.3889 23.8 23.1826 22.5494 21.9123 21.2785 20.4302 19.6319 18.8644 18.1331 17.4415 16.7916 16.1843 15.6202 15.0993 14.6218 14.1871 13.7949 13.4443 13.1346 12.8648 12.633 12.4355 12.2716 12.1405 12.0415 11.9738 11.9368 11.9301 11.9549 12.0104 12.0958 12.2101 12.3524 12.5216 12.717 12.9375 13.1821 13.4499 13.7397 14.0506 14.3814 14.7311 15.0983 15.4819 15.8805 16.2928 16.7174 17.1528 17.5974 18.0496 18.5077 18.9699 19.4343 19.899 20.3619 20.8211 21.2743 21.7192 22.1538 22.5744 22.9762 23.3535 23.701 26.4245 26.02 24.5984 24.8481 
25.3619 25.4774 25.1059 24.7521 24.4183 24.1065 23.8183 23.5554 23.3195 23.1122 22.9351 22.7899 22.6781 22.6014 22.5614 22.5598 22.5983 22.6788 22.8029 22.9725 23.1896 23.4561 23.7736 24.1441 24.5696 25.0521 25.5935 26.1948 26.8565 26.5102 26.1301 29.2153 30.1286 24.6485 24.0662 23.4569 22.833 22.2059 21.5354 20.7059 19.9033 19.1315 18.3958 17.6994 17.044 16.4308 15.8606 15.3337 14.8501 14.4095 14.0115 13.6553 13.3403 13.0655 12.8299 12.6301 12.4642 12.3314 12.2311 12.1625 12.1251 12.1182 12.1419 12.197 12.2825 12.3974 12.5409 12.712 12.9097 13.1331 13.3812 13.653 13.9475 14.2635 14.5999 14.9557 15.3296 15.7203 16.1266 16.547 16.9802 17.4247 17.8788 18.3409 18.8094 19.2824 19.7579 20.2342 20.709 21.1803 21.6459 22.1036 22.5509 22.9856 23.4052 23.8038 24.1744 24.5107 24.8211 25.105 25.3619 
25.882 26.0976 25.7137 25.3487 25.0043 24.6825 24.3849 24.1134 23.8695 23.655 23.4713 23.3202 23.2032 23.1219 23.078 23.0733 23.1094 23.1882 23.3115 23.481 23.6985 23.966 24.2852 24.6581 25.0867 25.573 26.1188 26.7261 27.396 26.785 26.4002 25.9652 25.4625 25.5226 24.3456 23.7441 23.1289 22.5115 21.8123 20.9822 20.175 19.3987 18.6581 17.956 17.2947 16.6755 16.0992 15.5662 15.0766 14.6301 14.2263 13.8646 13.5443 13.2645 13.0243 12.822 12.6541 12.5197 12.4181 12.3487 12.3109 12.3041 12.3276 12.3823 12.4679 12.5835 12.7283 12.9013 13.1014 13.3278 13.5794 13.8553 14.1543 14.4754 14.8175 15.1794 15.56 15.9579 16.3718 16.8004 17.2422 17.6957 18.1594 18.6315 19.1104 19.5942 20.081 20.5688 21.0556 31.2342 22.0173 22.4878 22.9481 23.396 23.8289 24.2445 24.6379 24.999 25.3212 25.6157 25.882 
26.4065 26.6529 26.3291 25.9527 25.5977 25.2658 24.9589 24.6787 24.4268 24.2049 24.0143 23.8568 23.734 23.6478 23.5997 23.5917 23.6253 23.7025 23.8249 23.9945 24.2129 24.4819 24.8032 25.1784 25.61 26.0999 26.6501 27.2624 27.4066 27.0743 29.4852 26.2405 25.7462 25.209 24.6381 24.0439 23.4371 22.8289 22.097 21.6492 20.4466 19.665 18.9187 18.2107 17.5434 16.9182 16.3358 15.7967 15.301 14.8486 14.4391 14.0719 13.7464 13.4617 13.217 13.0113 12.8414 12.7054 12.6026 12.5325 12.4943 12.4875 12.5116 12.5662 12.652 12.7684 12.9145 13.0894 13.292 13.5214 13.7766 14.0565 14.3601 14.6864 15.0342 15.4023 15.7895 16.1946 16.6162 17.0529 17.5033 17.9659 18.4391 18.9212 19.4105 19.9051 20.4032 20.9027 21.4015 21.8974 22.3883 23.9227 23.3452 23.8064 24.2527 24.6817 25.0909 25.4763 25.8245 26.1302 26.4065 
26.9349 27.1908 26.952 26.5641 26.1983 25.8564 25.5401 25.2511 24.9908 24.7607 24.5627 24.3985 24.2698 24.1784 24.126 24.1145 24.1455 24.2209 24.3425 24.512 24.7313 25.002 25.3258 25.7043 26.1394 26.6329 27.1872 27.8043 27.7175 29.2338 30.0486 26.5377 26.0439 25.5097 24.9439 24.3564 23.7577 23.1584 22.376 21.5346 20.7168 19.9295 19.1773 18.4634 17.7901 17.1587 16.5701 16.025 15.5233 15.065 14.6498 14.2772 13.9465 13.657 13.4078 13.1981 13.0261 12.8886 12.7846 12.7137 12.6752 12.6685 12.6932 12.7486 12.8347 12.952 13.0995 13.2763 13.4814 13.7138 13.9726 14.2567 14.565 14.8964 15.2499 15.6242 16.0181 16.4303 16.8595 17.3044 17.7635 18.2351 18.7179 19.21 19.7097 20.2151 20.7245 21.2356 21.7465 22.2549 32.4326 23.2549 23.7418 24.2165 24.6765 25.1191 25.5419 25.9423 26.3169 26.6478 26.9349 
27.4669 27.7329 27.5822 27.1829 26.8063 26.4542 26.1283 25.8297 25.5604 25.3219 25.1162 24.9449 24.81 24.7132 24.6562 24.641 24.6692 24.7428 24.8634 25.0329 25.2531 25.5255 25.8519 26.2338 26.6731 27.1714 27.7302 28.3356 28.0427 29.7926 27.2974 26.849 26.3556 25.8241 25.2628 24.6816 24.3751 23.4998 22.6571 21.8091 20.9852 20.1919 19.4337 18.7138 18.0343 17.3968 16.8021 16.2509 15.7432 15.2791 14.8583 14.4803 14.1445 13.8503 13.5968 13.3831 13.2083 13.0692 12.9641 12.8925 12.8537 12.8472 12.8724 12.9289 13.016 13.1341 13.2831 13.4619 13.6696 13.9051 14.1675 14.4557 14.7687 15.1053 15.4645 15.845 16.2456 16.665 17.1019 17.5549 18.0225 18.5033 18.9955 19.4976 20.0077 20.5241 21.0447 21.5675 22.0905 22.6114 23.1278 23.6374 24.1377 24.626 25.0998 25.5565 25.9932 26.4074 26.7966 27.1574 27.4669 
27.9952 28.2789 28.2196 27.8089 27.4214 27.0589 26.7225 26.414 26.1352 25.888 25.6741 25.4955 25.3543 25.2523 25.191 25.1722 25.1977 25.2692 25.3884 25.5574 25.7779 26.0517 26.3808 26.7663 27.2099 27.7133 28.2779 28.6823 28.382 30.3567 27.625 27.1744 26.6811 26.1519 25.5949 25.0195 24.4355 23.8062 22.9363 22.0816 21.2514 20.452 19.6878 18.9617 18.2761 17.6324 17.0315 16.4742 15.9606 15.4908 15.0646 14.6817 14.3412 14.0425 13.7848 13.5673 13.389 13.2483 13.1421 13.0698 13.0306 13.0243 13.0501 13.1075 13.1961 13.3153 13.4657 13.6464 13.8566 14.0952 14.3612 14.6536 14.9713 15.3131 15.678 16.0647 16.472 16.8986 17.3431 17.8043 18.2805 18.7703 19.272 19.7841 20.3046 20.8318 21.3637 21.8982 22.4333 22.9666 23.4959 24.0187 24.5325 25.0381 25.5226 31.5588 31.0521 26.8727 27.2759 27.6513 27.9952 
28.5037 28.827 28.8643 28.442 28.0434 27.6696 27.3223 27.0034 26.7148 26.4584 26.2367 26.0517 25.9048 25.7978 25.7323 25.71 25.7327 25.802 25.9198 26.088 26.3084 26.5827 26.913 27.3011 27.7491 28.2578 28.8284 29.042 28.735 28.3747 31.7602 27.5137 27.0204 26.4931 25.94 25.37 24.9722 24.0913 23.2132 22.3517 21.5152 20.7096 19.9392 19.2069 18.5151 17.8652 17.2583 16.6949 16.1758 15.701 15.27 14.8824 14.5374 14.2343 13.9724 13.751 13.5692 13.4261 13.3189 13.2458 13.2063 13.2 13.2264 13.2849 13.3749 13.496 13.6477 13.8304 14.0431 14.2847 14.5543 14.8507 15.173 15.52 15.8905 16.2833 16.6973 17.131 17.5832 18.0524 18.5372 19.0361 19.5473 20.0693 20.6002 21.1382 21.6813 22.2276 22.7747 23.3206 23.8628 24.3988 24.9262 25.4423 25.9443 32.3043 26.8949 27.3378 27.7553 28.1448 28.5037 
29.0115 29.3513 29.5161 29.0821 28.6714 28.2858 27.9272 27.5974 27.2991 27.0347 26.8059 26.6144 26.4619 26.3499 26.2802 26.2543 26.2741 26.3412 26.4575 26.6249 26.8451 27.1199 27.4512 27.841 28.2913 28.8042 29.3811 30.022 29.101 28.7349 28.3222 27.8668 27.3732 26.8477 26.2981 25.7332 25.1624 24.3736 23.4876 22.6192 21.7763 20.9644 20.1877 19.4493 18.7512 18.0952 17.4823 16.9139 16.39 15.9104 15.4747 15.0824 14.7329 14.4254 14.1594 13.9342 13.7489 13.6028 13.4943 13.4205 13.3807 13.3745 13.4014 13.4609 13.5524 13.6754 13.8293 14.0139 14.2291 14.4737 14.7468 15.0474 15.3742 15.7263 16.1024 16.5013 16.9218 17.3625 17.8222 18.2995 18.7928 19.3006 19.8213 20.3531 20.8944 21.4432 21.9975 22.5554 23.1146 23.673 24.2281 24.7774 25.3184 25.8485 26.3647 26.8644 27.3445 27.8022 28.2345 28.6385 29.0115 
29.5195 29.8734 30.175 29.7283 29.305 28.9073 28.5368 28.1968 27.8899 27.6176 27.3817 27.1838 27.0255 26.9085 26.8344 26.805 26.8218 26.8868 27.0015 27.168 27.3879 27.6631 27.9954 28.3869 28.8395 29.3551 29.9358 30.5832 31.2971 29.1088 28.6916 28.2336 27.7395 27.2154 26.669 26.4468 25.544 24.653 23.7592 22.8839 22.0344 21.2162 20.4333 19.6886 18.9843 18.3226 17.7049 17.1317 16.6031 16.1188 15.6785 15.2816 14.9276 14.6159 14.3458 14.1167 13.928 13.7789 13.6685 13.5939 13.5539 13.5478 13.5752 13.6357 13.7287 13.8536 14.0099 14.1969 14.4145 14.6622 14.9389 15.2435 15.575 15.9321 16.3138 16.7187 17.1457 17.5935 18.0607 18.5458 19.0474 19.5641 20.094 20.6356 21.1871 21.7467 22.3122 22.8817 23.4529 24.0237 24.5917 25.1543 25.709 26.253 26.7836 27.2979 27.7929 28.2656 28.7129 29.1318 29.5195 
30.0272 30.3958 30.7277 30.3802 29.944 29.5335 29.1522 28.8029 28.4874 28.2072 27.9641 27.7597 27.5956 27.4735 27.3951 27.362 27.3759 27.4385 27.5517 27.7173 27.9369 28.2124 28.6993 28.9387 29.3934 29.9118 30.4742 30.1978 29.871 29.4955 29.0745 28.6139 28.1191 27.5963 27.0527 26.7464 25.8369 24.9269 24.0274 23.1454 22.2894 21.4648 20.6756 19.9247 19.2151 18.5486 17.9262 17.3484 16.8151 16.3262 15.8814 15.48 15.1216 14.8056 14.5314 14.2986 14.1065 13.9543 13.8415 13.7662 13.7258 13.7198 13.7478 13.8093 13.9037 14.0306 14.1892 14.3791 14.5995 14.8503 15.1305 15.4392 15.7753 16.1375 16.5247 16.9357 17.3692 17.8239 18.2985 18.7915 19.3014 19.8268 20.3659 20.9171 21.4787 22.0487 22.6252 23.2063 23.7895 24.3727 24.9535 25.5293 26.0976 26.6557 27.2007 27.7297 28.2396 28.7275 29.1901 29.6243 30.0272 
30.5339 30.9178 31.2644 31.0375 30.5877 30.1656 29.7743 29.4157 29.0914 28.8033 28.5529 28.342 28.1721 28.0449 27.9621 27.9253 27.9362 27.9965 28.108 28.2726 28.4919 28.7676 29.3122 29.4963 29.9532 30.4742 30.8932 30.608 32.4411 29.8944 29.4705 29.0076 28.5119 27.99 27.9363 27.0314 26.1109 25.1945 24.2901 23.4036 22.5411 21.7101 20.9146 20.1586 19.4442 18.7731 18.1461 17.5636 17.0259 16.5325 16.0831 15.677 15.314 14.9938 14.7157 14.4793 14.284 14.129 14.0138 13.9372 13.8965 13.8906 13.9192 13.9817 14.0776 14.2064 14.3674 14.5601 14.7844 15.0378 15.3216 15.6344 15.975 16.3423 16.7351 17.1521 17.5921 18.0537 18.5357 19.0365 19.5547 20.0888 20.637 21.1978 21.7693 22.3497 22.9371 23.5293 24.1243 24.7198 25.3133 25.9023 26.4842 27.0563 27.6157 28.1594 28.6844 29.1876 29.6657 30.1155 30.5339 
31.0391 31.4388 31.8008 31.6998 31.2373 30.8044 30.403 30.035 29.702 29.4059 29.1482 28.9307 28.755 28.6226 28.5353 28.4948 28.5026 28.5606 28.6705 28.834 29.0528 29.3288 29.8268 30.0597 30.6443 31.0423 31.325 31.0303 30.6904 30.3052 29.8782 29.4137 28.9176 28.3964 28.2309 27.3065 26.3782 25.4562 24.5473 23.6569 22.7892 21.952 21.1514 20.3906 19.6716 18.9959 18.3644 17.7775 17.2351 16.7366 16.2821 15.8713 15.5038 15.1793 14.8975 14.6577 14.4593 14.3019 14.1845 14.1065 14.0657 14.0602 14.0894 14.153 14.2503 14.381 14.5445 14.74 14.967 15.2246 15.5122 15.8291 16.1743 16.5467 16.945 17.368 17.8144 18.283 18.7723 19.2809 19.8073 20.35 20.9073 21.4775 22.0589 22.6497 23.2476 23.8508 24.4569 25.0639 25.6695 26.2714 26.8668 27.4532 28.0275 28.5866 29.1269 29.6455 30.1392 33.7782 31.0391 
31.5424 31.9582 32.3361 32.3674 31.8934 31.4497 31.0382 30.6608 30.3191 30.0149 29.7499 29.5257 29.3441 29.2065 29.1148 29.0704 29.1443 29.1977 29.2389 29.4013 29.6196 29.8957 30.3473 30.6289 31.0897 31.6159 31.7696 31.4645 31.118 30.7279 30.2975 29.8311 29.3343 29.4293 28.5084 27.5741 26.6392 25.7122 24.7991 23.9048 23.0337 22.1915 21.3862 20.6207 19.8971 19.2169 18.5809 17.989 17.4412 16.9376 16.4781 16.0626 15.6908 15.3623 15.0767 14.8336 14.6325 14.4726 14.3533 14.2738 14.2329 14.2277 14.2578 14.3227 14.4218 14.5545 14.7205 14.9189 15.1491 15.4105 15.7022 16.0233 16.3731 16.7505 17.1544 17.5834 18.0362 18.5117 19.0083 19.5246 20.0591 20.6104 21.1767 21.7563 22.3472 22.9476 23.5555 24.1689 24.7857 25.4038 26.0208 26.6346 27.2427 27.8426 28.4313 29.0061 29.5636 30.0999 30.6104 31.0921 31.5424 
32.0433 32.4754 32.8697 33.0417 32.5561 32.1016 31.8967 31.293 30.9425 30.6302 30.3579 30.127 29.9394 29.7966 29.7003 29.6521 29.6538 29.7445 29.8133 29.9745 30.2378 30.4685 30.862 31.2688 31.6664 32.1951 32.2267 31.9112 31.5574 31.1622 30.7281 30.2595 29.7616 29.2407 28.7773 27.8351 26.8945 25.9627 25.0455 24.1478 23.2744 22.4288 21.6188 20.8487 20.1206 19.4358 18.7944 18.197 17.644 17.1353 16.6711 16.251 15.8749 15.5425 15.2534 15.0072 14.8033 14.6411 14.52 14.4392 14.3978 14.3932 14.4243 14.4905 14.5913 14.7263 14.8949 15.0963 15.33 15.5952 15.8911 16.2168 16.5714 16.9539 17.3633 17.7982 18.2575 18.7398 19.2436 19.7676 20.3102 20.8698 21.4447 22.033 22.633 23.2427 23.8603 24.4837 25.1108 25.7395 26.3676 26.9928 27.6128 28.2251 28.8272 29.4164 29.9894 30.5431 31.0736 31.5759 32.0433 
32.5372 32.99 33.4009 33.7224 33.2253 32.7599 32.513 31.9316 31.5723 31.2519 30.9721 30.7346 30.5409 30.3928 30.292 30.2399 30.2376 30.2838 30.3868 30.5484 30.7707 31.0557 31.4054 31.8221 32.2486 32.7797 32.6963 32.3705 32.0083 31.6078 31.1699 30.6986 30.1993 29.9826 29.0389 28.0899 27.144 26.2077 25.2869 24.3867 23.5113 22.6637 21.849 21.0745 20.3416 19.6512 19.0043 18.4016 17.8433 17.3298 16.8608 16.4364 16.0562 15.72 15.4275 15.1783 14.9718 14.8076 14.6848 14.6028 14.5607 14.5568 14.5888 14.6564 14.7591 14.8964 15.0676 15.2721 15.5094 15.7785 16.0787 16.4091 16.7688 17.1567 17.5717 18.0126 18.4783 18.9673 19.4782 20.0097 20.56 21.1275 21.7106 22.3075 22.9163 23.5352 24.1622 24.7953 25.4324 26.0713 26.71 27.3462 27.9776 28.6017 29.2161 29.8184 30.4057 30.9749 31.5226 32.0451 32.5372 
33.0117 33.4916 33.9292 34.3159 33.9009 33.4246 33.1355 32.5765 32.2083 31.8797 31.5925 31.3482 31.1485 30.9851 30.8661 30.7992 30.7861 30.8288 30.929 31.0885 31.3093 31.5934 31.9429 32.3599 32.8363 33.3697 33.1783 32.8423 32.4712 32.0646 31.6225 32.0944 31.1862 30.1242 29.2952 28.339 27.388 26.4478 25.5243 24.6219 23.7444 22.895 22.0769 21.2974 20.5589 19.8629 19.2105 18.6025 18.0393 17.5209 17.0475 16.6187 16.2346 15.8948 15.599 15.347 15.1381 14.9718 14.8475 14.7645 14.7218 14.7183 14.7515 14.8206 14.9252 15.0648 15.2387 15.4464 15.6872 15.9602 16.2648 16.5999 16.9647 17.358 17.7788 18.2259 18.698 19.1937 19.7116 20.2503 20.8082 21.3836 21.9748 22.58 23.1975 23.8253 24.4614 25.1039 25.7507 26.3996 27.0486 27.6953 28.3375 28.9728 29.5989 30.2133 30.8134 31.3965 31.9597 32.4993 33.0117 
33.4712 33.9703 34.4361 34.8576 34.7738 34.0956 33.7641 33.2276 32.8505 32.5473 32.2282 31.9552 31.7298 31.5535 31.4283 31.356 31.3384 31.3774 31.4746 31.6322 31.8519 32.1358 32.4856 32.9032 33.3906 33.9501 33.6724 33.3265 32.9466 32.5327 32.0858 32.381 31.4583 30.5093 29.5474 28.5835 27.6271 26.6839 25.7578 24.8532 23.9738 23.1226 22.9055 21.5164 20.7722 20.0707 19.413 18.7999 18.2318 17.7088 17.2309 16.798 16.4101 16.0668 15.768 15.5132 15.302 15.134 15.0083 14.9243 14.8812 14.8781 14.9124 14.9831 15.0897 15.2316 15.4084 15.6192 15.8636 16.1406 16.4495 16.7894 17.1592 17.558 17.9846 18.4378 18.9163 19.4187 19.9437 20.4896 21.055 21.6381 22.2372 22.8507 23.4766 24.1131 24.7582 25.4098 26.066 26.7245 27.3833 28.0402 28.6928 29.3391 29.9769 30.6035 31.2163 31.8124 32.389 32.9431 33.4712 
33.9252 34.4389 34.9208 35.3675 35.2711 34.7729 34.3989 33.8849 33.4989 33.1521 32.8242 32.5425 32.309 32.1255 31.994 31.9163 31.894 31.9291 32.0234 32.1788 32.3972 32.6806 33.0309 33.45 33.9395 34.501 34.1785 33.8228 33.4343 33.0131 33.5585 32.661 31.725 30.7657 29.7953 28.8246 27.8626 27.0214 25.9875 25.0808 24.1994 23.346 22.522 21.7312 20.9815 20.2746 19.6117 18.9936 18.4207 17.8932 17.4111 16.9743 16.5827 16.2361 15.9343 15.677 15.4637 15.294 15.1671 15.0823 15.0389 15.0361 15.0716 15.144 15.2526 15.397 15.5766 15.7907 16.0387 16.3197 16.633 16.9775 17.3525 17.7567 18.189 18.6483 19.1332 19.6423 20.1742 20.7274 21.3002 21.8911 22.4981 23.1197 23.7539 24.3988 25.0526 25.7131 26.3784 27.0463 27.7146 28.3814 29.045 29.7029 30.3525 30.9914 31.6166 32.2255 32.8153 33.3828 33.9252 
34.3751 34.9031 35.3998 35.8617 36.0967 35.4563 35.0398 34.5484 34.1449 33.762 33.4242 33.1336 32.892 32.7014 32.5636 32.4803 32.4534 32.4845 32.5757 32.7288 32.9457 33.2285 33.579 33.999 34.4905 35.0313 34.6966 34.3311 33.934 33.5056 33.8482 32.9347 31.9866 31.0176 30.0397 29.0628 28.0952 27.1443 26.2134 25.3046 24.421 23.5644 22.7372 21.9419 21.1867 20.4746 19.8066 19.1837 18.6062 18.0745 17.5886 17.1483 16.7532 16.4033 16.0985 15.8386 15.6232 15.4519 15.324 15.2386 15.195 15.1924 15.2293 15.3034 15.4141 15.5611 15.7435 15.9609 16.2126 16.4976 16.8153 17.1646 17.5446 17.9542 18.3923 18.8576 19.3488 19.8646 20.4034 20.9637 21.5439 22.1424 22.7573 23.3869 24.0293 24.6826 25.3448 26.014 26.6881 27.3651 28.0432 28.7208 29.3954 30.0646 30.726 31.3768 32.0143 32.6359 33.2385 33.8192 34.3751 
34.8214 35.363 35.8739 37.2214 36.6662 36.2073 35.6866 35.2071 34.7696 34.3759 34.0283 33.7287 33.4792 33.2814 33.1372 33.0484 33.0166 33.0437 33.1317 33.2824 33.4977 33.7797 34.1301 34.551 35.0441 35.5716 35.2263 34.8512 34.4457 34.01 33.5458 33.2024 32.2433 31.2659 30.281 29.2979 28.3249 27.3691 26.4355 25.5243 24.6375 23.7777 24.2645 22.1484 21.3879 20.6706 19.9977 19.3702 18.7889 18.2538 17.7646 17.3209 16.9226 16.5695 16.2616 15.9989 15.7812 15.608 15.479 15.3931 15.3495 15.3474 15.3855 15.4614 15.5743 15.7238 15.9093 16.13 16.3854 16.6745 16.9965 17.3506 17.7357 18.1508 18.5946 19.0659 19.5634 20.0857 20.6313 21.1986 21.7862 22.3921 23.0147 23.6522 24.3027 24.9643 25.635 26.3127 26.9955 27.6819 28.3704 29.0585 29.744 30.4244 31.0972 31.7597 32.4094 33.0432 33.6585 34.2522 34.8214 
35.2638 35.8187 36.3432 36.8343 37.2886 36.8416 36.3393 35.8475 35.3983 34.994 34.6367 34.3283 34.0707 33.8657 33.7151 33.6206 33.584 33.6071 33.6918 33.84 34.0535 34.3344 34.6846 35.106 35.6005 36.1233 35.7675 35.383 34.969 35.3043 34.4055 33.465 32.4961 31.5106 30.5189 29.5299 28.5516 27.591 26.6536 25.7391 24.849 23.9861 23.1527 22.3507 21.585 20.8627 20.1853 19.5543 18.9698 18.4316 17.9391 17.4922 17.0906 16.7344 16.4236 16.1583 15.9383 15.7633 15.6328 15.5461 15.5026 15.501 15.5402 15.6181 15.7333 15.8855 16.074 16.2981 16.5572 16.8504 17.1769 17.5358 17.926 18.3464 18.7959 19.2732 19.7769 20.3057 20.8581 21.4324 22.0271 22.6404 23.2706 23.9159 24.5743 25.244 25.9229 26.6091 27.3011 27.9975 28.6961 29.3945 30.0907 30.7821 31.4661 32.1402 32.8017 33.4476 34.0753 34.6817 35.2638 
35.7024 36.2702 36.9878 37.3126 37.7811 37.5418 36.9964 36.4921 36.0314 35.6165 35.2495 34.9323 34.6667 34.4547 34.2978 34.1979 34.1566 34.1757 34.2571 34.4026 34.6142 34.8938 35.2433 35.6647 36.1601 36.6861 36.3201 35.9262 36.4493 35.5883 34.6749 33.723 32.7449 31.7518 30.7534 29.7587 28.7753 27.8097 26.8668 25.949 25.0557 24.1896 23.3531 22.5481 21.7779 21.0512 20.3706 19.7365 19.1489 18.6076 18.1121 17.6621 17.2574 16.8982 16.5846 16.3168 16.0946 15.9179 15.786 15.6985 15.6545 15.6533 15.6938 15.7736 15.8912 16.0461 16.2377 16.4653 16.7282 17.0255 17.3565 17.7202 18.1155 18.5413 18.9965 19.4797 19.9896 20.5249 21.0839 21.6651 22.2669 22.8875 23.5251 24.178 24.8442 25.5218 26.2088 26.9036 27.6052 28.3113 29.02 29.7289 30.4356 31.1377 31.8328 32.5181 33.1912 33.849 34.4888 35.1076 35.7024 
36.1369 36.7173 37.268 37.7858 38.2678 38.2165 37.6577 37.1411 36.6691 36.2437 35.867 35.5411 35.2679 35.049 34.886 34.7806 34.7346 34.7497 34.8277 34.9706 35.1802 35.4584 35.8071 36.2284 36.7242 37.26 36.8839 36.4806 36.7436 35.8657 34.9392 33.9766 32.9898 31.9893 30.9846 29.9843 28.9955 28.024 27.0756 26.1539 25.2575 24.3883 23.5488 22.7409 21.9673 21.2374 20.5537 19.9166 19.3262 18.782 18.2835 17.8305 17.4229 17.0608 16.7446 16.4744 16.2502 16.0717 15.9386 15.8504 15.8061 15.8051 15.8463 15.928 16.0481 16.2058 16.4006 16.6317 16.8984 17.2 17.5355 17.9039 18.3043 18.7356 19.1964 19.6856 20.2017 20.7433 21.3089 21.8969 22.5057 23.1335 23.7785 24.4388 25.1126 25.7979 26.493 27.1968 27.9077 28.6234 29.342 30.061 30.7782 31.4911 32.1971 32.8936 33.5779 34.2473 34.8989 35.5298 36.1369 
36.5674 37.16 37.7232 38.2537 38.7487 38.8955 38.3236 37.7948 37.3114 36.8756 36.4897 36.1555 35.8747 35.6488 35.4796 35.3687 35.3179 35.3289 35.4036 35.5438 35.7513 36.0281 36.376 36.7971 37.2932 37.8447 38.518 37.8649 36.6073 36.1371 35.1983 34.2258 33.2307 32.2231 31.2124 30.206 29.2111 28.234 27.2802 26.3541 25.4545 24.5823 23.7398 22.9293 22.1542 21.4212 20.7346 20.0948 19.5016 18.9547 18.4534 17.9976 17.5871 17.2223 16.9035 16.631 16.4049 16.2249 16.0908 16.0018 15.9574 15.9566 15.9986 16.0819 16.2043 16.3648 16.5628 16.7975 17.0681 17.3739 17.7139 18.0872 18.4928 18.9294 19.3959 19.8909 20.4132 20.9611 21.5333 22.1281 22.7437 23.3785 24.0307 24.6984 25.3797 26.0726 26.7761 27.4888 28.2087 28.9339 29.6621 30.391 31.1184 31.8418 32.5586 33.2662 33.9617 34.6425 35.3056 35.9482 36.5674 
36.9937 37.5982 38.1734 38.7163 39.2238 39.5791 38.9942 38.4532 37.9587 37.513 37.1181 36.7755 36.4869 36.254 36.0785 35.9621 35.9064 35.9134 35.9846 36.1221 36.3275 36.6028 36.95 37.3708 37.8672 38.44 38.9464 37.6222 37.1753 36.4028 35.4527 34.4708 33.4677 32.4533 31.4358 30.4231 29.4224 28.4397 27.4805 26.5496 25.6469 24.7716 23.9264 23.1147 22.3385 21.6027 20.9134 20.2709 19.6752 19.1256 18.6218 18.1632 17.7501 17.3827 17.0615 16.7868 16.5589 16.3775 16.2424 16.1529 16.1084 16.108 16.1509 16.2358 16.3603 16.5234 16.7244 16.9627 17.2373 17.5474 17.892 18.2702 18.6808 19.1229 19.595 20.0959 20.6243 21.1786 21.7572 22.3586 22.9811 23.6228 24.2821 24.957 25.6455 26.3462 27.0581 27.7795 28.5084 29.2427 29.9804 30.719 31.4564 32.19 32.9173 33.6357 34.3423 35.0343 35.7088 36.3629 36.9937 
37.4158 38.0318 38.6186 39.1733 39.6929 40.1744 39.6695 39.1166 38.6115 38.156 37.752 37.4009 37.1045 36.8646 36.6827 36.5607 36.5002 36.503 36.5708 36.7054 36.9088 37.1826 37.5288 37.9494 38.446 39.0207 38.6397 38.209 37.5827 36.6629 35.7022 34.7114 33.7006 32.6787 31.6545 30.6356 29.6291 28.6409 27.6765 26.7406 25.8346 24.9565 24.1097 23.2969 22.52 21.7819 21.09 20.4451 19.8469 19.2949 18.7886 18.3275 17.9118 17.542 17.2185 16.9418 16.7122 16.5295 16.3936 16.3037 16.2593 16.2594 16.3032 16.3896 16.5164 16.6821 16.8861 17.1278 17.4062 17.7206 18.0698 18.4529 18.8687 19.3162 19.794 20.3008 20.8352 21.3957 21.9808 22.5888 23.2179 23.8666 24.5328 25.2147 25.9105 26.6191 27.3393 28.0692 28.8068 29.5501 30.2969 31.045 31.7921 32.5357 33.2732 34.002 34.7193 35.4224 36.1081 36.7736 37.4158 
37.8334 38.4608 39.0588 39.6249 40.156 40.6491 40.3498 39.7856 39.2699 38.8046 38.3913 38.0316 37.7275 37.4804 37.2922 37.1646 37.0992 37.0977 37.162 37.2938 37.495 37.7673 38.1126 38.5328 39.0297 39.6051 39.2457 38.7312 37.8494 36.9178 35.9471 34.9474 33.9284 32.8993 31.8685 30.8435 29.8313 28.8378 27.8683 26.9275 26.0179 25.1378 24.2899 23.4763 22.6985 21.9587 21.2644 20.6172 20.0168 19.4626 18.9539 18.4904 18.0723 17.7002 17.3745 17.096 16.8649 16.6811 16.5444 16.4542 16.41 16.4108 16.4556 16.5436 16.6726 16.8411 17.0481 17.2932 17.5754 17.8938 18.2476 18.6356 19.0566 19.5095 19.9929 20.5055 21.046 21.6127 22.2042 22.8187 23.4545 24.1099 24.7829 25.4718 26.1749 26.8914 27.6197 28.3579 29.104 29.856 30.6118 31.3691 32.1257 32.8789 33.6263 34.3653 35.093 35.8066 36.5033 37.1799 37.8334 
38.246 38.8845 39.4938 40.0709 40.6129 41.1171 41.0356 40.4601 39.9339 39.4586 39.0359 38.6677 38.3557 38.1015 37.9069 37.7735 37.7032 37.6975 37.7583 37.8872 38.0861 38.3568 38.7012 39.121 39.6181 40.1941 39.8421 39.4132 38.1104 37.1674 36.1865 35.1778 34.151 33.1149 32.0777 31.0469 30.0291 29.0303 28.1829 27.1102 26.1975 25.3162 24.4673 23.6528 22.8743 22.1333 21.4367 20.7874 20.1849 19.6285 19.1177 18.652 18.2317 17.8573 17.5297 17.2495 17.0169 16.8322 16.6949 16.6046 16.5607 16.5622 16.6083 16.6978 16.8292 17.0004 17.2106 17.4591 17.745 18.0676 18.4257 18.8185 19.2446 19.7029 20.192 20.7105 21.2569 21.8298 22.4276 23.0485 23.6909 24.353 25.0328 25.7284 26.439 27.1632 27.8994 28.6457 29.4001 30.1607 30.9252 31.6915 32.4572 33.2198 33.9768 34.7256 35.4633 36.1872 36.8943 37.5816 38.246 
38.6537 39.3027 39.9228 40.5108 41.0637 41.5784 41.727 41.1403 40.6033 40.1179 39.6859 39.309 38.9891 38.7277 38.5267 38.3876 38.3123 38.3023 38.3594 38.4855 38.6821 38.9512 39.2945 39.7139 40.2111 40.7879 40.1241 39.2728 38.365 37.4108 36.4202 35.403 34.3686 33.3257 32.2823 31.2456 30.2224 29.2189 28.4508 27.2894 26.3741 25.4916 24.6417 23.8428 23.0473 22.3055 21.6069 20.9556 20.3512 19.7929 19.28 18.8123 18.3899 18.0135 17.6841 17.4023 17.1685 16.9829 16.8452 16.7549 16.7114 16.7138 16.7612 16.8525 16.9863 17.1602 17.3736 17.6255 17.9153 18.242 18.6045 19.0019 19.4331 19.8966 20.3913 20.9157 21.4681 22.0472 22.6512 23.2785 23.9274 24.596 25.2824 25.9849 26.7028 27.4346 28.1786 28.9328 29.6953 30.4642 31.2372 32.0122 32.7867 33.5584 34.3247 50.3621 35.8304 36.5642 37.2814 37.9789 38.6537 
39.0566 39.7157 40.346 40.9443 41.5075 42.0327 42.424 41.8258 41.278 40.7825 40.3411 39.9555 39.6276 39.359 39.1515 39.0067 38.9263 38.912 38.9655 39.0886 39.2829 39.5503 39.8926 40.3115 40.8088 41.1998 40.3984 39.533 38.613 37.6482 36.6483 35.623 34.5812 33.5317 32.4822 31.4399 30.4114 29.4025 28.4189 27.4659 26.5478 25.6643 24.8135 23.9975 23.2178 22.4755 21.775 21.1219 20.5157 19.9556 19.4409 18.9713 18.5469 18.1688 17.8377 17.5545 17.3196 17.1333 16.9953 16.9052 16.8623 16.8657 16.9145 17.0077 17.1438 17.3207 17.5372 17.7927 18.0864 18.4172 18.7842 19.1863 19.6224 20.0911 20.5913 21.1213 21.6797 22.2649 22.8751 23.5088 24.1641 24.8391 25.5321 26.2415 26.9666 27.7058 28.4573 29.2193 29.9897 30.7666 31.5479 32.3313 33.1145 33.8949 34.6702 35.4376 36.1944 36.9376 37.6644 38.3718 39.0566 
39.4547 40.1234 40.7633 41.3713 41.9443 42.5932 42.973 42.5167 41.958 41.4523 41.0014 40.6072 40.2713 39.9955 39.7814 39.6308 39.5453 39.5266 39.5764 39.6965 39.8885 40.1542 40.4953 40.9137 41.411 41.481 40.6646 39.7861 38.8546 37.8797 36.871 35.8379 34.7889 33.7329 32.6775 31.6297 30.596 29.5827 28.5958 27.6398 26.7189 25.8342 24.9826 24.1659 23.3857 22.6431 21.9411 21.2863 20.6785 20.1168 19.6004 19.129 18.703 18.3231 17.9906 17.7061 17.4704 17.2835 17.1454 17.0556 17.0134 17.0179 17.0683 17.1634 17.3021 17.4819 17.7017 17.9608 18.2584 18.5934 18.9648 19.3717 19.8127 20.2867 20.7922 21.3278 21.892 22.4832 23.0996 23.7395 24.4011 25.0826 25.782 26.4983 27.2305 27.977 28.7358 29.5053 30.2834 31.0682 31.8575 32.649 33.4405 34.2295 35.0134 35.7896 36.5553 37.3077 38.0437 38.7604 39.4547 
39.8481 40.5259 41.1749 41.7921 42.3742 42.9181 43.4209 43.2127 42.6432 42.1273 41.6669 41.2639 40.92 40.6369 40.4163 40.2598 40.1692 40.146 40.1921 40.3091 40.4987 40.7626 41.1026 41.5204 42.0177 41.7537 40.9234 40.0325 39.0901 38.1056 37.0883 36.0475 34.9918 33.9295 32.8683 31.8151 30.9611 29.7601 28.77 27.8112 26.8877 26.0015 25.1491 24.3318 23.5512 22.8083 22.1052 21.4489 20.8395 20.2758 19.7575 19.2845 18.8573 18.4764 18.1428 17.8573 17.6208 17.4336 17.2955 17.2061 17.1648 17.1706 17.2227 17.3199 17.4611 17.6439 17.8671 18.1299 18.4314 18.7706 19.1466 19.5582 20.0042 20.4834 20.9942 21.5354 22.1053 22.7023 23.3248 23.9709 24.6388 25.3265 26.0323 26.7555 27.4946 28.2481 29.0142 29.791 30.5767 31.369 32.166 32.9655 33.765 34.5621 35.3544 36.139 36.9133 37.6744 38.4193 39.1449 39.8481 
42.9201 40.9234 41.581 42.2067 42.7972 43.3495 43.8604 43.914 43.3335 42.8074 42.3375 41.9257 41.5737 41.2833 41.056 40.8937 40.7978 40.7702 40.8125 40.9264 41.1135 41.3756 41.7144 42.1316 42.6288 42.0185 41.175 40.2724 39.3197 38.326 37.3005 36.2523 35.1899 34.1215 33.0547 31.9968 30.9549 29.9348 28.9416 27.98 27.054 26.1662 25.3132 24.4954 23.7145 22.9713 22.2674 21.6093 20.9977 20.4321 19.9122 19.4378 19.0095 18.6279 18.2938 18.0081 17.7711 17.5837 17.4458 17.357 17.3167 17.3239 17.3778 17.4773 17.6211 17.807 18.0336 18.3001 18.6056 18.9491 19.3297 19.7461 20.1971 20.6814 21.1976 21.7443 22.3199 22.9227 23.5511 24.2032 24.8772 25.5712 26.2834 27.0132 27.7591 28.5196 29.2927 30.0766 30.8695 31.6693 32.4738 33.2808 34.0881 34.8931 35.6933 36.4861 37.2686 38.038 38.7912 39.5253 42.9201 
40.6218 41.3161 41.9817 42.6153 43.2136 43.7735 44.2918 44.6203 44.0289 43.4926 43.0132 42.5925 42.2324 41.9346 41.7007 41.5323 41.4313 41.3992 41.4376 41.5483 41.7329 41.9932 42.3307 42.7472 43.0656 42.2757 41.4198 40.5062 39.5435 38.5409 37.5075 36.4522 35.3833 34.3091 33.2374 32.1756 31.1301 30.1067 29.1106 28.1464 27.218 26.3286 25.4749 24.6567 23.8755 23.1322 22.4271 21.7667 21.1531 20.5858 20.0644 19.5889 19.1597 18.7776 18.4434 18.1578 17.9212 17.7338 17.5963 17.5082 17.4691 17.4779 17.5338 17.6356 17.7821 17.9712 18.2013 18.4716 18.7812 19.129 19.5141 19.9353 20.3914 20.8809 21.4025 21.9548 22.536 23.1446 23.7787 24.4367 25.1167 25.8167 26.5352 27.2716 28.0242 28.7914 29.5713 30.3622 31.1622 38.7856 32.7808 33.5952 34.4099 35.2225 36.0304 36.8309 37.6213 38.3986 39.1598 39.9019 40.6218 
41.0023 41.7041 42.3772 43.0181 43.6236 44.1904 44.7154 45.1954 44.7294 44.1828 43.6938 43.2643 42.896 42.5907 42.3501 42.1758 42.0695 42.0328 42.0673 42.1748 42.3569 42.6152 42.9514 43.3671 43.3287 42.5258 41.6582 40.7339 39.7618 38.7507 37.7097 36.6474 35.5724 34.4931 33.4171 32.3514 31.3025 30.276 29.2771 28.3104 27.3798 26.4888 25.6345 24.8159 24.0345 23.2907 22.5838 21.9213 21.3058 20.737 20.2144 19.738 19.3082 18.9258 18.5916 18.3064 18.0705 17.884 17.7471 17.66 17.6222 17.6327 17.6907 17.7949 17.9443 18.1367 18.3703 18.6445 18.9582 19.3104 19.7002 20.1262 20.5873 21.0821 21.6091 22.1668 22.7537 23.368 24.008 24.6718 25.3577 26.0636 26.7883 27.531 28.2901 29.0638 29.8504 30.6481 31.4548 32.2686 33.0874 33.9088 34.7307 35.5573 36.3658 37.1737 37.9715 38.7564 39.5252 40.2749 41.0023 
41.3788 42.0877 42.7676 43.4153 44.0274 47.4363 45.1307 45.6116 45.4349 44.8779 44.3793 43.9409 43.5645 43.2517 43.0043 42.824 42.7123 42.671 42.7016 42.8058 42.9852 43.2416 43.5764 43.9914 43.5843 42.7692 41.8903 40.956 39.9747 38.9555 37.907 36.8383 35.7579 34.674 33.5939 32.5245 31.4722 30.4427 29.4412 28.4721 29.9095 26.6467 25.792 24.9731 24.1914 23.4461 22.7376 22.0731 21.4561 20.8859 20.3623 19.8852 19.455 19.0725 18.7386 18.454 18.2191 18.0339 17.8984 17.8124 17.776 17.7885 17.8487 17.9555 18.1078 18.3035 18.5409 18.8189 19.1368 19.4935 19.8879 20.3189 20.785 21.285 21.8174 22.3807 22.9732 23.5932 24.2389 24.9086 25.6002 26.3119 27.0428 27.7918 28.5572 29.3372 30.1303 30.9344 31.7477 32.5682 33.3936 34.2219 35.0507 35.8774 36.6997 37.5146 38.3196 39.1115 39.8875 40.6443 41.3788 
41.7515 42.467 43.1533 43.8072 44.4252 45.0028 47.4492 46.0118 46.1453 45.578 45.0698 44.6224 44.2378 43.9175 43.6633 43.4769 43.3598 43.3138 43.3404 43.4413 43.6181 43.8723 44.2058 44.59 43.8331 43.0062 42.1166 41.1726 40.1826 39.1554 38.1003 37.0258 35.9404 34.8519 33.7678 32.6949 31.6394 30.6071 29.603 28.6317 27.6972 26.8027 25.9475 25.1283 24.3455 23.5987 22.8886 22.2224 21.604 21.0327 20.5083 20.0307 19.6004 19.218 18.8846 18.6009 18.3671 18.1835 18.0498 17.9656 17.9308 17.9453 18.0079 18.1175 18.2728 18.472 18.713 18.9951 19.3172 19.6784 20.0776 20.5134 20.9847 21.49 22.0277 22.5965 23.1946 23.8203 24.4717 25.1471 25.8445 26.5621 27.299 28.0541 28.8256 29.6119 30.4112 31.2217 32.0413 32.8682 33.7002 34.5349 35.3702 36.2036 37.0324 37.854 38.6656 39.4642 40.2469 41.0104 41.7515 
42.1208 42.8422 43.5344 44.1939 44.8164 45.394 45.9227 46.3991 46.8197 46.283 45.7651 45.3088 44.9158 44.588 44.3269 44.1344 44.0119 43.9611 43.9837 44.0812 44.2552 44.5074 44.8394 44.8444 44.0753 43.2372 42.3373 41.3839 40.3857 49.5195 38.2901 37.2102 36.1199 35.027 33.939 32.8627 31.8041 30.7691 29.7626 28.7893 30.2711 26.9569 26.1012 25.2814 24.4969 23.7485 23.037 22.3694 21.7497 21.1775 20.6525 20.1747 19.7444 19.3625 19.0298 18.7471 18.5147 18.3328 18.2012 18.1193 18.0867 18.1033 18.1684 18.2809 18.4395 18.6421 18.887 19.1731 19.4996 19.8653 20.2692 20.71 21.1864 21.697 22.2402 22.8145 23.4181 24.0495 24.7066 25.3877 26.0908 26.8141 27.557 28.3181 29.0956 29.888 30.6934 31.51 32.3358 33.1689 34.0071 34.8481 35.6897 36.5293 37.3644 38.1924 39.0102 39.8151 40.604 41.3736 42.1208 
42.4872 43.214 43.9114 44.5756 45.1987 45.7754 46.3022 48.2274 47.5809 46.9928 46.4652 45.9998 45.5986 45.2631 44.9952 44.7964 44.6685 44.6129 44.6314 44.7254 44.8967 45.1468 45.4772 45.092 44.3113 43.4624 42.5529 41.591 40.5851 39.5442 38.4768 37.3915 36.2964 35.1994 34.1077 33.028 31.9665 30.9289 29.9202 28.9448 28.0068 27.1094 26.2531 25.4317 24.6456 23.8959 23.1831 22.5141 21.8934 21.3206 20.7952 20.3173 19.8874 19.5061 19.1744 18.8929 18.6621 18.4822 18.3527 18.2735 18.2436 18.2627 18.3305 18.4459 18.6078 18.8141 19.0628 19.3531 19.684 20.0544 20.4631 20.9089 21.3904 21.9063 22.4549 23.0347 23.644 24.2809 24.9437 25.6305 26.3393 27.0683 27.817 28.5839 29.3674 30.1656 30.977 31.7995 32.6313 33.4704 34.3145 35.1616 36.0092 36.8548 37.696 38.5299 39.3537 40.1645 40.9591 41.7345 42.4872 
42.8512 43.5829 44.285 44.951 45.5733 46.1485 46.6729 47.1429 47.5591 47.7075 47.1701 46.6957 46.286 45.9429 45.668 45.463 45.3295 45.2691 45.2834 45.374 45.5425 45.7903 46.0513 45.3335 44.5418 43.683 42.7644 41.7943 40.7811 39.7336 38.6604 37.5699 36.4703 35.3692 34.2739 33.191 32.1267 31.0866 30.0757 29.0986 28.159 27.2604 26.4026 25.5795 24.7919 24.0408 23.3269 22.6568 22.0353 21.462 20.9365 20.4588 20.0294 19.6489 19.3184 19.0385 18.8095 18.6317 18.5047 18.4282 18.4014 18.4235 18.4942 18.6128 18.7781 18.9881 19.2408 19.5353 19.8706 20.2457 20.6593 21.1101 21.5969 22.1181 22.6721 23.2574 23.8723 24.5148 25.1833 25.8757 26.59 27.3247 28.0791 28.8518 29.641 30.445 31.2621 32.0904 32.928 33.7728 34.6228 35.4756 36.3289 37.1803 38.0272 38.8668 39.6962 40.5125 41.3126 42.0933 42.8512 
43.2129 43.9491 44.6547 45.3204 45.9416 46.5147 47.0362 47.5042 47.92 48.2801 47.8797 47.3962 46.9781 46.6273 46.3455 46.1342 45.9951 45.9298 45.9398 46.0269 46.1924 46.438 46.2989 45.5699 44.7676 43.8992 42.9721 41.9941 40.9739 39.92 38.8412 37.7457 36.6416 35.5365 34.7182 33.3517 33.5662 31.2423 30.2295 29.2506 28.3097 27.4094 26.5497 25.725 24.936 24.1837 23.4686 22.7976 22.1756 21.6021 21.0767 20.5994 20.1706 19.7913 19.4622 19.184 18.9571 18.7816 18.6573 18.5837 18.5601 18.5857 18.6596 18.7816 18.9505 19.1643 19.421 19.7198 20.0597 20.4395 20.858 21.3139 21.8059 22.3324 22.892 23.4828 24.1032 24.7514 25.4254 26.1234 26.8432 27.5835 28.3436 29.1219 29.9167 30.7263 31.549 32.3829 33.2261 34.0765 34.9319 35.7903 36.6491 37.506 38.3582 39.2032 40.0379 40.8594 41.6646 42.4502 43.2129 
43.5725 44.3129 45.0196 45.6846 46.3043 46.8751 47.3936 47.8613 48.2762 48.6345 48.594 48.1013 47.6748 47.3163 47.0274 46.8097 46.665 46.5947 46.6005 46.684 46.8466 47.0898 46.5414 45.801 44.9884 44.1108 43.1757 42.1906 41.1635 40.1035 39.0192 37.9188 36.8104 35.7015 34.5993 33.5104 32.4409 31.3963 30.3815 29.4011 28.4585 27.5561 26.6946 25.8684 25.0781 24.3246 23.6086 22.9369 22.3148 21.7417 21.2167 20.7399 20.3117 19.9334 19.6059 19.3297 19.105 18.9321 18.8106 18.7401 18.72 18.7492 18.827 18.9524 19.1251 19.3427 19.6036 19.9068 20.2513 20.6359 21.0594 21.5204 22.0177 22.5496 23.1146 23.7109 24.3369 24.9907 25.6703 26.3738 27.0991 27.8449 28.6105 29.3943 30.1946 31.0097 31.8379 32.6772 33.5257 34.3814 35.2422 36.1058 36.9699 37.832 38.6894 39.5393 40.379 41.2054 42.0153 42.8055 43.5725 
43.9303 44.6739 45.3802 46.0442 46.6621 47.2303 47.7473 48.2145 48.6282 48.9843 49.2789 48.8111 48.3761 48.0098 47.7138 47.4897 47.3393 47.264 47.2655 47.3452 47.5048 47.4521 46.7784 46.027 45.2047 44.3184 43.3755 42.3836 41.3502 40.2843 39.1946 38.0895 36.9769 35.8644 34.7589 33.6672 32.5952 31.5485 30.532 29.55 29.9154 27.7007 26.8375 26.0099 25.2183 24.4638 23.7469 23.0753 22.4537 21.8811 21.3568 20.8806 20.4532 20.0758 19.7497 19.4757 19.2535 19.0834 18.9649 18.8978 18.8812 18.9143 18.9961 19.1255 19.302 19.5237 19.7888 20.0964 20.4456 20.835 21.2636 21.7298 22.2324 22.7697 23.3402 23.9421 24.5736 25.2329 25.9181 26.6271 27.3579 28.1092 28.8802 29.6694 30.475 31.2954 32.1288 32.9734 33.8271 34.6879 35.5538 36.4225 37.2915 38.1585 39.0207 39.8754 40.7198 41.5507 42.365 43.1593 43.9303 
