# Please cite arXiv:2008.xxxxx
# The chisq test statistic between a given point in parameter space and the data including pulls from Daya Bay and KamLAND and marginalization over the other four oscillation parameters and the sign of cos(delta) for a fixed MO
# The first two rows define the grid:
#   J
#   s23sq
# The remaining rows are the chisq test statistic where the first row is at the smallest value of the Jarlskog and at increasing values of s23sq. The remaining rows are increasing values of delta.
-0.04 -0.0392 -0.0384 -0.0376 -0.0368 -0.036 -0.0352 -0.0344 -0.0336 -0.0328 -0.032 -0.0312 -0.0304 -0.0296 -0.0288 -0.028 -0.0272 -0.0264 -0.0256 -0.0248 -0.024 -0.0232 -0.0224 -0.0216 -0.0208 -0.02 -0.0192 -0.0184 -0.0176 -0.0168 -0.016 -0.0152 -0.0144 -0.0136 -0.0128 -0.012 -0.0112 -0.0104 -0.0096 -0.0088 -0.008 -0.0072 -0.0064 -0.0056 -0.0048 -0.004 -0.0032 -0.0024 -0.0016 -0.0008 0 0.0008 0.0016 0.0024 0.0032 0.004 0.0048 0.0056 0.0064 0.0072 0.008 0.0088 0.0096 0.0104 0.0112 0.012 0.0128 0.0136 0.0144 0.0152 0.016 0.0168 0.0176 0.0184 0.0192 0.02 0.0208 0.0216 0.0224 0.0232 0.024 0.0248 0.0256 0.0264 0.0272 0.028 0.0288 0.0296 0.0304 0.0312 0.032 0.0328 0.0336 0.0344 0.0352 0.036 0.0368 0.0376 0.0384 0.0392 0.04 
0.3 0.304 0.308 0.312 0.316 0.32 0.324 0.328 0.332 0.336 0.34 0.344 0.348 0.352 0.356 0.36 0.364 0.368 0.372 0.376 0.38 0.384 0.388 0.392 0.396 0.4 0.404 0.408 0.412 0.416 0.42 0.424 0.428 0.432 0.436 0.44 0.444 0.448 0.452 0.456 0.46 0.464 0.468 0.472 0.476 0.48 0.484 0.488 0.492 0.496 0.5 0.504 0.508 0.512 0.516 0.52 0.524 0.528 0.532 0.536 0.54 0.544 0.548 0.552 0.556 0.56 0.564 0.568 0.572 0.576 0.58 0.584 0.588 0.592 0.596 0.6 0.604 0.608 0.612 0.616 0.62 0.624 0.628 0.632 0.636 0.64 0.644 0.648 0.652 0.656 0.66 0.664 0.668 0.672 0.676 0.68 0.684 0.688 0.692 0.696 0.7 
1e+10 1e+10 1e+10 1e+10 1e+10 1e+10 1e+10 1e+10 1e+10 1e+10 1e+10 1e+10 1e+10 1e+10 1e+10 1e+10 1e+10 1e+10 1e+10 1e+10 1e+10 1e+10 1e+10 1e+10 1e+10 1e+10 1e+10 1e+10 1e+10 1e+10 1e+10 1e+10 1e+10 1e+10 1e+10 1e+10 1e+10 1e+10 1e+10 1e+10 1e+10 1e+10 1e+10 1e+10 1e+10 1e+10 1e+10 1e+10 1e+10 1e+10 1e+10 1e+10 1e+10 1e+10 1e+10 1e+10 1e+10 1e+10 1e+10 1e+10 1e+10 1e+10 1e+10 1e+10 1e+10 1e+10 1e+10 1e+10 1e+10 1e+10 1e+10 1e+10 1e+10 1e+10 1e+10 1e+10 1e+10 1e+10 1e+10 1e+10 1e+10 1e+10 1e+10 1e+10 1e+10 1e+10 1e+10 1e+10 1e+10 1e+10 1e+10 1e+10 1e+10 1e+10 1e+10 1e+10 1e+10 1e+10 1e+10 1e+10 1e+10 
1e+10 1e+10 1e+10 1e+10 1e+10 1e+10 1e+10 1e+10 1e+10 1e+10 1e+10 1e+10 1e+10 1e+10 1e+10 1e+10 1e+10 1e+10 1e+10 1e+10 1e+10 1e+10 1e+10 1e+10 1e+10 1e+10 1e+10 1e+10 1e+10 1e+10 1e+10 1e+10 1e+10 1e+10 1e+10 1e+10 1e+10 1e+10 1e+10 1e+10 1e+10 1e+10 1e+10 1e+10 1e+10 1e+10 1e+10 1e+10 1e+10 1e+10 1e+10 1e+10 1e+10 1e+10 1e+10 1e+10 1e+10 1e+10 1e+10 1e+10 1e+10 1e+10 1e+10 1e+10 1e+10 1e+10 1e+10 1e+10 1e+10 1e+10 1e+10 1e+10 1e+10 1e+10 1e+10 1e+10 1e+10 1e+10 1e+10 1e+10 1e+10 1e+10 1e+10 1e+10 1e+10 1e+10 1e+10 1e+10 1e+10 1e+10 1e+10 1e+10 1e+10 1e+10 1e+10 1e+10 1e+10 1e+10 1e+10 1e+10 1e+10 
1e+10 1e+10 1e+10 1e+10 1e+10 1e+10 1e+10 1e+10 1e+10 1e+10 1e+10 1e+10 1e+10 1e+10 1e+10 1e+10 1e+10 1e+10 1e+10 1e+10 1e+10 1e+10 1e+10 1e+10 1e+10 1e+10 1e+10 1e+10 1e+10 1e+10 1e+10 1e+10 1e+10 1e+10 1e+10 1e+10 1e+10 1e+10 1e+10 1e+10 1e+10 1e+10 1e+10 1e+10 1e+10 1e+10 1e+10 1e+10 1e+10 1e+10 1e+10 1e+10 1e+10 1e+10 1e+10 1e+10 1e+10 1e+10 1e+10 1e+10 1e+10 1e+10 1e+10 1e+10 1e+10 1e+10 1e+10 1e+10 1e+10 1e+10 1e+10 1e+10 1e+10 1e+10 1e+10 1e+10 1e+10 1e+10 1e+10 1e+10 1e+10 1e+10 1e+10 1e+10 1e+10 1e+10 1e+10 1e+10 1e+10 1e+10 1e+10 1e+10 1e+10 1e+10 1e+10 1e+10 1e+10 1e+10 1e+10 1e+10 1e+10 
1e+10 1e+10 1e+10 1e+10 1e+10 1e+10 1e+10 1e+10 1e+10 1e+10 1e+10 1e+10 1e+10 1e+10 1e+10 1e+10 1e+10 1e+10 1e+10 1e+10 1e+10 1e+10 1e+10 1e+10 1e+10 1e+10 1e+10 1e+10 1e+10 1e+10 1e+10 1e+10 1e+10 1e+10 1e+10 1e+10 1e+10 1e+10 1e+10 1e+10 1e+10 1e+10 1e+10 1e+10 1e+10 1e+10 1e+10 1e+10 1e+10 1e+10 1e+10 1e+10 1e+10 1e+10 1e+10 1e+10 1e+10 1e+10 1e+10 1e+10 1e+10 1e+10 1e+10 1e+10 1e+10 1e+10 1e+10 1e+10 1e+10 1e+10 1e+10 1e+10 1e+10 1e+10 1e+10 1e+10 1e+10 1e+10 1e+10 1e+10 1e+10 1e+10 1e+10 1e+10 1e+10 1e+10 1e+10 1e+10 1e+10 1e+10 1e+10 1e+10 1e+10 1e+10 1e+10 1e+10 1e+10 1e+10 1e+10 1e+10 1e+10 
1e+10 1e+10 1e+10 1e+10 1e+10 1e+10 1e+10 1e+10 1e+10 1e+10 1e+10 1e+10 1e+10 1e+10 1e+10 1e+10 1e+10 1e+10 1e+10 1e+10 1e+10 1e+10 1e+10 1e+10 1e+10 1e+10 1e+10 1e+10 1e+10 1e+10 1e+10 1e+10 1e+10 1e+10 1e+10 1e+10 1e+10 1e+10 1e+10 1e+10 1e+10 1e+10 1e+10 1e+10 1e+10 1e+10 1e+10 1e+10 1e+10 1e+10 1e+10 1e+10 1e+10 1e+10 1e+10 1e+10 1e+10 1e+10 1e+10 1e+10 1e+10 1e+10 1e+10 1e+10 1e+10 1e+10 1e+10 1e+10 1e+10 1e+10 1e+10 1e+10 1e+10 1e+10 1e+10 1e+10 1e+10 1e+10 1e+10 1e+10 1e+10 1e+10 1e+10 1e+10 1e+10 1e+10 1e+10 1e+10 1e+10 1e+10 1e+10 1e+10 1e+10 1e+10 1e+10 1e+10 1e+10 1e+10 1e+10 1e+10 1e+10 
1e+10 1e+10 1e+10 1e+10 1e+10 1e+10 1e+10 1e+10 1e+10 1e+10 1e+10 1e+10 1e+10 1e+10 1e+10 1e+10 1e+10 1e+10 1e+10 1e+10 1e+10 1e+10 1e+10 1e+10 1e+10 1e+10 1e+10 1e+10 1e+10 1e+10 1e+10 1e+10 1e+10 1e+10 1e+10 1e+10 1e+10 1e+10 1e+10 1e+10 1e+10 1e+10 1e+10 1e+10 1e+10 1e+10 1e+10 1e+10 1e+10 1e+10 1e+10 1e+10 1e+10 1e+10 1e+10 1e+10 1e+10 1e+10 1e+10 1e+10 1e+10 1e+10 1e+10 1e+10 1e+10 1e+10 1e+10 1e+10 1e+10 1e+10 1e+10 1e+10 1e+10 1e+10 1e+10 1e+10 1e+10 1e+10 1e+10 1e+10 1e+10 1e+10 1e+10 1e+10 1e+10 1e+10 1e+10 1e+10 1e+10 1e+10 1e+10 1e+10 1e+10 1e+10 1e+10 1e+10 1e+10 1e+10 1e+10 1e+10 1e+10 
1e+10 1e+10 1e+10 1e+10 1e+10 1e+10 1e+10 1e+10 1e+10 1e+10 1e+10 1e+10 1e+10 1e+10 1e+10 1e+10 1e+10 1e+10 1e+10 1e+10 1e+10 1e+10 1e+10 1e+10 1e+10 1e+10 1e+10 1e+10 1e+10 1e+10 1e+10 1e+10 1e+10 1e+10 1e+10 1e+10 1e+10 1e+10 1e+10 1e+10 1e+10 1e+10 1e+10 1e+10 1e+10 1e+10 1e+10 1e+10 1e+10 1e+10 1e+10 1e+10 1e+10 1e+10 1e+10 1e+10 1e+10 1e+10 1e+10 1e+10 1e+10 1e+10 1e+10 1e+10 1e+10 1e+10 1e+10 1e+10 1e+10 1e+10 1e+10 1e+10 1e+10 1e+10 1e+10 1e+10 1e+10 1e+10 1e+10 1e+10 1e+10 1e+10 1e+10 1e+10 1e+10 1e+10 1e+10 1e+10 1e+10 1e+10 1e+10 1e+10 1e+10 1e+10 1e+10 1e+10 1e+10 1e+10 1e+10 1e+10 1e+10 
1e+10 1e+10 1e+10 1e+10 1e+10 1e+10 1e+10 1e+10 1e+10 1e+10 1e+10 1e+10 1e+10 1e+10 1e+10 1e+10 1e+10 1e+10 1e+10 1e+10 1e+10 1e+10 1e+10 1e+10 1e+10 1e+10 1e+10 1e+10 1e+10 1e+10 1e+10 1e+10 1e+10 1e+10 1e+10 1e+10 1e+10 1e+10 1e+10 1e+10 1e+10 1e+10 1e+10 1e+10 1e+10 1e+10 1e+10 1e+10 1e+10 1e+10 1e+10 1e+10 1e+10 1e+10 1e+10 1e+10 1e+10 1e+10 1e+10 1e+10 1e+10 1e+10 1e+10 1e+10 1e+10 1e+10 1e+10 1e+10 1e+10 1e+10 1e+10 1e+10 1e+10 1e+10 1e+10 1e+10 1e+10 1e+10 1e+10 1e+10 1e+10 1e+10 1e+10 1e+10 1e+10 1e+10 1e+10 1e+10 1e+10 1e+10 1e+10 1e+10 1e+10 1e+10 1e+10 1e+10 1e+10 1e+10 1e+10 1e+10 1e+10 
1e+10 1e+10 1e+10 1e+10 1e+10 1e+10 1e+10 1e+10 1e+10 1e+10 1e+10 1e+10 1e+10 1e+10 1e+10 1e+10 1e+10 1e+10 1e+10 1e+10 1e+10 1e+10 1e+10 1e+10 1e+10 1e+10 42.7216 41.7051 40.3346 37.4081 35.1074 32.9136 30.8341 29.1994 27.8481 15.7544 14.5047 13.4104 12.4351 11.5239 10.8426 10.2052 9.67858 9.17875 8.73448 8.38083 8.03911 7.72145 7.42517 7.13621 6.82082 6.49741 6.17945 5.8984 5.63244 5.37276 5.08942 4.78149 4.4833 4.26249 4.06244 3.88438 3.73789 3.61295 3.59247 3.64929 14.6852 14.9423 15.2253 15.6499 16.1166 16.8669 17.7159 18.793 20.0581 1e+10 1e+10 1e+10 1e+10 1e+10 1e+10 1e+10 1e+10 1e+10 1e+10 1e+10 1e+10 1e+10 1e+10 1e+10 1e+10 1e+10 1e+10 1e+10 1e+10 1e+10 1e+10 1e+10 1e+10 1e+10 1e+10 
1e+10 1e+10 1e+10 1e+10 1e+10 1e+10 1e+10 1e+10 1e+10 1e+10 1e+10 1e+10 1e+10 1e+10 63.4688 60.8411 58.4492 56.2399 54.196 52.3055 39.9912 38.3669 36.8724 35.4981 34.2352 33.0762 32.0136 31.0408 29.6925 26.7788 24.485 22.2938 20.2135 18.5752 17.2178 15.7586 14.532 13.4568 12.4972 11.5988 10.9279 10.299 9.77911 9.28471 8.84468 8.49423 8.15476 7.83841 7.54248 7.25278 6.93537 6.60839 6.28496 5.99613 5.71961 5.44601 5.14479 4.80681 4.4708 4.20654 3.95661 3.72133 3.50929 3.30944 3.20356 3.1633 3.17706 3.40181 3.65217 4.04386 4.47791 5.19677 6.01746 7.07303 8.32365 9.77771 11.2114 13.3882 15.6605 17.8313 21.0518 35.3593 36.6628 37.5846 38.6144 39.7623 41.0533 1e+10 1e+10 1e+10 1e+10 1e+10 1e+10 1e+10 1e+10 1e+10 1e+10 1e+10 1e+10 1e+10 1e+10 
1e+10 1e+10 1e+10 1e+10 1e+10 1e+10 90.8844 86.5666 82.5378 78.766 64.6827 61.377 58.2886 55.4046 52.7136 50.2053 47.8701 45.6987 43.6823 41.8126 40.0814 38.4807 37.003 35.6409 34.3872 33.2352 32.178 31.2095 29.8644 26.9533 24.6615 22.4717 20.3924 18.7548 17.3979 15.9389 14.7122 13.6369 12.6769 11.778 11.1066 10.4769 9.95634 9.46112 9.02022 8.66887 8.32846 8.01115 7.71425 7.42357 7.10519 6.77726 6.45291 6.16318 5.88581 5.61142 5.30947 4.97065 4.62823 4.3575 4.10103 3.85911 3.6403 3.43352 3.32049 3.27282 3.2788 3.49529 3.73671 4.11849 4.54109 5.24576 6.04687 7.07278 8.2792 9.67134 11.023 13.0952 15.238 17.252 20.2861 23.3852 24.6589 25.5545 26.5668 27.7137 29.0116 30.474 32.113 33.9411 35.9708 49.1227 51.2404 53.5385 56.0344 1e+10 1e+10 1e+10 1e+10 1e+10 1e+10 
122.076 116.058 99.8204 94.4704 89.4267 84.6727 80.194 75.9782 72.0134 68.2885 64.7926 61.5154 58.4468 55.5771 52.8968 50.3965 48.0675 45.9009 43.8884 42.0215 40.2924 38.6933 37.2166 35.8551 34.6018 33.4497 32.3923 31.4233 30.0776 27.1656 24.8728 22.682 20.6015 18.9626 17.6044 16.1439 14.9157 13.8388 12.8772 11.9767 11.3036 10.6723 10.15 9.653 9.21036 8.85727 8.5151 8.19605 7.89741 7.60501 7.28491 6.95528 6.62925 6.33787 6.05887 5.78288 5.47937 5.14214 4.79411 4.51779 4.25572 4.0082 3.78378 3.57136 3.45267 3.3993 3.39953 3.61021 3.84573 4.22153 4.63803 5.33647 6.13118 7.1505 8.35007 9.73507 11.0792 13.1434 15.2775 17.282 20.3053 23.392 24.6502 25.5249 26.5044 27.5957 28.8062 30.1435 31.6154 33.2303 34.9973 36.9265 39.0305 41.3295 43.8514 46.6203 49.6543 52.9702 56.585 71.1898 74.957 
111.492 105.555 99.9365 94.6242 89.6059 84.8698 80.4043 76.1984 72.2412 68.5221 65.0306 61.7568 58.6908 55.8229 53.1438 50.6443 48.3156 46.149 44.1361 42.2687 40.5388 38.9386 37.4608 36.098 34.8432 33.6896 32.6305 31.6598 30.3122 27.3984 25.1036 22.9108 20.8282 19.1873 17.8269 16.3643 15.134 14.0549 13.0911 12.1884 11.513 10.8795 10.355 9.85583 9.41098 9.05568 8.71133 8.3901 8.08929 7.79474 7.47251 7.14076 6.81264 6.51919 6.23815 5.96015 5.65466 5.32006 4.96743 4.68587 4.41858 4.16585 3.93623 3.71862 3.59474 3.53618 3.53121 3.73667 3.96697 4.33752 4.74873 5.44184 6.23119 7.24508 8.43916 9.81859 11.157 13.2154 15.3436 17.3421 20.3591 23.4393 24.6908 25.5585 26.5306 27.614 28.8159 30.1438 31.6052 33.208 34.9604 36.8707 38.9475 41.1998 43.6367 46.2679 49.1032 52.1532 55.4295 58.9461 62.7242 
111.738 105.811 100.2 94.893 89.8789 85.1459 80.6828 76.4785 72.5223 68.8036 65.3123 62.0382 58.9715 56.1028 53.4226 50.9218 48.5916 46.4234 44.4087 42.5394 40.8075 39.2053 37.7253 36.3603 35.1032 33.9473 32.8858 31.9126 30.5627 27.6463 25.3491 23.1537 21.0686 19.4251 18.0621 16.5969 15.364 14.2824 13.316 12.4108 11.7328 11.0967 10.5697 10.068 9.62059 9.26278 8.91593 8.59222 8.28895 7.99196 7.66731 7.33317 7.00267 6.70687 6.4235 6.1432 5.83543 5.49859 5.14783 4.86123 4.58892 4.33119 4.09659 3.87402 3.7452 3.68169 3.67179 3.87234 4.09771 4.46333 4.86962 5.55779 6.34218 7.3511 8.54018 9.91458 11.248 13.3012 15.4243 17.4175 20.4293 23.5041 24.7501 25.6123 26.5787 27.6563 28.8523 30.1739 31.6289 33.2251 34.9704 36.8733 38.9421 41.1858 43.6133 46.2337 49.0567 52.092 55.3494 58.8394 62.5724 
112.05 106.124 100.514 95.2084 90.1945 85.4612 80.9974 76.7922 72.8347 69.1146 65.6216 62.3457 59.2771 56.4062 53.7238 51.2207 48.8881 46.7174 44.7002 42.8283 41.0937 39.4888 38.006 36.6382 35.3783 34.2195 33.1552 32.1792 30.8263 27.9071 25.6069 23.4086 21.3206 19.6743 18.3084 16.8403 15.6045 14.52 13.5508 12.6427 11.9619 11.323 10.7931 10.2886 9.83847 9.47791 9.12833 8.80191 8.49595 8.19629 7.86899 7.53223 7.19914 6.90076 6.61485 6.33203 6.02177 5.68247 5.33514 5.04361 4.76641 4.50381 4.26437 4.03697 3.90335 3.83505 3.82038 4.01617 4.2368 4.59768 4.99923 5.68267 6.46233 7.46652 8.65087 10.0205 11.3492 13.3976 15.5159 17.5043 20.5112 23.5811 24.8222 25.6794 26.6407 27.7133 28.9041 30.2205 31.6701 33.2608 35.0006 36.8977 38.9607 41.1983 43.6194 46.2332 49.0493 52.0771 55.3267 58.808 62.5316 
112.399 106.473 100.862 95.5546 90.5389 85.8038 81.3379 77.1304 73.1706 69.448 65.9524 62.6737 59.6023 56.7286 54.0433 51.5372 49.2016 47.0278 45.0075 43.1325 41.3947 39.7867 38.3007 36.9297 35.6666 34.5046 33.4371 32.4578 31.1018 28.1793 25.876 23.6745 21.5833 19.9338 18.5648 17.0935 15.8546 14.767 13.7947 12.8835 12.1997 11.5577 11.0248 10.5173 10.0642 9.70071 9.3482 9.01888 8.71004 8.40752 8.0774 7.73783 7.40196 7.10084 6.8122 6.52668 6.21375 5.87181 5.52925 5.23289 4.95086 4.68348 4.43928 4.20715 4.06881 3.99583 3.97649 4.16762 4.38361 4.73986 5.13681 5.81565 6.59072 7.59032 8.77008 10.1352 11.4592 13.5031 15.6168 17.6005 20.6028 23.6681 24.9045 25.757 26.7137 27.7815 28.9675 30.2791 31.7239 33.3097 35.0445 36.9366 38.9944 41.2268 43.6426 46.251 49.0614 52.0834 55.327 58.8022 62.5193 
112.777 106.848 101.235 95.9248 90.9064 86.1684 81.6996 77.489 73.5261 69.8003 66.3014 63.0195 59.9447 57.0676 54.3788 51.8693 49.5302 47.353 45.3291 43.4505 41.7093 40.0977 38.6083 37.2337 35.9671 34.8016 33.7306 32.7478 31.3883 28.4624 26.1556 23.9507 21.8561 20.2031 18.8307 17.3561 16.1139 15.0229 14.0473 13.1329 12.4458 11.8006 11.2645 10.7539 10.2976 9.93098 9.57538 9.24299 8.93111 8.62558 8.29246 7.94993 7.61113 7.3071 7.01559 6.72722 6.41147 6.06674 5.72663 5.42896 5.14217 4.87006 4.62115 4.38434 4.24135 4.16374 4.13979 4.32634 4.53777 4.88948 5.28189 5.95622 6.72679 7.7219 8.89718 10.2578 11.5774 13.6168 15.726 17.7052 20.7031 23.7639 24.9958 25.8438 26.796 27.8592 29.0407 30.3478 31.788 33.3692 35.0993 36.9867 39.0398 41.2674 43.6783 46.2818 49.0872 52.1042 55.3426 58.8125 62.5241 
113.178 107.246 101.63 96.3161 91.2942 86.5527 82.0802 77.866 73.8994 70.1698 66.6672 63.3814 60.3028 57.4219 54.7293 52.2159 49.873 47.6918 45.6642 43.7817 42.0367 40.4212 38.928 37.5496 36.2792 35.1099 34.0352 33.0487 31.6854 28.7558 26.4453 24.2368 22.1385 20.482 19.106 17.6278 16.3821 15.2876 14.3085 13.3907 12.7002 12.0516 11.5121 10.9982 10.5386 10.1687 9.80982 9.4742 9.15913 8.85043 8.51419 8.16855 7.82667 7.5196 7.22506 6.93371 6.615 6.26734 5.92433 5.63178 5.34026 5.06345 4.80987 4.56842 4.42082 4.33862 4.31011 4.49212 4.69903 5.04624 5.43418 6.10405 6.87017 7.86086 9.03172 10.3879 11.7031 13.7382 15.843 17.8178 20.8113 23.8677 25.0953 25.9389 26.8866 27.9455 29.1226 30.4253 31.8611 33.4378 35.1635 37.0464 39.095 41.318 43.7244 46.3233 49.1241 52.1363 55.37 58.835 62.5418 
113.6 107.664 102.044 96.7262 91.7003 86.9546 82.4781 78.2597 74.2889 70.5551 67.0483 63.7584 60.6756 57.7904 55.0936 52.5761 50.229 48.0437 46.0119 44.1253 42.3761 40.7566 39.2593 37.8769 36.6024 35.4291 34.3504 33.3599 31.9927 29.0592 26.7449 24.5325 22.4305 20.7701 19.3904 17.9085 16.659 15.5609 14.5782 13.6567 12.9626 12.3105 11.7675 11.25 10.787 10.4137 10.0514 9.71245 9.39405 9.08205 8.74254 8.39366 8.04858 7.73832 7.44065 7.14618 6.82438 6.47367 6.12763 5.84131 5.54508 5.26359 5.00536 4.75929 4.6071 4.52034 4.4873 4.66479 4.86722 5.20997 5.59347 6.25891 7.02063 8.00693 9.17343 10.5253 11.8361 13.8668 15.9673 17.9379 20.927 23.9791 25.2024 26.0416 26.9851 28.0397 29.2125 30.5109 31.9424 33.5148 35.2362 37.1147 39.159 41.3776 43.7796 46.3741 49.1704 52.1782 55.4073 58.8678 62.5699 
114.041 108.101 102.476 97.1537 92.1232 87.373 82.8919 78.669 74.6936 70.9553 67.4439 64.1494 61.0621 58.1725 55.4712 52.9492 50.5976 48.4079 46.3717 44.4807 42.7272 41.1033 39.6017 38.215 36.9364 35.7588 34.6759 33.6813 32.31 29.3724 27.054 24.8376 22.7316 21.0673 19.6836 18.1978 16.9445 15.8425 14.856 13.9308 13.233 12.5772 12.0306 11.5094 11.0428 10.6659 10.3002 9.9577 9.63583 9.32041 8.9775 8.62527 8.27685 7.9633 7.66236 7.36466 7.03966 6.68577 6.3366 6.05752 5.75659 5.47043 5.20757 4.95689 4.80012 4.70882 4.67125 4.84426 5.04222 5.38052 5.7596 6.42065 7.17799 8.15993 9.32209 10.6696 11.9761 14.0026 16.0988 18.0651 21.0499 24.0978 25.3167 26.1518 27.091 28.1414 29.31 30.6041 32.0313 33.5995 35.3167 37.191 39.231 41.4454 43.8431 46.4333 49.2253 52.2287 55.4535 58.9096 62.6073 
114.5 108.554 102.924 97.5974 92.562 87.8069 83.3208 79.093 75.1127 71.3696 67.8534 64.5541 61.4619 58.5675 55.8614 53.3347 50.9785 48.7841 46.7432 44.8477 43.0895 41.4611 39.955 38.5639 37.2807 36.0988 35.0115 34.0126 32.637 29.6951 27.3725 25.1519 23.0417 21.3733 19.9856 18.4957 17.2384 16.1325 15.142 14.2129 13.5112 12.8516 12.3012 11.7763 11.306 10.9254 10.556 10.2099 9.88447 9.56551 9.21909 8.86338 8.51152 8.19456 7.89024 7.58919 7.26088 6.90371 6.55129 6.27042 5.97478 5.68395 5.41645 5.16118 4.99983 4.90399 4.86191 5.03043 5.22393 5.5578 5.93247 6.58913 7.34212 8.31971 9.47755 10.8208 12.123 14.1452 16.2371 18.1992 21.1797 24.2234 25.4381 26.269 27.204 28.2502 29.4146 30.7045 32.1276 33.6916 35.4046 37.2747 39.3106 41.5208 43.9143 46.5002 49.288 52.2873 55.5078 58.9596 62.653 
114.975 109.024 103.389 98.0567 93.016 88.2556 83.7643 79.5313 75.5458 71.7975 68.2761 64.9717 61.8746 58.9751 56.264 53.7323 51.3711 49.1719 47.1261 45.2258 43.4629 41.8298 40.3189 38.9231 37.6354 36.4489 35.3571 34.3536 32.9735 30.0273 27.7002 25.4753 23.3608 21.6881 20.2962 18.8021 17.5407 16.4306 15.4361 14.503 13.7973 13.1337 12.5794 12.0507 11.5765 11.1921 10.8189 10.4691 10.14 9.81734 9.4673 9.108 8.75258 8.43211 8.1243 7.8198 7.48808 7.12753 6.77175 6.48757 6.19963 5.90413 5.63199 5.37211 5.20619 5.1058 5.05921 5.22325 5.41229 5.74174 6.112 6.76428 7.51291 8.48617 9.63969 10.9786 12.2766 14.2945 16.3822 18.34 21.3164 24.3558 25.5664 26.393 27.3239 28.3659 29.5261 30.8119 32.2309 33.7907 35.4996 37.3656 39.3973 41.6034 43.9927 46.5746 49.3582 52.3533 55.5696 59.0173 62.7065 
115.466 109.51 103.869 98.531 93.4847 88.7187 84.2219 79.9834 75.9924 72.2387 68.7119 65.4022 62.2997 59.395 56.6787 54.1418 51.7755 49.5711 47.5203 45.6149 43.8471 42.209 40.6933 39.2926 38.0001 36.8088 35.7123 34.7042 33.3195 30.3687 28.0371 25.8077 23.6887 22.0116 20.6153 19.117 17.8512 16.737 15.7383 14.8009 14.0911 13.4235 12.8651 12.3324 11.8543 11.466 11.0889 10.7352 10.4023 10.0759 9.72214 9.35915 9.00008 8.67598 8.36459 8.05654 7.7213 7.35727 6.99805 6.71045 6.43114 6.13095 5.85416 5.58967 5.41917 5.31423 5.26312 5.42266 5.60725 5.93226 6.29812 6.94602 7.69029 8.65922 9.80843 11.1431 12.4368 14.4504 16.5339 18.4875 21.4597 24.4949 25.7013 26.5237 27.4505 28.4883 29.6444 30.9261 32.3409 33.8967 35.6014 37.4633 39.4909 41.6929 44.0782 46.6559 49.4355 52.4265 55.6387 59.0822 62.7674 
115.973 110.011 104.364 99.0198 93.9676 89.1958 84.6932 80.4489 76.4522 72.6928 69.1604 65.8451 62.7371 59.8269 57.1051 54.5629 52.1912 49.9815 47.9255 46.0149 44.2419 42.5987 41.078 39.6723 38.3748 37.1786 36.0773 35.0643 33.6748 30.7193 28.383 26.149 24.0254 22.3438 20.943 19.4402 18.1701 17.0514 16.0484 15.1068 14.3928 13.7209 13.1584 12.6215 12.1393 11.747 11.366 11.0084 10.6715 10.3413 9.98365 9.61686 9.25403 8.92622 8.61114 8.29945 7.96059 7.59299 7.23022 6.93912 6.66218 6.36441 6.08296 5.81383 5.63874 5.52924 5.4736 5.62865 5.80876 6.12933 6.49078 7.1343 7.8742 8.8388 9.9837 11.314 12.6035 14.6129 16.6921 18.6415 21.6095 24.6405 25.8427 26.661 27.5836 28.6173 29.7693 31.0469 32.4576 34.0093 35.7099 37.5678 39.5913 41.7892 44.1704 46.7441 49.5196 52.5065 55.7147 59.1541 62.8352 
116.495 110.526 104.873 99.5229 94.4646 89.6866 85.1779 80.9276 76.925 73.1597 69.6215 66.3003 63.1866 60.2707 57.5433 54.9954 52.6182 50.4031 48.3416 46.4257 44.6473 42.9989 41.4729 40.0621 38.7594 37.5582 36.4518 35.4339 34.0395 31.079 28.738 26.4992 24.3709 22.6846 21.2791 19.7718 18.4971 17.374 16.3665 15.4205 14.7021 14.026 13.4592 12.9181 12.4317 12.0353 11.6501 11.2885 10.9476 10.6134 10.2518 9.88115 9.51447 9.18284 8.86399 8.54855 8.20599 7.83472 7.46832 7.17362 6.89312 6.60451 6.31837 6.0446 5.8649 5.75082 5.69064 5.84117 6.0168 6.33293 6.68994 7.32907 8.06461 9.02486 10.1654 11.4915 12.7767 14.7818 16.8568 18.802 21.7658 24.7926 25.9906 26.8048 27.7232 28.7528 29.9006 31.1741 32.5808 34.1283 35.8249 37.6787 39.6982 41.8921 44.2692 46.8389 49.6103 52.5932 55.7973 59.2327 62.9097 
117.031 111.056 105.396 100.04 94.9752 90.1909 85.676 81.4194 77.4106 73.6392 70.0949 66.7677 63.648 60.7262 57.993 55.4394 53.0564 50.8356 48.7685 46.847 45.0632 43.4093 41.8779 40.4618 39.1539 37.9474 36.8359 35.8128 34.4134 31.4479 29.1019 26.8582 24.7251 23.034 21.6238 20.1117 18.8324 17.7046 16.6926 15.742 15.0192 14.3387 13.7675 13.2221 12.7314 12.3307 11.9414 11.5756 11.2306 10.8923 10.5267 10.1521 9.78143 9.44589 9.12316 8.80389 8.45754 8.08251 7.71239 7.41401 7.12986 6.85124 6.56041 6.28197 6.09764 5.97896 5.91422 6.06022 6.23135 6.54301 6.89559 7.5303 8.26146 9.21736 10.3536 11.6754 12.9562 14.9571 17.0279 18.9689 21.9284 24.9511 26.1449 26.9549 27.8692 28.8946 30.0384 31.3077 32.7103 34.2538 35.9463 37.7961 39.8115 42.0013 44.3745 46.9401 49.7075 52.6863 55.8864 59.3178 62.9908 
117.582 111.6 105.934 100.571 95.4994 90.7086 86.1871 81.9241 77.9089 74.1311 70.5805 67.2472 64.1213 61.1934 58.4542 55.8946 53.5057 51.2791 49.2062 47.279 45.4895 43.83 42.2931 40.8715 39.5582 38.3463 37.2294 36.2012 34.7965 31.8259 29.4748 27.226 25.088 23.3919 21.9768 20.4599 19.1758 18.0434 17.0266 16.0715 15.3441 14.659 14.0834 13.5335 13.0385 12.6334 12.2398 11.8697 11.5205 11.1781 10.8084 10.4296 10.0549 9.71539 9.38877 9.06552 8.71528 8.33641 7.96248 7.66032 7.37244 7.09912 6.80905 6.52593 6.33694 6.21365 6.14432 6.28578 6.45239 6.75956 7.10769 7.73797 8.46473 9.41626 10.5482 11.8656 13.1422 15.1388 17.2053 19.1421 22.0974 25.1159 26.3055 27.1113 28.0214 29.0428 30.1824 31.4477 32.8461 34.3856 36.074 37.9197 39.9311 42.1169 44.486 47.0476 49.811 52.7858 55.9819 59.4093 63.0783 
118.147 112.159 106.485 101.115 96.0369 91.2393 86.7111 82.4414 78.4197 74.6354 71.0783 67.7386 64.6064 61.6722 58.9268 56.361 53.9661 51.7334 49.6546 47.7215 45.9262 44.261 42.7184 41.2911 39.9722 38.7549 37.6325 36.5989 35.1889 32.213 29.8567 27.6027 25.4595 23.7585 22.3384 20.8165 19.5275 18.3902 17.3687 16.4088 15.6767 14.987 14.4068 13.8524 13.3529 12.9434 12.5453 12.1709 11.8174 11.4707 11.0968 10.7138 10.335 9.9914 9.66066 9.33346 8.97926 8.59645 8.21863 7.91262 7.62093 7.34382 7.06432 6.77648 6.58282 6.45489 6.38096 6.51784 6.67991 6.98258 7.32623 7.95207 8.67441 9.62155 10.7491 12.0622 13.3345 15.3268 17.3891 19.3216 22.2727 25.2869 26.4724 27.274 28.18 29.1972 30.3327 31.5938 32.9882 34.5235 36.2079 38.0496 40.0569 42.2387 44.6037 47.1613 49.9207 52.8915 56.0836 59.507 63.172 
118.726 112.73 107.05 101.673 96.5874 91.7828 87.2477 82.9713 78.9428 75.1518 71.5881 68.2418 65.1031 62.1625 59.4107 56.8386 54.4375 52.1986 50.1137 48.1746 46.3733 44.7021 43.1537 41.7206 40.396 39.173 38.0451 37.0059 35.5904 32.6092 30.2475 27.9883 25.8398 24.1336 22.7084 21.1815 19.8875 18.7452 17.7188 16.7541 16.0172 15.3227 14.7378 14.1788 13.6746 13.2606 12.8581 12.4792 12.1213 11.7702 11.392 11.0048 10.6218 10.2739 9.93907 9.60777 9.24951 8.86268 8.48089 8.17095 7.87535 7.59439 7.32622 7.03364 6.83527 6.70267 6.62411 6.75639 6.91391 7.21204 7.55119 8.17256 8.89047 9.8332 10.9564 12.2651 13.5331 15.5211 17.5791 19.5073 22.4542 25.4642 26.6455 27.4429 28.3447 29.3577 30.4891 31.7461 33.1364 34.6677 36.348 38.1855 40.1888 42.3666 44.7276 47.2812 50.0365 53.0034 56.1915 59.6108 63.2718 
119.319 113.316 107.628 102.243 97.1509 92.3392 87.797 83.5135 79.4781 75.6802 72.1098 68.7568 65.6114 62.6642 59.9059 57.3274 54.9198 52.6747 50.5835 48.6381 46.8307 45.1535 43.599 42.1601 40.8296 39.6008 38.4672 37.4223 36.0012 33.0144 30.6473 28.3826 26.2289 24.5173 23.0869 21.5548 20.2556 19.1083 18.0769 17.1072 16.3654 15.6661 15.0764 14.5126 14.0038 13.5851 13.178 12.7946 12.4322 12.0767 11.694 11.3025 10.9151 10.5631 10.224 9.88847 9.52608 9.13515 8.7493 8.43534 8.13577 7.85086 7.58915 7.29739 7.09429 6.957 6.87378 7.00144 7.15437 7.44794 7.78257 8.39946 9.1129 10.0512 11.17 12.4743 13.7379 15.7217 17.7753 19.6993 22.642 25.6478 26.8248 27.618 28.5156 29.5245 30.6517 31.9046 33.2907 34.8179 36.4941 38.3276 40.3269 42.5005 44.8576 47.4071 50.1584 53.1213 56.3053 59.7207 63.3777 
119.926 113.915 108.219 102.827 97.7275 92.9083 88.3589 84.0682 80.0256 76.2207 72.6433 69.2833 66.1312 63.1772 60.4123 57.8271 55.4131 53.1614 51.0639 49.1122 47.2985 45.6151 44.0545 42.6094 41.273 40.0382 38.8987 37.8481 36.4213 33.4288 31.0561 28.7859 26.6266 24.9096 23.4739 21.9365 20.6321 19.4796 18.4431 17.4683 16.7215 16.0173 15.4226 14.854 14.3404 13.917 13.5052 13.1171 12.7502 12.3901 12.003 11.607 11.2152 10.8588 10.5154 10.1756 9.809 9.4139 9.02391 8.70585 8.40222 8.1133 7.8476 7.56776 7.3599 7.21788 7.12997 7.25298 7.40129 7.69029 8.02037 8.63274 9.3417 10.2755 11.3899 12.6899 13.9491 15.9285 17.9778 19.8975 22.8359 25.8374 27.0102 27.7992 28.6926 29.6973 30.8203 32.0691 33.4511 34.9742 36.6463 38.4757 40.4709 42.6405 44.9935 47.539 50.2863 53.2451 56.4252 59.8366 63.4896 
120.547 114.528 108.824 103.425 98.3171 93.4903 88.9334 84.6353 80.5853 76.7732 73.1886 69.8216 66.6624 63.7016 60.9298 58.3379 55.9171 53.6589 51.5548 49.5967 47.7766 46.0868 44.52 43.0687 41.7261 40.4853 39.3398 38.2832 36.8506 33.8523 31.4738 29.198 27.0331 25.3106 23.8694 22.3266 21.0169 19.8591 18.8173 17.8374 17.0855 16.3762 15.7766 15.203 14.6845 14.2563 13.8397 13.4469 13.0752 12.7105 12.3188 11.9183 11.522 11.1612 10.8134 10.4693 10.0983 9.69897 9.30476 8.98252 8.67475 8.38174 8.11199 7.84475 7.63209 7.48532 7.39269 7.51102 7.65469 7.93907 8.26458 8.8724 9.57685 10.5062 11.6161 12.9117 14.1665 16.1415 18.1865 20.1019 23.036 26.0333 27.2018 27.9866 28.8757 29.8762 30.9951 32.2397 33.6176 35.1365 36.8045 38.6298 40.6209 42.7865 45.1354 47.6769 50.4202 53.3749 56.551 59.9584 63.6074 
121.182 115.155 109.443 104.035 98.9196 94.0851 89.5205 85.2147 81.1573 77.3377 73.7458 70.3715 67.2052 64.2372 61.4584 58.8596 56.432 54.167 52.0563 50.0915 48.2649 46.5687 44.9955 43.5379 42.1891 40.9421 39.7904 38.7278 37.2892 34.285 31.9006 29.619 27.4485 25.7203 24.2735 22.7251 21.41 20.2468 19.1997 18.2145 17.4574 16.7429 16.1382 15.5596 15.0361 14.6029 14.1815 13.7838 13.4074 13.038 12.6416 12.2364 11.8356 11.4702 11.118 10.7694 10.3941 9.9904 9.5919 9.2654 8.95342 8.65623 8.38234 8.12065 7.91088 7.75932 7.66194 7.77556 7.91455 8.1943 8.5152 9.11845 9.81836 10.7432 11.8486 13.1397 14.3902 16.3608 18.4015 20.3125 23.2423 26.2353 27.3995 28.18 29.065 30.0612 31.1759 32.4163 33.79 35.3048 36.9687 38.7899 40.7769 42.9384 45.2832 47.8206 50.5599 53.5106 56.6827 60.086 63.731 
121.83 115.795 110.075 104.659 99.5353 94.6927 90.1202 85.8067 81.7415 77.9143 74.3149 70.9332 67.7595 64.7843 61.9983 59.3924 56.9578 54.6859 52.5683 50.5968 48.7635 47.0607 45.481 44.017 42.6618 41.4085 40.2506 39.1818 37.7371 34.7268 32.3365 30.049 27.8726 26.1387 24.6861 23.1322 21.8115 20.6428 19.5903 18.5997 17.8372 17.1175 16.5076 15.9239 15.3953 14.9571 14.5306 14.1281 13.7468 13.3725 12.9714 12.5615 12.1561 11.7861 11.4292 11.0762 10.6964 10.2883 9.88536 9.55453 9.23826 8.93682 8.65873 8.39286 8.19628 8.03989 7.93773 8.04661 8.18089 8.45596 8.77223 9.37088 10.0662 10.9866 12.0875 13.3741 14.6201 16.5863 18.6226 20.5292 23.4547 26.4434 27.6034 28.3796 29.2602 30.2522 31.3627 32.5989 33.9685 35.4791 37.1388 38.9559 40.9388 43.0962 45.437 47.9703 50.7055 53.6522 56.8202 60.2195 63.8605 
122.493 116.449 110.72 105.296 100.164 95.3132 90.7326 86.411 82.338 78.503 74.8958 71.5065 68.3253 65.3427 62.5494 59.9363 57.4945 55.2155 53.0909 51.1125 49.2724 47.5629 45.9765 44.5059 43.1442 41.8845 40.7203 39.6452 38.1943 35.1779 32.7815 30.488 28.3056 26.5658 25.1075 23.5478 22.2214 21.0471 19.989 18.9929 18.2251 17.5 16.8848 16.2958 15.762 15.3187 14.8872 14.4796 14.0934 13.7142 13.3082 12.8936 12.4834 12.1087 11.7472 11.3895 11.0052 10.5926 10.1852 9.84996 9.52932 9.22355 8.94118 8.67107 8.48829 8.32705 8.22007 8.32417 8.45371 8.72408 9.03568 9.6297 10.3204 11.2362 12.3326 13.6147 14.8562 16.818 18.8499 20.7522 23.6733 26.6576 27.8133 28.5852 29.4616 30.4493 31.5555 32.7875 34.1529 35.6593 37.3149 39.1278 41.1066 43.2599 45.5965 48.1258 50.8569 53.7995 56.9635 60.3588 63.9957 
123.169 117.116 111.379 105.946 100.806 95.9466 91.3576 87.0279 82.9468 79.1038 75.4888 72.0917 68.9028 65.9126 63.1118 60.4912 58.0422 55.756 53.6242 51.6388 49.7917 48.0753 46.4821 45.0048 43.6365 42.3702 41.1995 40.118 38.6608 35.6381 33.2356 30.9359 28.7475 27.0017 25.5374 23.9719 22.6397 21.4597 20.3959 19.3943 18.6209 17.8904 17.2697 16.6754 16.1364 15.6878 15.2512 14.8385 14.4472 14.0631 13.6522 13.2326 12.8176 12.4381 12.0719 11.7095 11.3206 10.9034 10.4915 10.1517 9.82664 9.51648 9.22974 8.95532 8.7749 8.6208 8.50896 8.60825 8.73301 8.99865 9.30555 9.8949 10.581 11.4922 12.584 13.8616 15.0986 17.0559 19.0834 20.9812 23.8979 26.8779 28.0293 28.7969 29.6689 30.6524 31.7543 32.9821 34.3432 35.8455 37.4969 39.3056 41.2803 43.4294 45.7619 48.2871 51.0141 53.9527 57.1126 60.5038 64.1366 
123.86 117.798 112.052 106.61 101.461 96.5929 91.9955 87.6574 83.568 79.7169 76.0937 72.6887 69.4919 66.494 63.6855 61.0574 58.6008 56.3073 54.1682 52.1756 50.3214 48.598 46.9978 45.5137 44.1386 42.8656 41.6883 40.6003 39.1366 36.1076 33.6988 31.3929 29.1983 27.4464 25.9761 24.4046 23.0665 21.8807 20.8112 19.8038 19.0248 18.2887 17.6626 17.0629 16.5185 16.0646 15.6227 15.2048 14.8084 14.4192 14.0032 13.5787 13.1587 12.7744 12.4033 12.0363 11.6426 11.2207 10.8043 10.4599 10.1303 9.81564 9.52447 9.24566 9.06089 8.92115 8.80442 8.89886 9.01881 9.27968 9.58184 10.1665 10.848 11.7545 12.8417 14.1148 15.3473 17.3001 19.323 21.2165 24.1288 27.1044 28.2513 29.0146 29.8823 30.8615 31.9591 33.1826 34.5395 36.0375 37.6847 39.4893 41.4598 43.6047 45.9332 48.4542 51.1771 54.1116 57.2674 60.6545 64.2833 
124.564 118.493 112.738 107.287 102.129 97.2523 92.6461 88.2995 84.2016 80.3421 76.7108 73.2976 70.0928 67.0869 64.2706 61.6347 59.1706 56.8694 54.723 52.723 50.8615 49.1309 47.5237 46.0326 44.6506 43.3708 42.1868 41.0921 39.6218 36.5863 34.1711 31.8588 29.658 27.9 26.4235 24.846 23.5019 22.3101 21.2348 20.2216 19.4369 18.6951 18.0634 17.4581 16.9082 16.449 16.0017 15.5786 15.1769 14.7825 14.3614 13.9319 13.5069 13.1176 12.7417 12.3697 11.9713 11.5446 11.1234 10.7745 10.4403 10.1211 9.82541 9.54213 9.35294 9.22811 9.10646 9.19601 9.31112 9.56717 9.86457 10.4445 11.1213 12.0231 13.1057 14.3742 15.6021 17.5504 19.5689 21.4578 24.3657 27.3369 28.4795 29.2384 30.1018 31.0766 32.1699 33.3891 34.7417 36.2355 37.8785 39.6789 41.6451 43.7859 46.1102 48.627 51.3459 54.2762 57.4279 60.811 64.4357 
125.283 119.202 113.437 107.977 102.81 97.9246 93.3096 88.9542 84.8477 80.9797 77.3399 73.9184 70.7054 67.6914 64.8671 62.2234 59.7514 57.4426 55.2885 53.281 51.4122 49.6743 48.0598 46.5616 45.1725 43.8858 42.6949 41.5935 40.1165 37.0744 34.6526 32.3339 30.1267 28.3623 26.8797 25.296 23.9458 22.748 21.6667 20.6477 19.8571 19.1096 18.4721 17.8612 17.3058 16.841 16.3883 15.9598 15.5528 15.1531 14.7269 14.2922 13.8621 13.4678 13.0869 12.71 12.3067 11.8752 11.4493 11.0956 10.7567 10.4329 10.1326 9.84478 9.6511 9.5231 9.41509 9.49971 9.60993 9.86115 10.1537 10.7289 11.4009 12.2981 13.3761 14.6399 15.8632 17.807 19.8209 21.7054 24.6087 27.5755 28.7137 29.4682 30.3272 31.2976 32.3867 33.6015 34.9498 36.4394 38.0781 39.8742 41.8363 43.9729 46.293 48.8057 51.5204 54.4466 57.5941 60.9731 64.5937 
126.016 119.925 114.151 108.681 103.505 98.6102 93.9861 89.6217 85.5064 81.6296 77.9812 74.5512 71.3299 68.3076 65.4751 62.8233 60.3434 58.0268 55.8649 53.8498 51.9734 50.2281 48.6063 47.1007 45.7045 44.4107 43.2128 42.1044 40.6206 37.5718 35.1433 32.8181 30.6044 28.8336 27.3446 25.7546 24.3983 23.1944 22.107 21.082 20.2855 19.5321 18.8889 18.2723 17.7112 17.2408 16.7825 16.3486 15.9362 15.5312 15.0996 14.6597 14.2244 13.825 13.439 13.0571 12.6488 12.2125 11.7817 11.4232 11.0795 10.751 10.4461 10.1537 9.95542 9.82289 9.73031 9.80997 9.91527 10.1616 10.4494 11.0197 11.687 12.5795 13.6527 14.9119 16.1306 18.0697 20.0791 21.959 24.8579 27.8202 28.9539 29.704 30.5587 31.5247 32.6094 33.8199 35.1639 36.6491 38.2836 40.0755 42.0333 44.1657 46.4816 48.9901 51.7006 54.6226 57.7661 61.1409 64.7574 
126.763 120.662 114.878 109.399 104.213 99.3089 94.6756 90.302 86.1777 82.292 78.6348 75.1962 71.9663 68.9355 66.0947 63.4347 60.9467 58.622 56.4523 54.4294 52.5453 50.7923 49.163 47.6501 46.2465 44.9455 43.7405 42.6251 41.1343 38.0786 35.6434 33.3114 31.0911 29.3138 27.8184 26.222 24.8594 23.6492 22.5557 21.5246 20.7222 19.9628 19.3137 18.6913 18.1244 17.6483 17.1844 16.7449 16.327 15.9166 15.4796 15.0344 14.5939 14.1892 13.7981 13.4112 12.9978 12.5565 12.1207 11.7574 11.4089 11.0756 10.7659 10.4688 10.2659 10.1288 10.0457 10.1268 10.2272 10.4686 10.7514 11.317 11.9794 12.8671 13.9357 15.1901 16.4042 18.3387 20.3435 22.2189 25.1132 28.071 29.2003 29.9459 30.7961 31.7578 32.838 34.0442 35.3839 36.8648 38.4949 40.2825 42.2361 44.3642 46.6759 49.1802 51.8865 54.8044 57.9437 61.3144 64.9267 
127.524 121.414 115.62 110.13 104.935 100.021 95.3782 90.9953 86.8617 82.9669 79.3008 75.8533 72.6146 69.5753 66.726 64.0576 61.5613 59.2285 57.0507 55.0198 53.1279 51.3672 49.7302 48.2098 46.7987 45.4904 44.2781 43.1555 41.6577 38.595 36.1528 33.8141 31.587 29.803 28.301 26.6982 25.3291 24.1127 23.0129 21.9756 21.167 20.4017 19.7466 19.1183 18.5456 18.0637 17.5941 17.1489 16.7254 16.3094 15.867 15.4164 14.9705 14.5606 14.1643 13.7721 13.3537 12.9073 12.4665 12.0982 11.7448 11.4066 11.0922 10.7903 10.5827 10.4409 10.3532 10.4502 10.5456 10.782 11.06 11.6206 12.2783 13.1612 14.2249 15.4747 16.6841 18.6139 20.6141 22.4849 25.3747 28.3279 29.4527 30.1939 31.0396 31.9968 33.0726 34.2744 35.6097 37.0863 38.7121 40.4954 42.4447 44.5686 46.876 49.3761 52.0782 54.9919 58.127 61.4935 65.1017 
128.3 122.179 116.375 110.876 105.67 100.746 96.0939 91.7015 87.5585 83.6545 79.9792 76.5226 73.2751 70.227 67.369 64.6921 62.1873 59.8462 57.6602 55.6212 53.7212 51.9526 50.3079 48.7797 47.3611 46.0453 44.8256 43.6957 42.1907 39.1209 36.6717 34.326 32.0921 30.3013 28.7927 27.1832 25.8076 24.5847 23.4786 22.435 21.6202 20.8487 20.1876 19.5533 18.9746 18.4869 18.0115 17.5606 17.1314 16.7098 16.2619 15.8057 15.3544 14.9391 14.5375 14.1401 13.7164 13.2649 12.819 12.4457 12.0873 11.7442 11.4249 11.1182 10.9058 10.7593 10.6668 10.7802 10.8706 11.102 11.375 11.9308 12.5835 13.4616 14.5206 15.7655 16.9702 18.8954 20.8909 22.757 25.6422 28.5909 29.7112 30.4478 31.2891 32.2418 33.3132 34.5106 35.8415 37.3137 38.9351 40.7141 42.6591 44.7787 47.0818 49.5777 52.2755 55.185 58.3159 61.6782 65.2823 
129.091 122.959 117.144 111.635 106.419 101.485 96.823 92.4208 88.2682 84.3547 80.6701 77.2043 73.9477 70.8906 68.0238 65.3381 62.8248 60.4752 58.2808 56.2336 54.3255 52.5488 50.8962 49.3602 47.9338 46.6104 45.3831 44.2458 42.7334 39.6564 37.2001 34.8473 32.6064 30.8088 29.2933 27.6772 26.2949 25.0655 23.9529 22.9029 22.0818 21.3041 20.6368 19.9963 19.4117 18.918 18.4367 17.98 17.5451 17.1178 16.6642 16.2024 15.7457 15.3249 14.9178 14.5151 14.0862 13.6294 13.1784 12.7999 12.4365 12.0884 11.7641 11.4524 11.2352 11.0839 10.9867 11.1005 11.2021 11.4285 11.6965 12.2473 12.8952 13.7684 14.8225 16.0627 17.2626 19.183 21.1738 23.0354 25.9159 28.86 29.9757 30.7078 31.5446 32.4929 33.5598 34.7527 36.0791 37.5469 39.164 40.9386 42.8793 44.9946 47.2934 49.785 52.4786 55.3838 58.5105 61.8686 65.4684 
129.896 123.753 117.928 112.408 107.182 102.238 97.5655 93.1534 88.9909 85.0678 81.3736 77.8984 74.6325 71.5663 68.6905 65.996 63.4739 61.1156 58.9127 56.857 54.9406 53.1558 51.495 49.9511 48.5169 47.1856 45.9508 44.8059 43.286 40.2016 37.738 35.3781 33.1301 31.3255 29.8031 28.1801 26.7911 25.555 24.4358 23.3794 22.5518 21.7677 21.0942 20.4475 19.8568 19.357 18.8698 18.4071 17.9664 17.5333 17.074 16.6066 16.1442 15.7179 15.3053 14.8972 14.4629 14.0008 13.5446 13.1609 12.7923 12.4391 12.1098 11.7932 11.571 11.4148 11.3128 11.4218 11.5402 11.7616 12.0246 12.5703 13.2132 14.0815 15.1308 16.3662 17.5613 19.4769 21.463 23.3198 26.1958 29.1352 30.2463 30.9739 31.8061 32.7499 33.8123 35.0007 36.3227 37.7861 39.3987 41.169 43.1053 45.2162 47.5108 49.998 52.6873 55.5883 58.7107 62.0646 65.6602 
130.716 124.562 118.726 113.195 107.958 103.004 98.3214 93.8992 89.7267 85.7937 82.0898 78.6051 75.3297 72.2542 69.3692 66.6656 64.1346 61.7675 59.5559 57.4917 55.5668 53.7737 52.1047 50.5526 49.1104 47.7712 46.5285 45.376 43.8485 40.7566 38.2856 35.9183 33.6632 31.8514 30.322 28.692 27.2962 26.0533 24.9275 23.8644 23.0303 22.2398 21.5599 20.9069 20.3099 19.8041 19.3107 18.8421 18.3954 17.9564 17.4913 17.0182 16.5501 16.1182 15.7001 15.2865 14.8467 14.3793 13.9177 13.5287 13.155 12.7966 12.4621 12.1405 11.9133 11.7521 11.6452 11.7493 11.8788 12.1012 12.3591 12.8998 13.5378 14.4011 15.4455 16.6759 17.8662 19.7771 21.7584 23.6105 26.4818 29.4166 30.523 31.246 32.0737 33.0129 34.0707 35.2546 36.5722 38.0311 39.6393 41.4052 43.337 45.4436 47.7338 50.2167 52.9018 55.7984 58.9166 62.2662 65.8576 
131.551 125.386 119.539 113.997 108.749 103.784 99.091 94.6584 90.4757 86.5327 82.8189 79.3244 76.0394 72.9544 70.06 67.3472 64.807 62.431 60.2105 58.1376 56.2041 54.4025 52.7251 51.1648 49.7144 48.3672 47.1166 45.9562 44.421 41.3214 38.8429 36.4682 34.2057 32.3867 30.8501 29.2131 27.8103 26.5605 25.4279 24.3581 23.5174 22.7203 22.0339 21.3746 20.7713 20.2592 19.7597 19.2849 18.8322 18.3873 17.9163 17.4373 16.9635 16.5259 16.1021 15.6829 15.2376 14.7647 14.2977 13.9034 13.5243 13.1607 12.8211 12.4943 12.262 12.0958 11.9839 12.0831 12.2077 12.4474 12.7001 13.2358 13.8687 14.7271 15.7665 16.9921 18.1775 20.0835 22.06 23.9074 26.7739 29.704 30.8058 31.5242 32.3472 33.2818 34.3351 35.5145 36.8275 38.2819 39.8857 41.6472 43.5746 45.6768 47.9626 50.4412 53.1219 56.0142 59.1281 62.4734 66.0605 
132.401 126.225 120.366 114.813 109.554 104.578 99.8743 95.4311 91.2381 87.2847 83.5608 80.0564 76.7616 73.6669 70.763 68.0408 65.4914 63.1061 60.8767 58.7948 56.8526 55.0423 53.3564 51.7877 50.329 48.9736 47.7149 46.5466 45.0035 41.8962 39.41 37.0277 34.7578 32.9314 31.3875 29.7434 28.3335 27.0767 25.9371 24.8605 24.0131 23.2093 22.5164 21.8505 21.2408 20.7224 20.2166 19.7356 19.2768 18.8258 18.3489 17.864 17.3843 16.9409 16.5115 16.0866 15.6357 15.1573 14.6848 14.285 13.9006 13.5317 13.1868 12.8548 12.6173 12.446 12.329 12.4232 12.5429 12.8001 13.0477 13.5783 14.2061 15.0594 16.0939 17.3145 18.495 20.3962 22.3679 24.2104 27.0722 29.9976 31.0947 31.8084 32.6268 33.5568 34.6055 35.7803 37.0888 38.5387 40.138 41.895 43.818 45.9158 48.1972 50.6714 53.3477 56.2357 59.3452 62.6863 66.2691 
133.267 127.078 121.208 115.643 110.373 105.386 100.671 96.2175 92.0138 88.05 84.3158 80.8012 77.4964 74.3919 71.4783 68.7465 66.1876 63.7931 61.5545 59.4636 57.5124 55.6933 53.9987 52.4214 50.9543 49.5906 48.3237 47.1472 45.5962 42.481 39.987 37.597 35.3195 33.4856 31.9344 30.2829 28.8658 27.6019 26.4553 25.3718 24.5175 23.707 23.0073 22.3349 21.7186 21.1937 20.6816 20.1944 19.7293 19.2722 18.7892 18.2983 17.8127 17.3634 16.9282 16.4975 16.041 15.5569 15.0789 14.6737 14.2838 13.9094 13.5592 13.2219 12.9792 12.8027 12.6806 12.7697 12.8844 13.14 13.4019 13.9273 14.55 15.3983 16.4277 17.6433 18.8189 20.7151 22.682 24.5197 27.3766 30.2973 31.3896 32.0986 32.9124 33.8378 34.8819 36.0521 37.356 38.8014 40.3961 42.1486 44.0671 46.1605 48.4375 50.9073 53.5792 56.4629 59.568 62.9047 66.4832 
134.147 127.947 122.064 116.488 111.207 106.209 101.483 97.0176 92.8032 88.8287 85.084 81.5591 78.2441 75.1295 72.2059 69.4644 66.8959 64.4919 62.244 60.1438 58.1836 56.3556 54.6522 53.0661 51.5904 50.2182 48.943 47.7582 46.1991 43.0758 40.5739 38.1761 35.8909 34.0494 32.4906 30.8318 29.4073 28.1362 26.9825 25.8919 25.0307 24.2133 23.5068 22.8277 22.2048 21.6734 21.1548 20.6612 20.1898 19.7265 19.2372 18.7403 18.2487 17.7934 17.3523 16.9158 16.4535 15.9638 15.4801 15.0693 14.6738 14.2941 13.9384 13.5958 13.3478 13.166 13.0387 13.1227 13.2322 13.4827 13.7626 14.2828 14.9003 15.7435 16.7678 17.9785 19.149 21.0404 23.0023 24.8351 27.6873 30.6031 31.6907 32.395 33.204 34.1248 35.1642 36.3298 37.6291 39.0699 40.6601 42.4081 44.3221 46.411 48.6835 51.1489 53.8164 56.6957 59.7964 63.1288 66.7029 
135.044 128.831 122.936 117.348 112.055 107.045 102.308 97.8316 93.6062 89.6208 85.8655 82.33 79.0046 75.8798 72.9462 70.1947 67.6164 65.2028 62.9453 60.8358 58.8663 57.0291 55.3167 53.7218 52.2374 50.8566 49.5728 48.3797 46.8122 43.6808 41.1709 38.7652 36.4721 34.6229 33.0565 31.39 29.9582 28.6797 27.5187 26.421 25.5527 24.7283 24.015 23.329 22.6994 22.1613 21.6362 21.1361 20.6583 20.1886 19.6932 19.19 18.6923 18.231 17.7839 17.3415 16.8734 16.3778 15.8884 15.4719 15.0709 14.6856 14.3245 13.9764 13.723 13.5359 13.4033 13.4821 13.5864 13.8318 14.1186 14.6448 15.2572 16.0952 17.1144 18.32 19.4855 21.3719 23.3289 25.1568 28.0041 30.9151 31.9979 32.6974 33.5017 34.4178 35.4525 36.6135 37.9081 39.3443 40.93 42.6733 44.5829 46.6672 48.9353 51.3962 54.0593 56.9341 60.0305 63.3585 66.9283 
135.956 129.73 123.823 118.223 112.918 107.896 103.147 98.6597 94.423 90.4266 86.6603 83.1141 79.7781 76.6429 73.699 70.9374 68.3492 65.9257 63.6585 61.5395 59.5606 57.7141 55.9926 54.3887 52.8954 51.5058 50.2134 49.0117 47.4358 44.2961 41.778 39.3642 37.0631 35.2061 33.6319 31.9578 30.5184 29.2325 28.0641 26.9591 26.0836 25.2521 24.5318 23.8389 23.2025 22.6577 22.1259 21.6192 21.1349 20.6588 20.157 19.6475 19.1436 18.6762 18.223 17.7746 17.3006 16.7991 16.3039 15.8817 15.475 15.0841 14.7174 14.3638 14.105 13.9125 13.7746 13.848 13.9471 14.1873 14.469 15.0134 15.6205 16.4533 17.4674 18.6679 19.8284 21.7097 23.6617 25.4847 28.3271 31.2332 32.3112 33.0059 33.8055 34.7168 35.7468 36.9031 38.1931 39.6246 41.2057 42.9445 44.8494 46.9293 49.1928 51.6492 54.3079 57.1783 60.2702 63.5938 67.1592 
136.884 130.646 124.726 119.113 113.796 108.762 104.001 99.5019 95.2538 91.2461 87.4687 83.9115 80.5648 77.4189 74.4646 71.6927 69.0943 66.6608 64.3838 62.2551 60.2666 58.4107 56.6799 55.0668 53.5644 52.1659 50.8647 49.6544 48.0699 44.9218 42.3953 39.9733 37.6641 35.7991 34.217 32.5352 31.0881 29.7946 28.6187 27.5063 26.6235 25.7849 25.0574 24.3575 23.7142 23.1625 22.6239 22.1105 21.6196 21.137 20.6287 20.1129 19.6027 19.129 18.6697 18.2153 17.7352 17.2278 16.7267 16.2987 15.8862 15.4896 15.1172 14.7581 14.4938 14.2958 14.1525 14.2205 14.3143 14.5493 14.8257 15.3848 15.9904 16.8179 17.8268 19.0222 20.1776 22.0538 24.0008 25.8188 28.6563 31.5575 32.6306 33.3205 34.1153 35.0218 36.0471 37.1987 38.484 39.9108 41.4873 43.2214 45.1218 47.1971 49.4561 51.908 54.5621 57.4281 60.5156 63.8347 67.3957 
137.828 131.577 125.644 120.018 114.688 109.643 104.87 100.358 96.0986 92.0795 88.2908 84.7225 81.3648 78.2081 75.2431 72.4607 69.852 67.4083 65.1213 62.9826 60.9844 59.1189 57.3786 55.7562 54.2446 52.837 51.5269 50.3077 48.7146 45.5579 43.023 40.5926 38.2752 36.402 34.812 33.1222 31.6673 30.3661 29.1826 28.0627 27.1725 26.3265 25.5919 24.8849 24.2345 23.6758 23.1304 22.6102 22.1126 21.6234 21.1086 20.5863 20.0696 19.5897 19.1241 18.6635 18.1773 17.6639 17.1568 16.7229 16.3046 15.9022 15.5241 15.1593 14.8893 14.6858 14.537 14.5996 14.6881 14.9177 15.1888 15.7427 16.3667 17.189 18.1927 19.3828 20.5331 22.4043 24.3462 26.1592 28.9917 31.8879 32.9562 33.6412 34.4311 35.3328 36.3534 37.5002 38.7808 40.2029 41.7747 43.5042 45.4 47.4707 49.7251 52.1725 54.8221 57.6835 60.7666 64.0812 67.6378 
138.789 132.524 126.578 120.939 115.597 110.538 105.753 101.23 96.9578 92.9269 89.1267 85.547 82.1781 79.0105 76.0346 73.2416 70.6223 68.1683 65.871 63.7223 61.7142 59.8389 58.089 56.4571 54.9361 53.5193 52.2001 50.972 49.37 46.2046 43.661 41.2222 38.8964 37.015 35.4168 33.719 32.2561 30.9471 29.7559 28.6284 27.7307 26.8773 26.1353 25.421 24.7635 24.1978 23.6454 23.1183 22.6139 22.1179 21.5965 21.0676 20.5445 20.0581 19.5862 19.1193 18.6269 18.1074 17.5943 17.1544 16.7301 16.3219 15.938 15.5674 15.2918 15.0827 14.9283 14.9854 15.0684 15.2926 15.5584 16.1069 16.7496 17.5666 18.565 19.7499 20.895 22.761 24.6979 26.5058 29.3333 32.2246 33.2878 33.9679 34.753 35.6499 36.6657 37.8077 39.0835 40.501 42.068 43.7929 45.684 47.7501 49.9999 52.4427 55.0878 57.9447 61.0232 64.3334 67.8855 
139.766 133.487 127.528 121.876 116.52 111.449 106.651 102.115 97.8314 93.7886 89.9766 86.3854 83.0051 79.8262 76.8393 74.0354 71.4054 68.9408 66.6332 64.4742 62.456 60.5708 58.8111 57.1695 55.6391 54.2129 52.8844 51.6472 50.0362 46.8619 44.3096 41.8622 39.5279 37.6381 36.0316 34.3256 32.8547 31.5377 30.3387 29.2035 28.2981 27.4371 26.6877 25.9661 25.3013 24.7284 24.1689 23.6349 23.1236 22.6208 22.0926 21.5571 21.0274 20.5345 20.0561 19.5829 19.0842 18.5585 18.0392 17.5932 17.163 16.7487 16.359 15.9826 15.7012 15.4864 15.3264 15.3779 15.4553 15.674 15.9344 16.4776 17.1179 17.9507 18.9438 20.1234 21.2633 23.1241 25.0558 26.8587 29.6811 32.5674 33.6257 34.3008 35.081 35.973 36.984 38.1212 39.3922 40.8049 42.3672 44.0874 45.9739 48.0353 50.2805 52.7187 55.3592 58.2115 61.2855 64.5912 68.1388 
140.759 134.466 128.493 122.828 117.459 112.375 107.564 103.016 98.7196 94.6646 90.8406 87.2376 83.8457 80.6554 77.6573 74.8423 72.2014 69.7261 67.4079 65.2385 63.2101 61.3147 59.545 57.8936 56.3535 54.9178 53.5799 52.3334 50.7133 47.53 44.9688 42.5126 40.1697 38.2713 36.6564 34.9422 33.4631 32.1381 30.9311 29.788 28.8748 28.0062 27.2492 26.5202 25.848 25.2678 24.7011 24.16 23.6417 23.132 22.5969 22.0547 21.5183 21.0188 20.5339 20.0543 19.5492 19.0171 18.4917 18.0395 17.6032 17.1829 16.7872 16.4049 16.1177 15.8971 15.7313 15.7772 15.849 16.0621 16.317 16.8547 17.4896 18.3412 19.329 20.5033 21.6379 23.4936 25.4201 27.2178 30.0351 32.9164 33.9696 34.6398 35.4151 36.3022 37.3083 38.4406 39.7068 41.1147 42.6723 44.3878 46.2695 48.3262 50.5668 53.0004 55.6363 58.4841 61.5535 64.8547 68.3977 
141.769 135.462 129.476 123.797 118.414 113.317 108.493 103.932 99.6226 95.5551 91.7189 88.1039 84.7002 81.4983 78.4887 75.6625 73.0105 70.5243 68.1953 66.0153 63.9764 62.0708 60.2909 58.6296 57.0796 55.6342 54.2867 53.0308 51.4014 48.2089 45.6388 43.1737 40.8219 38.9149 37.2915 35.5688 34.0814 32.7482 31.5331 30.382 29.461 28.5846 27.8199 27.0833 26.4036 25.8161 25.2421 24.6938 24.1683 23.6516 23.1096 22.5605 22.0174 21.5112 21.0197 20.5335 20.0219 19.4835 18.9517 18.4933 18.0507 17.6244 17.2226 16.8343 16.5412 16.3147 16.1431 16.1833 16.2494 16.4569 16.7062 17.2384 17.8678 18.7227 19.7207 20.8897 22.0189 23.8693 25.7907 27.5832 30.3954 33.2715 34.3198 34.985 35.7552 36.6374 37.6386 38.7661 40.0274 41.4305 42.9833 44.694 46.571 48.623 50.8589 53.2879 55.9191 58.7623 61.8272 65.1237 68.6623 
142.797 136.475 130.474 124.781 119.385 114.274 109.437 104.862 100.541 96.4604 92.6118 88.9845 85.5688 82.355 79.3338 76.496 73.8328 71.3354 68.9955 66.8047 64.7552 62.8391 61.049 59.3774 57.8175 56.3622 55.005 53.7395 52.1007 48.8989 46.3195 43.8454 41.4847 39.5689 37.9368 36.2056 34.7098 33.3682 32.1449 30.9857 30.0567 29.1724 28.3999 27.6556 26.9683 26.3733 25.7919 25.2363 24.7036 24.1797 23.6307 23.0746 22.5246 22.0116 21.5134 21.0206 20.5025 19.9576 19.4193 18.9546 18.5058 18.0732 17.6653 17.271 16.9718 16.7394 16.562 16.5962 16.6566 16.8584 17.1021 17.6287 18.2525 19.1019 20.1188 21.2825 22.4064 24.2515 26.1676 27.9549 30.7619 33.6329 34.6761 35.3362 36.1015 36.9787 37.9749 39.0975 40.354 41.7522 43.3002 45.0061 46.8783 48.9256 51.1568 53.5811 56.2077 59.0462 62.1065 65.3985 68.9324 
143.841 137.505 131.489 125.782 120.372 115.247 110.396 105.809 101.474 97.3807 93.5193 89.8795 86.4515 83.2257 80.1926 77.3432 74.6684 72.1598 69.8087 67.607 65.5466 63.6199 61.8192 60.1374 58.5672 57.1019 55.7349 54.4596 52.8112 49.5999 47.0113 44.5279 42.1582 40.2335 38.5925 36.8526 35.3482 33.9982 32.7665 31.5991 30.662 29.7697 28.9893 28.2371 27.5422 26.9395 26.3506 25.7876 25.2476 24.7165 24.1603 23.5972 23.0402 22.5203 22.0153 21.5157 20.991 20.4395 19.8947 19.4236 18.9684 18.5295 18.1154 17.7149 17.4097 17.1712 16.9878 17.0162 17.0707 17.2667 17.5046 18.0256 18.6438 19.4876 20.5126 21.6817 22.8002 24.64 26.5508 28.3329 31.1346 34.0005 35.0386 35.6936 36.4538 37.326 38.3173 39.4349 40.6865 42.0799 43.623 45.324 47.1915 49.234 51.4605 53.8801 56.502 59.3359 62.3915 65.6788 69.2082 
144.903 138.552 132.521 126.8 121.375 116.236 111.372 106.771 102.422 98.3159 94.4416 90.7891 87.3486 84.1105 81.0654 78.204 75.5176 72.9974 70.635 68.4221 66.3508 64.4132 62.6019 60.9095 59.329 57.8535 56.4764 55.1913 53.5331 50.3122 47.7141 45.2214 42.8425 40.9086 39.2588 37.51 35.9969 34.6382 33.3981 32.2223 31.2769 30.3765 29.5881 28.828 28.1252 27.5149 26.9184 26.3477 25.8003 25.2619 24.6985 24.1282 23.5641 23.0372 22.5253 22.0189 21.4874 20.9292 20.3779 19.9002 19.4386 18.9934 18.573 18.1662 17.8548 17.6102 17.4208 17.4432 17.4918 17.6819 17.914 18.4292 19.0417 19.8799 20.8993 22.0874 23.2005 25.0349 26.9403 28.7171 31.5137 34.3743 35.4072 36.0571 36.8123 37.6794 38.6657 39.7784 41.025 42.4134 43.9517 45.6479 47.5105 49.5483 51.77 54.1848 56.802 59.6312 62.6822 65.9649 69.4896 
145.982 139.616 133.57 127.834 122.395 117.242 112.363 107.748 103.386 99.2665 95.379 91.7136 88.2603 85.0097 81.9522 79.0788 76.3805 73.8485 71.4746 69.2503 67.1678 65.2192 63.3971 61.694 60.103 58.6171 57.2298 55.9346 54.2665 51.0359 48.4281 45.9259 43.5376 41.5946 39.9356 38.1778 36.6559 35.2885 34.0398 32.8555 31.9018 30.9931 30.1965 29.4284 28.7176 28.0995 27.4952 26.9169 26.362 25.8161 25.2453 24.6677 24.0965 23.5625 23.0436 22.5302 21.9919 21.427 20.869 20.3847 19.9165 19.4648 19.038 18.6249 18.3072 18.0565 17.8609 17.8772 17.9198 18.104 18.3302 18.8396 19.4463 20.2788 21.2925 22.4925 23.6071 25.4361 27.3362 29.1077 31.8989 34.7544 35.782 36.4268 37.1768 38.0389 39.0201 40.1278 41.3695 42.753 44.2863 45.9776 47.8354 49.8683 52.0853 54.4953 57.1078 59.9323 62.9785 66.2566 69.7767 
147.08 140.698 134.637 128.885 123.431 118.264 113.371 108.742 104.366 100.233 96.3316 92.653 89.1868 85.9234 82.8534 79.9676 77.2572 74.7133 72.3276 70.0918 67.9979 66.0381 64.205 62.491 60.8893 59.3929 57.9952 56.6898 55.0116 51.771 49.1534 46.6416 44.2438 42.2914 40.6231 38.8563 37.3253 35.9491 34.6917 33.4987 32.5365 31.6194 30.8145 30.0383 29.3195 28.6933 28.0812 27.4952 26.9326 26.3791 25.8009 25.2159 24.6374 24.0963 23.5702 23.0498 22.5046 21.9328 21.368 20.8769 20.4022 19.9439 19.5106 19.0911 18.7671 18.5101 18.3083 18.3184 18.3549 18.5331 18.7533 19.2568 19.8577 20.6843 21.6923 22.8866 24.0202 25.8437 27.7384 29.5045 32.2904 35.1406 36.163 36.8026 37.5475 38.4045 39.3806 40.4833 41.7199 43.0984 44.6268 46.3132 48.1662 50.1942 52.4063 54.8116 57.4193 60.239 63.2806 66.554 70.0694 
148.195 141.797 135.721 129.954 124.485 119.302 114.395 109.751 105.361 101.214 97.2997 93.6076 90.1282 86.8518 83.769 80.8707 78.1479 75.5919 73.1943 70.9467 68.8412 66.8701 65.0257 63.3007 61.6881 60.181 58.7727 57.4568 55.7684 52.5178 49.8902 47.3686 44.9611 42.9992 41.3216 39.5454 38.0054 36.6202 35.3538 34.1522 33.1813 32.2556 31.4424 30.6578 29.9308 29.2966 28.6765 28.0826 27.5122 26.9511 26.3653 25.7729 25.1869 24.6385 24.1052 23.5777 23.0254 22.4467 21.875 21.3772 20.8957 20.4308 19.9909 19.5649 19.2344 18.971 18.7629 18.7669 18.7972 18.9693 19.1834 19.6809 20.2758 21.0966 22.0987 23.2873 24.436 26.2577 28.1469 29.9077 32.6882 35.5331 36.5503 37.1846 37.9243 38.7761 39.7472 40.8447 42.0763 43.4499 44.9733 46.6548 48.5028 50.526 52.7332 55.1337 57.7366 60.5516 63.5884 66.8571 70.3678 
149.33 142.915 136.823 131.04 125.556 120.358 115.435 110.777 106.373 102.212 98.2834 94.5776 91.0848 87.7951 84.6994 81.7883 79.0529 76.4846 74.0748 71.8152 69.698 67.7152 65.8594 64.1232 62.4995 60.9815 59.5625 58.2361 56.5372 53.2763 50.6386 48.107 45.6898 43.7181 42.031 40.2455 38.6961 37.3018 36.0264 34.8158 33.8362 32.9019 32.0801 31.2871 30.5518 29.9094 29.2812 28.6793 28.1011 27.5322 26.9387 26.3386 25.7452 25.1894 24.6488 24.1141 23.5546 22.9688 22.3901 21.8854 21.3971 20.9254 20.4789 20.0463 19.7093 19.4395 19.225 19.2226 19.2467 19.4125 19.6206 20.1119 20.7009 21.5157 22.5119 23.6946 24.8375 26.6781 28.5618 30.3171 33.0923 35.9318 36.9437 37.5727 38.3072 39.1538 40.1198 41.2122 42.4388 43.8072 45.3256 47.0022 48.8453 50.8636 53.0659 55.4615 58.0596 60.8698 63.9019 67.1658 70.6719 
150.482 144.051 137.943 132.144 126.644 121.431 116.493 111.82 107.401 103.225 99.2829 95.5633 92.0567 88.7536 85.6446 82.7205 79.9724 77.3914 74.9692 72.6975 70.5683 68.5737 66.7063 64.9586 63.3237 61.7946 60.3647 59.0275 57.3181 54.0467 51.3988 48.8571 46.4298 44.4484 42.7515 40.9564 39.3977 37.994 36.7095 35.4899 34.5014 33.5583 32.7278 31.9263 31.1826 30.5318 29.8954 29.2855 28.6992 28.1224 27.5211 26.9134 26.3123 25.749 25.201 24.6589 24.0922 23.4992 22.9135 22.4018 21.9065 21.428 20.9747 20.5354 20.1919 19.9155 19.6945 19.6857 19.7034 19.863 20.0648 20.55 21.1329 21.9417 22.9319 24.1087 25.2457 27.1036 28.9831 30.7329 33.5026 36.3367 37.3432 37.967 38.6962 39.5377 40.4984 41.5857 42.8072 44.1706 45.684 47.3555 49.1936 51.207 53.4045 55.7952 58.3885 61.1938 64.2211 67.4803 70.9816 
151.654 145.206 139.081 133.266 127.75 122.521 117.568 112.88 108.446 104.256 100.299 96.5647 93.0442 89.7274 86.605 83.6676 80.9064 78.3127 75.8779 73.5938 71.4524 69.4458 67.5665 65.8073 64.1609 62.6205 61.1795 59.8314 58.1112 54.8292 52.1709 49.6188 47.1815 45.19 43.4833 41.6785 40.1102 38.6971 37.4033 36.1745 35.1769 34.225 33.3857 32.5755 31.8232 31.164 30.5193 29.9011 29.3067 28.7218 28.1126 27.4971 26.8883 26.3173 25.7618 25.2123 24.6383 24.038 23.4451 22.9263 22.4241 21.9386 21.4785 21.0324 20.6821 20.3991 20.1715 20.1562 20.1675 20.3208 20.5163 20.9952 21.5719 22.3745 23.3587 24.5295 25.6605 27.5126 29.4107 31.155 33.9192 36.7479 37.749 38.3675 39.0914 39.9276 40.8831 41.9653 43.1816 44.5399 46.0482 47.7147 49.5479 51.5563 53.7488 56.1347 58.7231 61.5236 64.5461 67.8005 71.297 
152.845 146.38 140.238 134.406 128.874 123.629 118.66 113.956 109.507 105.302 101.33 97.5822 94.0476 90.7168 87.5806 84.6298 81.8553 79.2486 76.801 74.5043 72.3504 70.3316 68.4404 66.6693 65.0112 63.4594 62.0071 60.6479 58.9167 55.624 52.955 50.3925 47.9448 45.9432 44.2265 42.4119 40.8338 39.4112 38.1079 36.8698 35.863 34.902 34.0538 33.2348 32.4738 31.806 31.1528 30.5263 29.9236 29.3307 28.7134 28.09 27.4734 26.8946 26.3315 25.7744 25.1929 24.5853 23.9851 23.4591 22.9498 22.4573 21.9902 21.5372 21.1801 20.8904 20.6562 20.6343 20.6391 20.7858 20.975 21.4476 22.018 22.8145 23.7925 24.9572 26.0821 27.9282 29.8446 31.5833 34.3421 37.1653 38.161 38.7741 39.4927 40.3236 41.2739 42.3508 43.562 44.9152 46.4184 48.0799 49.908 51.9114 54.099 56.4799 59.0634 61.8591 64.8768 68.1263 71.6181 
154.056 147.573 141.414 135.565 130.016 124.755 119.77 115.051 110.586 106.366 102.379 98.6161 95.067 91.722 88.5719 85.6073 82.8194 80.1993 77.7387 75.4291 73.2626 71.2314 69.3279 67.5448 65.8749 64.3114 62.8476 61.4771 59.7349 56.4312 53.7514 51.1783 48.7201 46.7082 44.9813 43.1566 41.5687 40.1363 38.8235 37.5759 36.5598 35.5896 34.7323 33.9043 33.1345 32.4581 31.7963 31.1612 30.5502 29.949 29.3236 28.6921 28.0675 27.481 26.9101 26.3454 25.7563 25.1412 24.5336 24.0003 23.4838 22.9842 22.51 22.0501 21.6861 21.3895 21.1485 21.12 21.1181 21.2584 21.441 21.9072 22.4713 23.2614 24.2332 25.3917 26.5106 28.3506 30.2616 32.018 34.7712 37.589 38.5792 39.1869 39.9001 40.7257 41.6707 42.7424 43.9484 45.2964 46.7946 48.4509 50.274 52.2724 54.4551 56.831 59.4096 62.2004 65.2132 68.458 71.9449 
155.287 148.786 142.609 136.743 131.177 125.899 120.898 116.163 111.682 107.446 103.444 99.6665 96.1027 92.7433 89.579 86.6004 83.7987 81.1652 78.6912 76.3686 74.1893 72.1454 70.2295 68.4341 66.7522 65.1768 63.7013 62.3194 60.5658 57.2509 54.5602 51.9762 49.5074 47.485 45.7478 43.913 42.315 40.8727 39.5501 38.293 37.2674 36.2878 35.4213 34.5843 33.8055 33.1202 32.4497 31.806 31.1865 30.5769 29.9433 29.3036 28.671 28.0764 27.4977 26.9252 26.3284 25.7058 25.0907 24.55 24.0261 23.5193 23.038 22.571 22.2 21.8965 21.6487 21.6133 21.6048 21.7384 21.9145 22.3742 22.9318 23.7156 24.681 25.8333 26.9459 28.7798 30.6847 32.459 35.2067 38.0188 39.0036 39.6058 40.3137 41.1339 42.0736 43.1401 44.3408 45.6837 47.1766 48.8279 50.6459 52.6393 54.817 57.1879 59.7616 62.5475 65.5554 68.7953 72.2774 
156.538 150.019 143.824 137.941 132.357 127.062 122.044 117.293 112.796 108.544 104.527 100.734 97.1551 93.781 90.6021 87.6093 84.7936 82.1463 79.6589 77.3229 75.1305 73.0738 71.1452 69.3374 67.6432 66.0558 64.5684 63.1747 61.4096 58.0835 55.3816 52.7866 50.307 48.2739 46.5262 44.681 43.0729 41.6205 40.2881 39.0211 37.9859 36.9969 36.121 35.2747 34.4869 33.7926 33.1132 32.4608 31.8327 31.2146 30.5725 29.9246 29.2838 28.6812 28.0944 27.514 26.9095 26.2791 25.6565 25.1083 24.577 24.0628 23.5742 23.1 22.722 22.4114 22.1567 22.1145 22.0992 22.226 22.3955 22.8486 23.3997 24.177 25.136 26.2819 27.3883 29.2159 31.1146 32.8847 35.6483 38.4549 39.4342 40.0309 40.7333 41.5482 42.4825 43.5437 44.7392 46.0769 47.5647 49.2108 51.0238 53.0121 55.1847 57.5507 60.1194 62.9004 65.9034 69.1384 72.6157 
157.81 151.273 145.059 139.158 133.557 128.244 123.209 118.441 113.928 109.66 105.627 101.818 98.2244 94.8352 91.6416 88.6344 85.8044 83.1431 80.6419 78.2924 76.0867 74.0168 72.0754 70.2548 68.5482 66.9485 65.4491 64.0435 62.2667 58.929 56.2157 53.6097 51.119 49.0751 47.3167 45.461 43.8425 42.38 41.0374 39.7606 38.7156 37.7169 36.8316 35.9759 35.1788 34.4754 33.787 33.1258 32.4889 31.8621 31.2115 30.5551 29.9061 29.2952 28.7004 28.112 27.4996 26.8614 26.2311 25.6752 25.1364 24.6148 24.1188 23.6374 23.2521 22.9345 22.6727 22.6235 22.6013 22.7213 22.884 23.3305 23.8749 24.6457 25.5982 26.7377 27.8377 29.659 31.5514 33.3153 36.0962 38.8972 39.8709 40.4622 41.1591 41.9686 42.8975 43.9534 45.1436 46.476 47.9587 49.5997 51.4075 53.3907 55.5583 57.9193 60.483 63.259 66.2571 69.4873 72.9597 
159.103 152.547 146.315 140.395 134.776 129.446 124.394 119.608 115.079 110.794 106.745 102.921 99.3109 95.9065 92.6979 89.6758 86.8314 84.1558 81.6405 79.2773 77.058 74.9748 73.0202 71.1868 69.4674 67.8552 66.3435 64.9258 63.1371 59.7877 57.0629 54.4455 51.9437 49.8887 48.1195 46.2531 44.6241 43.1511 41.7984 40.5115 39.4565 38.448 37.5531 36.6879 35.8814 35.1687 34.4712 33.801 33.1552 32.5197 31.8604 31.1955 30.538 29.9188 29.3158 28.7193 28.0989 27.4528 26.8146 26.251 25.7045 25.1753 24.6719 24.1831 23.7905 23.4657 23.1968 23.1405 23.1113 23.2245 23.3803 23.8199 24.3577 25.1218 26.0678 27.2007 28.2942 30.1091 31.9952 33.7527 36.5301 39.3458 40.3139 40.8996 41.591 42.395 43.3186 44.3691 45.554 46.8812 48.3586 49.9944 51.7971 53.7752 55.9377 58.2939 60.8524 63.6235 66.6167 69.8419 73.3095 
160.419 153.843 147.591 141.653 136.015 130.667 125.597 120.795 116.248 111.947 107.881 104.041 100.415 96.995 93.7711 90.734 87.8748 85.1847 82.6551 80.2778 78.0447 75.9479 73.98 72.1334 70.4012 68.7762 67.252 65.822 64.0212 60.6599 57.9234 55.2944 52.7812 50.715 48.9348 47.0575 45.4178 43.9343 42.5711 41.274 40.2089 39.1905 38.2857 37.4109 36.5948 35.8728 35.166 34.4866 33.8318 33.1874 32.5194 31.8458 31.1797 30.5521 29.9407 29.336 28.7074 28.0533 27.4071 26.8357 26.2815 25.7446 25.2337 24.7374 24.3374 24.0052 23.729 23.6656 23.6293 23.7354 23.8843 24.3171 24.8481 25.6054 26.5447 27.671 28.758 30.5664 32.446 34.1972 36.9682 39.8005 40.763 41.3431 42.029 42.8275 43.7457 44.7908 45.9704 47.2923 48.7645 50.3951 52.1926 54.1656 56.3231 58.674 61.2277 63.9938 66.982 70.2024 73.6651 
161.756 155.16 148.89 142.932 137.276 131.909 126.821 122.001 117.437 113.118 109.036 105.179 101.537 98.1013 94.8618 91.8093 88.9351 86.2301 83.686 81.2944 79.0472 76.9366 74.955 73.0951 71.3497 69.7118 68.1748 66.7323 64.9192 61.5457 58.7973 56.1565 53.6318 51.5542 49.7627 47.8744 46.2238 44.7296 43.3559 42.0483 40.973 39.9445 39.0297 38.1451 37.3194 36.5877 35.8715 35.1829 34.5189 33.8655 33.1885 32.5061 31.8313 31.1951 30.5752 29.9622 29.3253 28.663 28.0088 27.4295 26.8674 26.3228 25.8041 25.3002 24.8927 24.5531 24.2696 24.1989 24.1554 24.2544 24.3963 24.8221 25.3461 26.0966 27.0291 28.1488 29.2291 31.0309 32.904 34.6487 37.4132 40.2421 41.2182 41.7927 42.4731 43.2661 44.1788 45.2185 46.3928 47.7094 49.1763 50.8017 52.594 54.5619 56.7143 59.0601 61.6088 64.3699 67.3532 70.5686 74.0264 
163.117 156.5 150.21 144.232 138.557 133.172 128.065 123.227 118.645 114.309 110.21 106.336 102.678 99.2256 95.9702 92.9021 90.0125 87.2924 84.7335 82.3272 80.0657 77.941 75.9456 74.0721 72.3132 70.6622 69.1123 67.657 65.8313 62.4455 59.6849 57.0322 54.4957 52.4065 50.6037 48.7041 47.0424 45.5373 44.1529 42.8347 41.749 40.7102 39.7853 38.8907 38.0551 37.3138 36.588 35.8899 35.2166 34.554 33.868 33.1766 32.493 31.8481 31.2196 30.5981 29.9529 29.2823 28.6199 28.0325 27.4624 26.9099 26.3834 25.8718 25.4567 25.1095 24.8186 24.7405 24.6897 24.7815 24.9162 25.3349 25.852 26.5956 27.5212 28.634 29.7076 31.5027 33.3692 35.1073 37.8653 40.6877 41.6795 42.2484 42.9232 43.7107 44.6179 45.6522 46.8211 48.1324 49.594 51.2142 53.0014 54.9641 57.1113 59.4521 61.9958 64.7519 67.7302 70.9407 74.3936 
164.501 157.864 151.553 145.555 139.86 134.456 129.331 124.473 119.874 115.52 111.403 107.512 103.837 100.368 97.0968 94.0129 91.1075 88.3721 85.7979 83.3768 81.1007 78.9617 76.9521 75.0647 73.2922 71.6277 70.0646 68.5964 66.7579 63.3596 60.5866 57.9217 55.3732 53.2723 51.4578 49.5468 47.8738 46.3577 44.9623 43.6334 42.5371 41.4878 40.5526 39.6478 38.8023 38.0511 37.3156 36.6079 35.9252 35.2532 34.558 33.8576 33.165 32.5113 31.874 31.2439 30.5901 29.9112 29.2405 28.6448 28.0666 27.5061 26.9717 26.4523 26.0295 25.6747 25.3761 25.2906 25.2324 25.3168 25.4443 25.8558 26.3658 27.1023 28.021 29.1269 30.1936 31.9819 33.8417 35.5731 38.3246 41.1404 42.1287 42.7102 43.3794 44.1613 45.0631 46.0919 47.2554 48.5614 50.0177 51.6327 53.4146 55.3722 57.5143 59.85 62.3886 65.1397 68.113 71.3186 74.7666 
165.909 159.251 152.919 146.901 141.186 135.762 130.618 125.742 121.123 116.752 112.617 108.708 105.016 101.53 98.2422 95.1419 92.2206 89.4694 86.8798 84.4436 82.1525 79.9988 77.9749 76.0733 74.2869 72.6088 71.0322 69.5508 67.6993 64.2881 61.5026 58.8253 56.2646 54.1517 52.3254 50.4028 48.7184 47.1909 45.7844 44.4446 43.3375 42.2776 41.332 40.4169 39.5611 38.7999 38.0546 37.3371 36.6448 35.9633 35.2588 34.5491 33.8474 33.1847 32.5386 31.8997 31.2373 30.5498 29.8707 29.2667 28.6803 28.1116 27.5692 27.0418 26.6111 26.2486 25.9424 25.8492 25.7835 25.8605 25.9806 26.3849 26.8876 27.617 28.5286 29.6275 30.6873 32.4687 34.3216 36.0463 38.791 41.6002 42.5819 43.1781 43.8416 44.618 45.5142 46.5375 47.6957 48.9963 50.4473 52.057 53.8337 55.7862 57.9231 60.2537 62.7873 65.5334 68.5017 71.7023 75.1455 
167.343 160.663 154.31 148.271 142.535 137.091 131.927 127.032 122.394 118.004 113.851 109.924 106.215 102.712 99.4068 96.2898 93.3521 90.5849 87.9796 85.5279 83.2216 81.053 79.0144 77.0984 75.2978 73.6057 72.0155 70.5206 68.6558 65.2316 62.4332 59.7434 57.1702 55.0451 53.2068 51.2723 49.5763 48.0373 46.6196 45.2686 44.1505 43.0799 42.1236 41.198 40.3319 39.5605 38.8051 38.0778 37.3757 36.6846 35.9705 35.2515 34.5405 33.8687 33.2136 32.5658 31.8946 31.1984 30.5107 29.8983 29.3035 28.7266 28.176 27.6406 27.2019 26.8315 26.5174 26.4166 26.3433 26.4127 26.5253 26.9222 27.4176 28.1397 29.0442 30.1359 31.1887 32.9631 34.8091 36.5269 39.2648 42.0673 43.0423 43.6346 44.3098 45.0805 45.9712 46.9891 48.1419 49.4371 50.8829 52.4873 54.2588 56.206 58.3379 60.6634 63.1919 65.933 68.8963 72.092 75.5302 
168.804 162.101 155.726 149.666 143.909 138.444 133.26 128.345 123.688 119.278 115.107 111.162 107.434 103.914 100.591 97.4572 94.5028 91.7192 89.0978 86.6302 84.3085 82.1246 80.071 78.1403 76.3253 74.619 73.0148 71.5061 69.6279 66.1904 63.379 60.6762 58.0905 55.9529 54.1023 52.1558 50.4479 48.8973 47.468 46.1057 44.9765 43.8948 42.9277 41.9915 41.1149 40.3331 39.5675 38.8301 38.118 37.4172 36.6934 35.9649 35.2445 34.5634 33.8992 33.2423 32.5622 31.8572 31.1608 30.5398 29.9365 29.3512 28.7924 28.2487 27.8019 27.4235 27.1016 26.9929 26.9118 26.9736 27.0786 27.468 27.9559 28.6707 29.5678 30.6524 31.6979 33.4653 35.3043 37.0151 39.7461 42.5417 43.5099 44.0955 44.7839 45.5491 46.4342 47.4466 48.594 49.8838 51.3243 52.9234 54.6897 56.6318 58.7585 61.0789 63.6024 66.3384 69.2969 72.4876 75.921 
170.292 163.566 157.168 151.086 145.308 139.822 134.616 129.681 125.004 120.575 116.384 112.421 108.675 105.136 101.796 98.6446 95.6732 92.8728 90.235 87.7513 85.4137 83.2143 81.1454 79.1997 77.3699 75.6491 74.0306 72.508 70.616 67.1649 64.3402 61.6243 59.0257 56.8754 55.0124 53.0536 51.3336 49.7711 48.3301 46.9563 45.8157 44.7229 43.7448 42.7976 41.9104 41.1181 40.342 39.5944 38.8722 38.1614 37.4278 36.6896 35.9597 35.2692 34.5956 33.9295 33.2404 32.5264 31.8212 31.1914 30.5795 29.9857 29.4184 28.8665 28.4115 28.0249 27.6949 27.5783 27.4893 27.5433 27.6406 28.0223 28.5027 29.21 30.0998 31.177 32.2153 33.9754 35.8073 37.511 40.235 43.0236 43.9848 44.5636 45.2479 46.0234 46.903 47.91 49.0519 50.3365 51.7716 53.3655 55.1265 57.0634 59.185 61.5004 64.0188 66.7499 69.7034 72.8892 76.3177 
171.809 165.059 158.638 152.533 146.733 141.225 135.998 131.042 126.345 121.896 117.685 113.702 109.937 106.38 103.022 99.8529 96.864 94.0465 91.3919 88.8917 86.5379 84.3225 82.2381 80.277 78.4321 76.6966 75.0636 73.5266 71.6205 68.1557 65.3173 62.5882 59.9764 57.8132 55.9374 53.9662 52.2338 50.6592 49.2063 47.8207 46.6686 45.5644 44.575 43.6168 42.7187 41.9157 41.1291 40.371 39.6386 38.9176 38.174 37.4259 36.6863 35.9862 35.3031 34.6277 33.9294 33.2063 32.4921 31.8534 31.2328 30.6303 30.0545 29.494 29.0307 28.6358 28.2976 28.1729 28.076 28.1221 28.2115 28.5855 29.0582 29.7579 30.6401 31.7099 32.7408 34.4936 36.3182 38.0147 40.7316 43.5131 44.4673 45.039 45.7164 46.5036 47.3777 48.3793 49.5158 50.7949 52.2247 53.8134 55.5692 57.501 59.6175 61.9278 64.4412 67.1673 70.1159 73.2969 76.7206 
173.357 166.583 160.138 154.009 148.186 142.655 137.407 132.429 127.711 123.241 119.01 115.008 111.223 107.647 104.27 101.083 98.0762 95.2411 92.5692 90.0522 87.6818 85.4502 83.3498 81.373 79.5128 77.7621 76.1142 74.5626 72.6422 69.1633 66.3111 63.5682 60.9431 58.7667 56.878 54.8939 53.1491 51.5621 50.097 48.6995 47.5356 46.4197 45.4189 44.4495 43.5403 42.7263 41.9289 41.1602 40.4174 39.6861 38.9323 38.1742 37.4247 36.7148 36.0221 35.3372 34.6295 33.8972 33.1738 32.5261 31.8966 31.2853 30.7007 30.1317 29.6598 29.2565 28.9101 28.7772 28.6721 28.7101 28.7916 29.1577 29.6226 30.3146 31.1891 32.2513 33.2747 35.0201 36.8373 38.5265 41.236 44.0103 44.9574 45.5221 46.1924 46.9752 47.8582 48.8543 49.9854 51.2592 52.6837 54.2671 56.0178 57.9444 60.0558 62.3611 64.8696 67.5908 70.5345 73.7107 77.1296 
174.937 168.138 161.668 155.515 149.668 144.114 138.843 133.843 129.103 124.612 120.361 116.338 112.534 108.938 105.542 102.336 99.3107 96.4576 93.7681 91.2337 88.8464 86.5981 84.4813 82.4885 80.6125 78.8464 77.1833 75.6168 73.6817 70.1884 67.322 64.5652 61.9264 59.7366 57.8346 55.8375 54.0799 52.4803 51.0028 49.593 48.4171 47.2894 46.277 45.2961 44.3756 43.5505 42.7421 41.9626 41.2091 40.4673 39.7032 38.9349 38.1753 37.4555 36.753 36.0584 35.3411 34.5994 33.8667 33.2098 32.5712 31.9509 31.3575 30.7798 30.2992 29.8874 29.5325 29.3912 29.2778 29.3077 29.3811 29.7392 30.1962 30.8803 31.747 32.8015 33.8172 35.555 37.3647 39.0464 41.7486 44.5156 45.4554 46.0128 46.6759 47.4516 48.3444 49.335 50.4608 51.7293 53.1485 54.7267 56.4723 58.3938 60.5002 62.8005 65.304 68.0204 70.9593 74.1307 77.545 
176.553 169.727 163.231 157.053 151.182 145.604 140.309 135.286 130.524 126.011 121.738 117.694 113.87 110.254 106.838 103.613 100.569 97.6973 94.9897 92.4375 90.0328 87.7674 85.6338 83.6246 81.7324 79.9504 78.2718 76.69 74.7399 71.2318 68.3509 65.58 62.9271 60.7235 58.808 56.7977 55.0269 53.4145 51.9243 50.5021 49.3139 48.1742 47.1499 46.1572 45.2252 44.3887 43.5692 42.7787 42.0143 41.2618 40.4871 39.7084 38.9385 38.2086 37.4961 36.7917 36.0647 35.3133 34.5712 33.905 33.2571 32.6277 32.0253 31.4386 30.9493 30.5287 30.1652 30.0154 29.8936 29.9151 29.9803 30.3302 30.7791 31.4552 32.3141 33.3607 34.3686 36.0987 37.9007 39.5749 42.2695 45.029 45.9613 46.5114 47.1672 47.9356 48.8236 49.8214 50.9418 52.2051 53.6191 55.1921 56.9326 58.8491 60.9505 63.2459 65.7446 68.4562 71.3904 74.5572 77.9669 
178.209 171.355 164.832 158.627 152.73 147.127 141.808 136.761 131.976 127.44 123.145 119.08 115.233 111.597 108.161 104.916 101.852 98.9618 96.2355 93.665 91.2423 88.9594 86.8086 84.7824 82.8737 81.0754 79.3808 77.7833 75.8179 72.2947 69.3989 66.6134 63.9462 61.7285 59.7992 57.7752 55.9911 54.3655 52.8624 51.4274 50.2267 49.0746 48.0382 47.0336 46.0897 45.2417 44.4108 43.609 42.8335 42.0701 41.2847 40.4953 39.715 38.9747 38.2521 37.5376 36.8007 36.0396 35.2878 34.612 33.9547 33.3161 32.7044 32.1087 31.6104 31.181 30.8087 30.6502 30.5198 30.5329 30.5896 30.9312 31.3719 32.0399 32.8906 33.9292 34.9292 36.6514 38.4456 40.112 42.799 45.5509 46.4756 47.0181 47.6665 48.4274 49.308 50.3133 51.4284 52.6865 54.0954 55.6633 57.3988 59.3103 61.4069 63.6975 66.1915 68.8984 71.8281 74.9905 78.3959 
179.91 173.026 166.474 160.242 154.317 148.688 143.344 138.272 133.462 128.903 124.584 120.496 116.628 112.97 109.513 106.247 103.163 100.253 97.5075 94.9182 92.4769 90.1759 88.0073 85.9637 84.0379 82.2229 80.5118 78.8983 76.917 73.3782 70.4673 67.6667 64.9848 62.7527 60.8092 58.7713 56.9734 55.3343 53.818 52.37 51.1565 49.9917 48.9429 47.9261 46.9702 46.1103 45.2677 44.4544 43.6677 42.8931 42.0967 41.2965 40.5055 39.7547 39.0216 38.2969 37.5499 36.7788 36.0171 35.3316 34.6647 34.0166 33.3956 32.7906 32.2831 31.8447 31.4635 31.2961 31.157 31.1614 31.2096 31.5427 31.975 32.6346 33.4771 34.5075 35.4995 37.2136 38.9999 40.6584 43.3375 46.0815 46.9985 47.5333 48.174 48.9273 49.8004 50.8003 51.9205 53.1734 54.5773 56.1403 57.8708 59.7776 61.8694 64.1554 66.6449 69.3475 72.2729 75.4311 78.8325 
181.666 174.75 168.167 161.905 155.951 150.294 144.922 139.823 134.987 130.403 126.06 121.948 118.057 114.377 110.897 107.61 104.505 101.574 98.8087 96.1997 93.7393 91.4194 89.2324 87.1708 85.2273 83.3949 81.6669 80.0367 78.0391 74.4844 71.5577 68.7418 66.0447 63.7978 61.8396 59.7874 57.9754 56.3225 54.7925 53.3312 52.1045 50.9268 49.8652 48.8359 47.8677 46.9957 46.1411 45.3161 44.5177 43.7317 42.9241 42.1128 41.3109 40.5493 39.8057 39.0705 38.3131 37.5318 36.7601 36.0647 35.388 34.7301 34.0996 33.4851 32.9683 32.5206 32.1303 31.9539 31.8059 31.8014 31.8409 32.1653 32.589 33.2402 34.0742 35.0963 36.0799 37.7859 39.564 41.2144 43.8854 46.6215 47.5306 48.0575 48.6903 49.4357 50.3009 51.2931 52.4178 53.6657 55.0647 56.6229 58.3488 60.251 62.3384 64.6202 67.1055 69.8041 72.7257 75.8804 79.2785 
183.499 176.545 169.926 163.63 157.643 151.955 146.552 141.425 136.561 131.95 127.581 123.443 119.527 115.822 112.32 109.01 105.883 102.93 100.143 97.5138 95.0332 92.6936 90.4874 88.407 86.4451 84.5947 82.849 81.2015 79.187 75.6157 72.6727 69.8408 67.1282 64.8658 62.8926 60.8256 58.9991 57.3319 55.788 54.3128 53.0726 51.8816 50.8069 49.7648 48.7839 47.8994 47.0326 46.1955 45.3852 44.5875 43.7684 42.9457 42.1326 41.36 40.6055 39.8596 39.0916 38.2999 37.5179 36.8123 36.1256 35.4578 34.8175 34.1933 33.667 33.2099 32.8102 32.6246 32.4674 32.4539 32.4844 32.8 33.215 33.8574 34.6829 35.6964 36.6715 38.3691 40.1388 41.7809 44.4437 47.1715 48.0724 48.5912 49.2158 49.9532 50.8103 51.7944 52.9128 54.1632 55.5576 57.1114 58.833 60.7311 62.8146 65.0927 67.5748 70.2704 73.1896 76.3426 79.7398 
196.176 188.992 171.797 165.454 159.426 153.698 148.259 143.097 138.201 133.558 129.159 124.993 121.05 117.319 113.79 110.455 107.304 104.328 101.519 98.8672 96.3651 94.0046 91.778 89.6777 87.6963 85.827 84.0628 82.3972 80.3649 76.7762 73.8163 70.9677 68.2387 65.9604 63.9716 61.8892 60.0476 58.3656 56.8071 55.3177 54.0635 52.8588 51.7706 50.7151 49.7212 48.8239 47.9444 47.0949 46.2724 45.4627 44.6316 43.7973 42.9727 42.1888 41.4231 40.6661 39.8873 39.0849 38.2924 37.5764 36.8793 36.2014 35.5511 34.9171 34.3809 33.9142 33.5049 33.3099 33.1433 33.1206 33.1419 33.4485 33.8544 34.4879 35.3045 36.3093 37.2758 38.9647 40.7258 42.3593 45.0136 47.733 48.6254 49.1357 49.752 50.4809 51.3295 52.305 53.4149 54.6654 56.0558 57.6059 59.3242 61.2196 63.3012 65.5787 68.0629 70.7728 73.7578 86.472 89.8529 
1e+10 1e+10 1e+10 1e+10 1e+10 1e+10 161.028 155.576 150.475 145.668 130.837 126.633 122.655 118.891 115.332 111.968 108.789 105.786 102.951 100.274 97.748 95.3643 93.1152 90.9931 88.9907 87.1008 85.3166 83.6315 81.5803 77.9731 74.9951 72.1289 69.3826 67.0875 65.0821 62.9835 61.1262 59.4287 57.855 56.3507 55.0818 53.8628 52.7605 51.6912 50.6837 49.773 48.8805 48.0181 47.1829 46.3607 45.5174 44.6711 43.8346 43.039 42.2618 41.4935 40.7036 39.8901 39.0867 38.36 37.6525 36.9641 36.3035 35.6593 35.1132 34.6365 34.2175 34.0128 33.8367 33.8045 33.8164 34.1137 34.5104 35.1349 35.9425 36.9383 37.8958 39.5759 41.3282 42.953 45.5986 48.3093 49.193 49.6946 50.302 51.0221 51.8618 52.8281 53.9285 55.1703 56.5877 67.6664 69.3994 71.3069 73.3989 1e+10 1e+10 1e+10 1e+10 1e+10 1e+10 
1e+10 1e+10 1e+10 1e+10 1e+10 1e+10 1e+10 1e+10 1e+10 1e+10 1e+10 1e+10 1e+10 1e+10 127.979 124.263 120.881 117.72 114.752 111.958 99.2195 96.8066 94.5297 92.3812 90.3535 88.4395 86.632 84.9245 82.8517 79.2236 76.2253 73.3395 70.5742 68.2604 66.237 64.1209 62.2464 60.5321 58.9421 57.4218 56.1374 54.9031 53.7859 52.7019 51.6801 50.7554 49.8491 48.9732 48.1248 47.2896 46.4335 45.5746 44.7258 43.9181 43.129 42.349 41.5475 40.7227 39.9082 39.1705 38.4521 37.7532 37.0821 36.4276 35.8713 35.3846 34.9557 34.7412 34.5556 34.5139 34.5166 34.8048 35.1925 35.8082 36.6072 37.5946 38.5441 40.2165 41.9618 43.5809 46.2246 58.3297 59.224 59.7374 60.3584 61.0954 61.9658 1e+10 1e+10 1e+10 1e+10 1e+10 1e+10 1e+10 1e+10 1e+10 1e+10 1e+10 1e+10 1e+10 1e+10 
1e+10 1e+10 1e+10 1e+10 1e+10 1e+10 1e+10 1e+10 1e+10 1e+10 1e+10 1e+10 1e+10 1e+10 1e+10 1e+10 1e+10 1e+10 1e+10 1e+10 1e+10 1e+10 1e+10 1e+10 1e+10 1e+10 98.5622 96.6556 94.4413 90.6966 87.5969 84.6203 81.7724 79.3826 77.2885 65.3382 63.4431 61.7091 60.0999 58.5612 57.2589 56.0073 54.8733 53.7731 52.7354 51.7953 50.874 49.9835 49.1208 48.2718 47.4022 46.5301 45.6685 44.8482 44.0469 43.2551 42.4421 41.6061 40.7806 40.0325 39.304 38.5953 37.915 37.2519 36.6877 36.1942 45.06 44.8441 44.6586 44.619 44.6258 44.9206 45.3185 45.9499 46.778 1e+10 1e+10 1e+10 1e+10 1e+10 1e+10 1e+10 1e+10 1e+10 1e+10 1e+10 1e+10 1e+10 1e+10 1e+10 1e+10 1e+10 1e+10 1e+10 1e+10 1e+10 1e+10 1e+10 1e+10 1e+10 1e+10 
1e+10 1e+10 1e+10 1e+10 1e+10 1e+10 1e+10 1e+10 1e+10 1e+10 1e+10 1e+10 1e+10 1e+10 1e+10 1e+10 1e+10 1e+10 1e+10 1e+10 1e+10 1e+10 1e+10 1e+10 1e+10 1e+10 1e+10 1e+10 1e+10 1e+10 1e+10 1e+10 1e+10 1e+10 1e+10 1e+10 1e+10 1e+10 1e+10 1e+10 1e+10 1e+10 1e+10 1e+10 1e+10 1e+10 1e+10 1e+10 1e+10 1e+10 1e+10 1e+10 1e+10 1e+10 1e+10 1e+10 1e+10 1e+10 1e+10 1e+10 1e+10 1e+10 1e+10 1e+10 1e+10 1e+10 1e+10 1e+10 1e+10 1e+10 1e+10 1e+10 1e+10 1e+10 1e+10 1e+10 1e+10 1e+10 1e+10 1e+10 1e+10 1e+10 1e+10 1e+10 1e+10 1e+10 1e+10 1e+10 1e+10 1e+10 1e+10 1e+10 1e+10 1e+10 1e+10 1e+10 1e+10 1e+10 1e+10 1e+10 1e+10 
1e+10 1e+10 1e+10 1e+10 1e+10 1e+10 1e+10 1e+10 1e+10 1e+10 1e+10 1e+10 1e+10 1e+10 1e+10 1e+10 1e+10 1e+10 1e+10 1e+10 1e+10 1e+10 1e+10 1e+10 1e+10 1e+10 1e+10 1e+10 1e+10 1e+10 1e+10 1e+10 1e+10 1e+10 1e+10 1e+10 1e+10 1e+10 1e+10 1e+10 1e+10 1e+10 1e+10 1e+10 1e+10 1e+10 1e+10 1e+10 1e+10 1e+10 1e+10 1e+10 1e+10 1e+10 1e+10 1e+10 1e+10 1e+10 1e+10 1e+10 1e+10 1e+10 1e+10 1e+10 1e+10 1e+10 1e+10 1e+10 1e+10 1e+10 1e+10 1e+10 1e+10 1e+10 1e+10 1e+10 1e+10 1e+10 1e+10 1e+10 1e+10 1e+10 1e+10 1e+10 1e+10 1e+10 1e+10 1e+10 1e+10 1e+10 1e+10 1e+10 1e+10 1e+10 1e+10 1e+10 1e+10 1e+10 1e+10 1e+10 1e+10 
1e+10 1e+10 1e+10 1e+10 1e+10 1e+10 1e+10 1e+10 1e+10 1e+10 1e+10 1e+10 1e+10 1e+10 1e+10 1e+10 1e+10 1e+10 1e+10 1e+10 1e+10 1e+10 1e+10 1e+10 1e+10 1e+10 1e+10 1e+10 1e+10 1e+10 1e+10 1e+10 1e+10 1e+10 1e+10 1e+10 1e+10 1e+10 1e+10 1e+10 1e+10 1e+10 1e+10 1e+10 1e+10 1e+10 1e+10 1e+10 1e+10 1e+10 1e+10 1e+10 1e+10 1e+10 1e+10 1e+10 1e+10 1e+10 1e+10 1e+10 1e+10 1e+10 1e+10 1e+10 1e+10 1e+10 1e+10 1e+10 1e+10 1e+10 1e+10 1e+10 1e+10 1e+10 1e+10 1e+10 1e+10 1e+10 1e+10 1e+10 1e+10 1e+10 1e+10 1e+10 1e+10 1e+10 1e+10 1e+10 1e+10 1e+10 1e+10 1e+10 1e+10 1e+10 1e+10 1e+10 1e+10 1e+10 1e+10 1e+10 1e+10 
1e+10 1e+10 1e+10 1e+10 1e+10 1e+10 1e+10 1e+10 1e+10 1e+10 1e+10 1e+10 1e+10 1e+10 1e+10 1e+10 1e+10 1e+10 1e+10 1e+10 1e+10 1e+10 1e+10 1e+10 1e+10 1e+10 1e+10 1e+10 1e+10 1e+10 1e+10 1e+10 1e+10 1e+10 1e+10 1e+10 1e+10 1e+10 1e+10 1e+10 1e+10 1e+10 1e+10 1e+10 1e+10 1e+10 1e+10 1e+10 1e+10 1e+10 1e+10 1e+10 1e+10 1e+10 1e+10 1e+10 1e+10 1e+10 1e+10 1e+10 1e+10 1e+10 1e+10 1e+10 1e+10 1e+10 1e+10 1e+10 1e+10 1e+10 1e+10 1e+10 1e+10 1e+10 1e+10 1e+10 1e+10 1e+10 1e+10 1e+10 1e+10 1e+10 1e+10 1e+10 1e+10 1e+10 1e+10 1e+10 1e+10 1e+10 1e+10 1e+10 1e+10 1e+10 1e+10 1e+10 1e+10 1e+10 1e+10 1e+10 1e+10 
1e+10 1e+10 1e+10 1e+10 1e+10 1e+10 1e+10 1e+10 1e+10 1e+10 1e+10 1e+10 1e+10 1e+10 1e+10 1e+10 1e+10 1e+10 1e+10 1e+10 1e+10 1e+10 1e+10 1e+10 1e+10 1e+10 1e+10 1e+10 1e+10 1e+10 1e+10 1e+10 1e+10 1e+10 1e+10 1e+10 1e+10 1e+10 1e+10 1e+10 1e+10 1e+10 1e+10 1e+10 1e+10 1e+10 1e+10 1e+10 1e+10 1e+10 1e+10 1e+10 1e+10 1e+10 1e+10 1e+10 1e+10 1e+10 1e+10 1e+10 1e+10 1e+10 1e+10 1e+10 1e+10 1e+10 1e+10 1e+10 1e+10 1e+10 1e+10 1e+10 1e+10 1e+10 1e+10 1e+10 1e+10 1e+10 1e+10 1e+10 1e+10 1e+10 1e+10 1e+10 1e+10 1e+10 1e+10 1e+10 1e+10 1e+10 1e+10 1e+10 1e+10 1e+10 1e+10 1e+10 1e+10 1e+10 1e+10 1e+10 1e+10 
1e+10 1e+10 1e+10 1e+10 1e+10 1e+10 1e+10 1e+10 1e+10 1e+10 1e+10 1e+10 1e+10 1e+10 1e+10 1e+10 1e+10 1e+10 1e+10 1e+10 1e+10 1e+10 1e+10 1e+10 1e+10 1e+10 1e+10 1e+10 1e+10 1e+10 1e+10 1e+10 1e+10 1e+10 1e+10 1e+10 1e+10 1e+10 1e+10 1e+10 1e+10 1e+10 1e+10 1e+10 1e+10 1e+10 1e+10 1e+10 1e+10 1e+10 1e+10 1e+10 1e+10 1e+10 1e+10 1e+10 1e+10 1e+10 1e+10 1e+10 1e+10 1e+10 1e+10 1e+10 1e+10 1e+10 1e+10 1e+10 1e+10 1e+10 1e+10 1e+10 1e+10 1e+10 1e+10 1e+10 1e+10 1e+10 1e+10 1e+10 1e+10 1e+10 1e+10 1e+10 1e+10 1e+10 1e+10 1e+10 1e+10 1e+10 1e+10 1e+10 1e+10 1e+10 1e+10 1e+10 1e+10 1e+10 1e+10 1e+10 1e+10 
1e+10 1e+10 1e+10 1e+10 1e+10 1e+10 1e+10 1e+10 1e+10 1e+10 1e+10 1e+10 1e+10 1e+10 1e+10 1e+10 1e+10 1e+10 1e+10 1e+10 1e+10 1e+10 1e+10 1e+10 1e+10 1e+10 1e+10 1e+10 1e+10 1e+10 1e+10 1e+10 1e+10 1e+10 1e+10 1e+10 1e+10 1e+10 1e+10 1e+10 1e+10 1e+10 1e+10 1e+10 1e+10 1e+10 1e+10 1e+10 1e+10 1e+10 1e+10 1e+10 1e+10 1e+10 1e+10 1e+10 1e+10 1e+10 1e+10 1e+10 1e+10 1e+10 1e+10 1e+10 1e+10 1e+10 1e+10 1e+10 1e+10 1e+10 1e+10 1e+10 1e+10 1e+10 1e+10 1e+10 1e+10 1e+10 1e+10 1e+10 1e+10 1e+10 1e+10 1e+10 1e+10 1e+10 1e+10 1e+10 1e+10 1e+10 1e+10 1e+10 1e+10 1e+10 1e+10 1e+10 1e+10 1e+10 1e+10 1e+10 1e+10 
1e+10 1e+10 1e+10 1e+10 1e+10 1e+10 1e+10 1e+10 1e+10 1e+10 1e+10 1e+10 1e+10 1e+10 1e+10 1e+10 1e+10 1e+10 1e+10 1e+10 1e+10 1e+10 1e+10 1e+10 1e+10 1e+10 1e+10 1e+10 1e+10 1e+10 1e+10 1e+10 1e+10 1e+10 1e+10 1e+10 1e+10 1e+10 1e+10 1e+10 1e+10 1e+10 1e+10 1e+10 1e+10 1e+10 1e+10 1e+10 1e+10 1e+10 1e+10 1e+10 1e+10 1e+10 1e+10 1e+10 1e+10 1e+10 1e+10 1e+10 1e+10 1e+10 1e+10 1e+10 1e+10 1e+10 1e+10 1e+10 1e+10 1e+10 1e+10 1e+10 1e+10 1e+10 1e+10 1e+10 1e+10 1e+10 1e+10 1e+10 1e+10 1e+10 1e+10 1e+10 1e+10 1e+10 1e+10 1e+10 1e+10 1e+10 1e+10 1e+10 1e+10 1e+10 1e+10 1e+10 1e+10 1e+10 1e+10 1e+10 1e+10 
