# Please cite arXiv:2008.xxxxx
# The chisq test statistic between a given point in parameter space and the data including pulls from Daya Bay and KamLAND and marginalization over the other four oscillation parameters and the sign of cos(delta) for a fixed MO
# The first two rows define the grid:
#   J
#   s23sq
# The remaining rows are the chisq test statistic where the first row is at the smallest value of the Jarlskog and at increasing values of s23sq. The remaining rows are increasing values of delta.
-0.04 -0.0392 -0.0384 -0.0376 -0.0368 -0.036 -0.0352 -0.0344 -0.0336 -0.0328 -0.032 -0.0312 -0.0304 -0.0296 -0.0288 -0.028 -0.0272 -0.0264 -0.0256 -0.0248 -0.024 -0.0232 -0.0224 -0.0216 -0.0208 -0.02 -0.0192 -0.0184 -0.0176 -0.0168 -0.016 -0.0152 -0.0144 -0.0136 -0.0128 -0.012 -0.0112 -0.0104 -0.0096 -0.0088 -0.008 -0.0072 -0.0064 -0.0056 -0.0048 -0.004 -0.0032 -0.0024 -0.0016 -0.0008 0 0.0008 0.0016 0.0024 0.0032 0.004 0.0048 0.0056 0.0064 0.0072 0.008 0.0088 0.0096 0.0104 0.0112 0.012 0.0128 0.0136 0.0144 0.0152 0.016 0.0168 0.0176 0.0184 0.0192 0.02 0.0208 0.0216 0.0224 0.0232 0.024 0.0248 0.0256 0.0264 0.0272 0.028 0.0288 0.0296 0.0304 0.0312 0.032 0.0328 0.0336 0.0344 0.0352 0.036 0.0368 0.0376 0.0384 0.0392 0.04 
0.3 0.304 0.308 0.312 0.316 0.32 0.324 0.328 0.332 0.336 0.34 0.344 0.348 0.352 0.356 0.36 0.364 0.368 0.372 0.376 0.38 0.384 0.388 0.392 0.396 0.4 0.404 0.408 0.412 0.416 0.42 0.424 0.428 0.432 0.436 0.44 0.444 0.448 0.452 0.456 0.46 0.464 0.468 0.472 0.476 0.48 0.484 0.488 0.492 0.496 0.5 0.504 0.508 0.512 0.516 0.52 0.524 0.528 0.532 0.536 0.54 0.544 0.548 0.552 0.556 0.56 0.564 0.568 0.572 0.576 0.58 0.584 0.588 0.592 0.596 0.6 0.604 0.608 0.612 0.616 0.62 0.624 0.628 0.632 0.636 0.64 0.644 0.648 0.652 0.656 0.66 0.664 0.668 0.672 0.676 0.68 0.684 0.688 0.692 0.696 0.7 
1e+10 1e+10 1e+10 1e+10 1e+10 1e+10 1e+10 1e+10 1e+10 1e+10 1e+10 1e+10 1e+10 1e+10 1e+10 1e+10 1e+10 1e+10 1e+10 1e+10 1e+10 1e+10 1e+10 1e+10 1e+10 1e+10 1e+10 1e+10 1e+10 1e+10 1e+10 1e+10 1e+10 1e+10 1e+10 1e+10 1e+10 1e+10 1e+10 1e+10 1e+10 1e+10 1e+10 1e+10 1e+10 1e+10 1e+10 1e+10 1e+10 1e+10 1e+10 1e+10 1e+10 1e+10 1e+10 1e+10 1e+10 1e+10 1e+10 1e+10 1e+10 1e+10 1e+10 1e+10 1e+10 1e+10 1e+10 1e+10 1e+10 1e+10 1e+10 1e+10 1e+10 1e+10 1e+10 1e+10 1e+10 1e+10 1e+10 1e+10 1e+10 1e+10 1e+10 1e+10 1e+10 1e+10 1e+10 1e+10 1e+10 1e+10 1e+10 1e+10 1e+10 1e+10 1e+10 1e+10 1e+10 1e+10 1e+10 1e+10 1e+10 
1e+10 1e+10 1e+10 1e+10 1e+10 1e+10 1e+10 1e+10 1e+10 1e+10 1e+10 1e+10 1e+10 1e+10 1e+10 1e+10 1e+10 1e+10 1e+10 1e+10 1e+10 1e+10 1e+10 1e+10 1e+10 1e+10 1e+10 1e+10 1e+10 1e+10 1e+10 1e+10 1e+10 1e+10 1e+10 1e+10 1e+10 1e+10 1e+10 1e+10 1e+10 1e+10 1e+10 1e+10 1e+10 1e+10 1e+10 1e+10 1e+10 1e+10 1e+10 1e+10 1e+10 1e+10 1e+10 1e+10 1e+10 1e+10 1e+10 1e+10 1e+10 1e+10 1e+10 1e+10 1e+10 1e+10 1e+10 1e+10 1e+10 1e+10 1e+10 1e+10 1e+10 1e+10 1e+10 1e+10 1e+10 1e+10 1e+10 1e+10 1e+10 1e+10 1e+10 1e+10 1e+10 1e+10 1e+10 1e+10 1e+10 1e+10 1e+10 1e+10 1e+10 1e+10 1e+10 1e+10 1e+10 1e+10 1e+10 1e+10 1e+10 
1e+10 1e+10 1e+10 1e+10 1e+10 1e+10 1e+10 1e+10 1e+10 1e+10 1e+10 1e+10 1e+10 1e+10 1e+10 1e+10 1e+10 1e+10 1e+10 1e+10 1e+10 1e+10 1e+10 1e+10 1e+10 1e+10 1e+10 1e+10 1e+10 1e+10 1e+10 1e+10 1e+10 1e+10 1e+10 1e+10 1e+10 1e+10 1e+10 1e+10 1e+10 1e+10 1e+10 1e+10 1e+10 1e+10 1e+10 1e+10 1e+10 1e+10 1e+10 1e+10 1e+10 1e+10 1e+10 1e+10 1e+10 1e+10 1e+10 1e+10 1e+10 1e+10 1e+10 1e+10 1e+10 1e+10 1e+10 1e+10 1e+10 1e+10 1e+10 1e+10 1e+10 1e+10 1e+10 1e+10 1e+10 1e+10 1e+10 1e+10 1e+10 1e+10 1e+10 1e+10 1e+10 1e+10 1e+10 1e+10 1e+10 1e+10 1e+10 1e+10 1e+10 1e+10 1e+10 1e+10 1e+10 1e+10 1e+10 1e+10 1e+10 
1e+10 1e+10 1e+10 1e+10 1e+10 1e+10 1e+10 1e+10 1e+10 1e+10 1e+10 1e+10 1e+10 1e+10 1e+10 1e+10 1e+10 1e+10 1e+10 1e+10 1e+10 1e+10 1e+10 1e+10 1e+10 1e+10 1e+10 1e+10 1e+10 1e+10 1e+10 1e+10 1e+10 1e+10 1e+10 1e+10 1e+10 1e+10 1e+10 1e+10 1e+10 1e+10 1e+10 1e+10 1e+10 1e+10 1e+10 1e+10 1e+10 1e+10 1e+10 1e+10 1e+10 1e+10 1e+10 1e+10 1e+10 1e+10 1e+10 1e+10 1e+10 1e+10 1e+10 1e+10 1e+10 1e+10 1e+10 1e+10 1e+10 1e+10 1e+10 1e+10 1e+10 1e+10 1e+10 1e+10 1e+10 1e+10 1e+10 1e+10 1e+10 1e+10 1e+10 1e+10 1e+10 1e+10 1e+10 1e+10 1e+10 1e+10 1e+10 1e+10 1e+10 1e+10 1e+10 1e+10 1e+10 1e+10 1e+10 1e+10 1e+10 
1e+10 1e+10 1e+10 1e+10 1e+10 1e+10 1e+10 1e+10 1e+10 1e+10 1e+10 1e+10 1e+10 1e+10 1e+10 1e+10 1e+10 1e+10 1e+10 1e+10 1e+10 1e+10 1e+10 1e+10 1e+10 1e+10 1e+10 1e+10 1e+10 1e+10 1e+10 1e+10 1e+10 1e+10 1e+10 1e+10 1e+10 1e+10 1e+10 1e+10 1e+10 1e+10 1e+10 1e+10 1e+10 1e+10 1e+10 1e+10 1e+10 1e+10 1e+10 1e+10 1e+10 1e+10 1e+10 1e+10 1e+10 1e+10 1e+10 1e+10 1e+10 1e+10 1e+10 1e+10 1e+10 1e+10 1e+10 1e+10 1e+10 1e+10 1e+10 1e+10 1e+10 1e+10 1e+10 1e+10 1e+10 1e+10 1e+10 1e+10 1e+10 1e+10 1e+10 1e+10 1e+10 1e+10 1e+10 1e+10 1e+10 1e+10 1e+10 1e+10 1e+10 1e+10 1e+10 1e+10 1e+10 1e+10 1e+10 1e+10 1e+10 
1e+10 1e+10 1e+10 1e+10 1e+10 1e+10 1e+10 1e+10 1e+10 1e+10 1e+10 1e+10 1e+10 1e+10 1e+10 1e+10 1e+10 1e+10 1e+10 1e+10 1e+10 1e+10 1e+10 1e+10 1e+10 1e+10 1e+10 1e+10 1e+10 1e+10 1e+10 1e+10 1e+10 1e+10 1e+10 1e+10 1e+10 1e+10 1e+10 1e+10 1e+10 1e+10 1e+10 1e+10 1e+10 1e+10 1e+10 1e+10 1e+10 1e+10 1e+10 1e+10 1e+10 1e+10 1e+10 1e+10 1e+10 1e+10 1e+10 1e+10 1e+10 1e+10 1e+10 1e+10 1e+10 1e+10 1e+10 1e+10 1e+10 1e+10 1e+10 1e+10 1e+10 1e+10 1e+10 1e+10 1e+10 1e+10 1e+10 1e+10 1e+10 1e+10 1e+10 1e+10 1e+10 1e+10 1e+10 1e+10 1e+10 1e+10 1e+10 1e+10 1e+10 1e+10 1e+10 1e+10 1e+10 1e+10 1e+10 1e+10 1e+10 
1e+10 1e+10 1e+10 1e+10 1e+10 1e+10 1e+10 1e+10 1e+10 1e+10 1e+10 1e+10 1e+10 1e+10 1e+10 1e+10 1e+10 1e+10 1e+10 1e+10 1e+10 1e+10 1e+10 1e+10 1e+10 1e+10 1e+10 1e+10 1e+10 1e+10 1e+10 1e+10 1e+10 1e+10 1e+10 1e+10 1e+10 1e+10 1e+10 1e+10 1e+10 1e+10 1e+10 1e+10 1e+10 1e+10 1e+10 1e+10 1e+10 1e+10 1e+10 1e+10 1e+10 1e+10 1e+10 1e+10 1e+10 1e+10 1e+10 1e+10 1e+10 1e+10 1e+10 1e+10 1e+10 1e+10 1e+10 1e+10 1e+10 1e+10 1e+10 1e+10 1e+10 1e+10 1e+10 1e+10 1e+10 1e+10 1e+10 1e+10 1e+10 1e+10 1e+10 1e+10 1e+10 1e+10 1e+10 1e+10 1e+10 1e+10 1e+10 1e+10 1e+10 1e+10 1e+10 1e+10 1e+10 1e+10 1e+10 1e+10 1e+10 
1e+10 1e+10 1e+10 1e+10 1e+10 1e+10 1e+10 1e+10 1e+10 1e+10 1e+10 1e+10 1e+10 1e+10 1e+10 1e+10 1e+10 1e+10 1e+10 1e+10 1e+10 1e+10 1e+10 1e+10 1e+10 1e+10 1e+10 1e+10 1e+10 1e+10 1e+10 1e+10 1e+10 1e+10 1e+10 1e+10 1e+10 1e+10 1e+10 1e+10 1e+10 1e+10 1e+10 1e+10 1e+10 1e+10 1e+10 1e+10 1e+10 1e+10 1e+10 1e+10 1e+10 1e+10 1e+10 1e+10 1e+10 1e+10 1e+10 1e+10 1e+10 1e+10 1e+10 1e+10 1e+10 1e+10 1e+10 1e+10 1e+10 1e+10 1e+10 1e+10 1e+10 1e+10 1e+10 1e+10 1e+10 1e+10 1e+10 1e+10 1e+10 1e+10 1e+10 1e+10 1e+10 1e+10 1e+10 1e+10 1e+10 1e+10 1e+10 1e+10 1e+10 1e+10 1e+10 1e+10 1e+10 1e+10 1e+10 1e+10 1e+10 
1e+10 1e+10 1e+10 1e+10 1e+10 1e+10 1e+10 1e+10 1e+10 1e+10 1e+10 1e+10 1e+10 1e+10 1e+10 1e+10 1e+10 1e+10 1e+10 1e+10 1e+10 1e+10 1e+10 1e+10 1e+10 1e+10 27.5876 25.1774 23.2277 21.046 19.1156 17.4325 15.6608 14.2722 13.3593 8.94761 7.7936 6.92028 6.17606 5.55783 5.00447 4.55769 4.12166 3.74277 3.37291 3.09537 2.86627 2.65082 2.49253 2.34233 2.20634 2.08051 1.963 1.77603 1.59305 1.41622 1.24574 1.08894 0.965493 0.853219 0.758711 0.681456 0.627017 0.670076 0.728613 0.853536 4.66982 4.967 5.30746 5.66951 6.13219 6.7062 7.38307 8.24843 9.3344 1e+10 1e+10 1e+10 1e+10 1e+10 1e+10 1e+10 1e+10 1e+10 1e+10 1e+10 1e+10 1e+10 1e+10 1e+10 1e+10 1e+10 1e+10 1e+10 1e+10 1e+10 1e+10 1e+10 1e+10 1e+10 1e+10 
1e+10 1e+10 1e+10 1e+10 1e+10 1e+10 1e+10 1e+10 1e+10 1e+10 1e+10 1e+10 1e+10 1e+10 32.1072 31.733 31.3808 31.0418 30.7144 30.3977 26.9859 26.6203 26.2814 25.9667 25.6731 25.3939 24.3404 21.9169 19.9496 17.7484 15.797 14.0919 12.2974 10.885 9.94777 8.75036 7.63417 6.79243 6.07433 5.47741 4.94115 4.5078 4.08196 3.7104 3.34532 3.07026 2.8415 2.62437 2.46243 2.30658 2.16286 2.02708 1.89719 1.69515 1.49405 1.29568 1.09974 0.913033 0.754619 0.601639 0.459929 0.328137 0.210909 0.181927 0.158079 0.189086 0.232325 0.492303 0.794841 1.11799 1.54115 2.07666 2.72487 3.57431 4.65824 5.70432 7.12869 8.72044 10.7165 12.4976 14.4529 20.8918 23.3024 25.5098 25.6246 25.7454 25.8754 1e+10 1e+10 1e+10 1e+10 1e+10 1e+10 1e+10 1e+10 1e+10 1e+10 1e+10 1e+10 1e+10 1e+10 
1e+10 1e+10 1e+10 1e+10 1e+10 1e+10 35.4854 35.027 34.5873 34.1619 30.7559 30.2975 29.8814 29.4896 29.1098 28.7404 28.3807 28.0305 27.6895 27.3576 27.0346 26.7204 26.4148 26.1177 25.8291 25.5486 24.4926 22.0661 20.0956 17.8909 15.936 14.2274 12.4293 11.0133 10.0725 8.87153 7.75176 6.90645 6.18479 5.58434 5.04457 4.60773 4.17843 3.80343 3.43494 3.15649 2.92437 2.70391 2.53866 2.37953 2.23257 2.09357 1.96049 1.75528 1.55106 1.34958 1.15056 0.960818 0.799392 0.643431 0.498771 0.364061 0.243948 0.212114 0.18545 0.213679 0.25418 0.511465 0.811383 1.13176 1.55163 2.0821 2.71457 3.53447 4.57318 5.55633 6.89789 8.38464 10.251 11.8751 13.643 15.8706 18.2352 20.3967 20.4815 20.6024 20.7633 20.9681 21.2209 21.5261 21.8887 26.4547 26.6041 26.7592 26.9216 1e+10 1e+10 1e+10 1e+10 1e+10 1e+10 
38.5874 38.0593 34.6444 34.0977 33.6017 33.1242 32.659 32.2052 31.7623 31.33 30.9081 30.4964 30.0947 29.7028 29.3206 28.9479 28.5846 28.2306 27.8856 27.5497 27.2227 26.9043 26.5947 26.2935 26.0007 25.7162 24.6561 22.2254 20.2509 18.0422 16.0834 14.3708 12.5687 11.1489 10.2042 8.99939 7.87582 7.02675 6.30136 5.69721 5.15378 4.71331 4.28041 3.90185 3.52982 3.24787 3.01228 2.78839 2.61973 2.45723 2.30693 2.16462 2.02826 1.81981 1.61238 1.40772 1.20555 1.01268 0.848165 0.689143 0.541453 0.403742 0.28066 0.245887 0.216313 0.241663 0.279315 0.533783 0.830915 1.14899 1.56584 2.09325 2.72268 3.53954 4.57523 5.55537 6.89392 8.37766 10.241 11.8621 13.6269 15.8513 18.2125 20.3696 20.4328 20.5002 20.5718 20.6476 20.7277 20.8119 20.9003 20.9932 21.0922 21.2266 21.4195 21.6769 22.0052 22.4112 22.9022 27.6511 27.8351 
35.8959 35.3707 34.8574 34.3556 33.8653 33.386 32.9177 32.4602 32.0132 31.5766 31.1503 30.7341 30.3279 29.9314 29.5446 29.1673 28.7995 28.4409 28.0914 27.7509 27.4194 27.0966 26.7824 26.4768 26.1797 25.8908 24.8264 22.3915 20.4127 18.1999 16.2369 14.5202 12.714 11.2902 10.3415 9.1327 8.00521 7.15226 6.42304 5.81509 5.26789 4.8237 4.38711 4.00491 3.62927 3.34375 3.10463 2.87723 2.7051 2.53917 2.38546 2.23978 2.10009 1.88833 1.67762 1.46972 1.26434 1.0683 0.900631 0.738492 0.587713 0.446946 0.320836 0.283065 0.250522 0.272934 0.307676 0.559263 0.853544 1.1688 1.58343 2.1078 2.73421 3.54808 4.5808 5.55798 6.8936 8.37442 10.2349 11.853 13.615 15.8365 18.1949 20.3491 20.4094 20.4739 20.5427 20.6156 20.6927 20.7738 20.8591 20.9484 21.0417 21.139 21.2403 21.3455 21.4547 21.5679 21.6853 21.8078 21.9623 
36.1976 35.668 35.15 34.6435 34.1482 33.6639 33.1906 32.7279 32.2759 31.8342 31.4029 30.9816 30.5703 30.1689 29.7771 29.395 29.0222 28.6588 28.3045 27.9593 27.623 27.2956 26.9768 26.6666 26.3649 26.0716 25.0028 22.5635 20.5804 18.3632 16.396 14.675 12.8647 11.4367 10.484 9.27112 8.13963 7.28272 6.54957 5.93774 5.38671 4.93871 4.49836 4.11244 3.73312 3.44395 3.20123 2.97026 2.79461 2.62518 2.46802 2.31892 2.17583 1.96072 1.74669 1.53549 1.32686 1.12758 0.956717 0.791412 0.637498 0.493625 0.36444 0.323624 0.288065 0.30749 0.339275 0.587933 0.879314 1.19169 1.60406 2.12568 2.74907 3.55995 4.58969 5.56393 6.89662 8.37454 10.2321 11.8474 13.6065 15.8252 18.1808 20.3322 20.3897 20.4515 20.5174 20.5876 20.662 20.7404 20.8229 20.9095 21 21.0946 21.193 21.2954 21.4017 21.5117 21.6256 21.7433 21.8648 
36.5132 35.9781 35.4545 34.9424 34.4415 33.9517 33.4728 33.0048 32.5473 32.1002 31.6635 31.237 30.8205 30.4138 30.0169 29.6297 29.2519 28.8834 28.5242 28.1741 27.833 27.5008 27.1773 26.8624 26.5561 26.2582 25.1848 22.7411 20.7535 18.5319 16.5603 14.8351 13.0206 11.5883 10.6314 9.41447 8.2789 7.41796 6.68083 6.06505 5.51011 5.05825 4.61407 4.22436 3.8413 3.54843 3.30203 3.06744 2.8882 2.71522 2.55455 2.40198 2.25545 2.03694 1.81953 1.605 1.39306 1.19051 1.0164 0.847888 0.690795 0.543774 0.411471 0.367567 0.32895 0.345346 0.374131 0.619818 0.908257 1.21772 1.62721 2.14685 2.76722 3.57509 4.60186 5.57315 6.90291 8.37792 10.2326 11.845 13.6013 15.8171 18.1699 20.3186 20.3733 20.4323 20.4956 20.5631 20.6347 20.7105 20.7903 20.8742 20.9621 21.054 21.1499 21.2496 21.3532 21.4607 21.5719 21.6869 21.8057 
36.8389 36.2978 35.7683 35.2502 34.7435 34.2479 33.7633 33.2895 32.8264 32.3738 31.9316 31.4996 31.0776 30.6657 30.2635 29.871 29.488 29.1145 28.7502 28.3951 28.0491 27.712 27.3836 27.064 26.753 26.4504 25.3724 22.924 20.932 18.7059 16.7299 15.0003 13.1814 11.7449 10.7838 9.56265 8.42295 7.55791 6.81672 6.19694 5.63805 5.18225 4.73419 4.34064 3.95378 3.65714 3.40703 3.16875 2.98587 2.80929 2.64504 2.48894 2.33893 2.11697 1.89615 1.67823 1.46294 1.25708 1.07969 0.907923 0.74761 0.5974 0.461939 0.414907 0.373193 0.38652 0.412267 0.654945 0.940402 1.24692 1.65347 2.17072 2.78865 3.59351 4.61729 5.58561 6.91243 8.38452 10.2363 11.8459 13.5993 15.8123 18.1623 20.3082 20.3601 20.4164 20.4769 20.5417 20.6106 20.6837 20.7609 20.8422 20.9275 21.0168 21.1101 21.2072 21.3083 21.4132 21.5219 21.6344 21.7506 
37.1735 36.626 36.0903 35.5662 35.0534 34.5518 34.0613 33.5817 33.1128 32.6545 32.2066 31.769 31.3416 30.9241 30.5166 30.1187 29.7305 29.3517 28.9823 28.6222 28.2711 27.929 27.5957 27.2712 26.9554 26.648 25.5654 23.1124 21.1157 18.8851 16.9046 15.1706 13.3473 11.9065 10.941 9.71563 8.57172 7.70252 6.95723 6.33338 5.77046 5.31068 4.85869 4.46125 4.07053 3.77008 3.5162 3.27419 3.08761 2.90738 2.73952 2.57984 2.42629 2.20082 1.97654 1.7552 1.53652 1.3273 1.14659 0.971527 0.807955 0.654517 0.515859 0.465661 0.420811 0.431034 0.453705 0.693336 0.975776 1.2793 1.6829 2.19721 2.81336 3.61518 4.63596 5.6013 6.92516 8.39432 10.2432 11.8499 13.6004 15.8106 18.1578 20.3009 20.35 20.4036 20.4614 20.5234 20.5897 20.6601 20.7347 20.8133 20.896 20.9827 21.0734 21.168 21.2665 21.3689 21.4751 21.585 21.6988 
37.5163 36.9624 36.4204 35.8899 35.371 34.8633 34.3667 33.8811 33.4063 32.9421 32.4885 32.0452 31.6121 31.1891 30.776 30.3728 29.9792 29.5951 29.2205 28.8551 28.4989 28.1517 27.8135 27.4841 27.1633 26.8512 25.7637 23.306 21.3047 19.0694 17.0844 15.3458 13.5181 12.0729 11.1031 9.87338 8.72521 7.8518 7.10233 6.47436 5.90735 5.44356 4.98758 4.58618 4.19156 3.88725 3.62954 3.38375 3.19343 3.0095 2.83797 2.67467 2.51753 2.28851 2.06072 1.83591 1.6138 1.40118 1.21711 1.03872 0.871845 0.715142 0.573249 0.519848 0.471826 0.478907 0.498467 0.735016 1.0144 1.31491 1.71551 2.22686 2.84034 3.64012 4.65787 5.62021 6.9411 8.40731 10.2533 11.857 13.6047 15.812 18.1564 20.2967 20.3431 20.3938 20.4489 20.5082 20.5718 20.6395 20.7114 20.7874 20.8675 20.9516 21.0397 21.1318 21.2277 21.3276 21.4313 21.5387 21.65 
37.8671 37.3067 36.7581 36.2213 35.696 35.182 34.6793 34.1876 33.7067 33.2366 32.7771 32.328 31.8892 31.4605 31.0419 30.6331 30.234 29.8446 29.4646 29.094 28.7325 28.3802 28.0369 27.7025 27.3768 27.0597 25.9674 23.5049 21.4988 19.2589 17.2693 15.5261 13.6939 12.2442 11.27 10.0359 8.88341 8.00573 7.25204 6.61988 6.04874 5.58086 5.12084 4.71545 4.31687 4.00865 3.74707 3.49745 3.30334 3.11566 2.94043 2.77345 2.61268 2.38007 2.14872 1.92039 1.6948 1.47874 1.29126 1.10951 0.939301 0.779293 0.63413 0.577489 0.526259 0.530162 0.546575 0.780008 1.05631 1.35375 1.75133 2.25967 2.87018 3.66828 4.68303 5.64235 6.96024 8.42349 10.2665 11.8673 13.6121 15.8166 18.1581 20.2955 20.3391 20.3871 20.4394 20.496 20.5569 20.6219 20.6912 20.7645 20.842 20.9235 21.009 21.0985 21.1919 21.2892 21.3904 21.4954 21.6042 
38.2258 37.6587 37.1035 36.5601 36.0284 35.508 34.999 34.501 34.0141 33.5379 33.0724 32.6174 32.1728 31.7383 31.314 30.8996 30.495 30.1 29.7147 29.3387 28.972 28.6145 28.266 27.9264 27.5957 27.2737 26.1764 23.7091 21.6982 19.4536 17.4592 15.7115 13.8746 12.4204 11.4417 10.2032 9.04633 8.16432 7.40635 6.76997 6.19464 5.72262 5.2585 4.84906 4.44648 4.1343 3.8688 3.6153 3.41736 3.22588 3.04691 2.8762 2.71176 2.47551 2.24056 2.00867 1.77955 1.56001 1.36908 1.18392 1.01034 0.846992 0.698521 0.638605 0.584131 0.584821 0.598052 0.828334 1.10151 1.39587 1.79038 2.29569 2.9032 3.69832 4.71144 5.66772 6.9826 8.44286 10.2829 11.8808 13.6227 15.8243 18.1629 20.2975 20.3383 20.3835 20.433 20.4869 20.545 20.6073 20.6739 20.7446 20.8194 20.8983 20.9812 21.0681 21.159 21.2538 21.3524 21.4549 21.5612 
38.5924 38.0184 37.4565 36.9065 36.3681 35.8412 35.3258 34.8215 34.3283 33.846 33.3744 32.9134 32.4628 32.0225 31.5924 31.1723 30.7621 30.3616 29.9707 29.5893 29.2172 28.8544 28.5007 28.156 27.8201 27.493 26.3908 23.9186 21.9028 19.6534 17.6543 15.9018 14.0603 12.6015 11.6183 10.3753 9.21399 8.32759 7.56529 6.92462 6.34505 5.86884 5.40058 4.98704 4.5804 4.26421 3.99474 3.73732 3.5355 3.34018 3.15739 2.98294 2.81478 2.57485 2.33626 2.10077 1.86808 1.64501 1.45059 1.26198 1.08498 0.918259 0.766444 0.703216 0.645463 0.642906 0.652921 0.880018 1.15004 1.44127 1.83269 2.33494 2.93941 3.73152 4.74265 5.69634 7.00818 8.46543 10.3025 11.8974 13.6364 15.8351 18.1708 20.3026 20.3405 20.3829 20.4296 20.4807 20.5361 20.5957 20.6596 20.7276 20.7998 20.876 20.9563 21.0406 21.1289 21.2212 21.3173 21.4173 21.5211 
38.9667 38.3858 37.817 37.2601 36.7151 36.1816 35.6597 35.149 34.6494 34.1608 33.6831 33.216 32.7594 32.3132 31.8772 31.4512 31.0353 30.6291 30.2327 29.8458 29.4683 29.1001 28.7411 28.3911 28.0501 27.7179 26.6106 24.1333 22.1127 19.8584 17.8544 16.0972 14.251 12.7876 11.7997 10.5522 9.3864 8.49556 7.72887 7.08386 6.5 6.01954 5.54709 5.12939 4.71865 4.3984 4.12492 3.86353 3.65778 3.45859 3.27194 3.09369 2.92176 2.67811 2.43583 2.1967 1.9604 1.73376 1.53581 1.3437 1.16326 0.993117 0.837921 0.771346 0.710278 0.704439 0.711204 0.935081 1.20192 1.48999 1.87828 2.37743 2.97883 3.7679 4.77603 5.72821 7.03699 8.4912 10.3253 11.9172 13.6532 15.849 18.1818 20.3107 20.3458 20.3853 20.4293 20.4776 20.5302 20.5871 20.6482 20.7136 20.783 20.8567 20.9343 21.016 21.1018 21.1914 21.285 21.3825 21.4838 
39.3488 38.7608 38.185 37.6212 37.0694 36.5292 36.0007 35.4834 34.9774 34.4825 33.9984 33.5251 33.0624 32.6102 32.1682 31.7364 31.3147 30.9028 30.5007 30.1082 29.7252 29.3515 28.9871 28.6319 28.2856 27.9482 26.8358 24.3535 22.3278 20.0686 18.0597 16.2977 14.4468 12.9786 11.9861 10.7339 9.56359 8.66826 7.89712 7.24771 6.65951 6.17476 5.69805 5.27616 4.86126 4.5369 4.25936 3.99395 3.78423 3.58108 3.39057 3.20847 3.03273 2.78531 2.53931 2.29649 2.05655 1.8263 1.62478 1.42913 1.24518 1.07159 0.912974 0.843016 0.778599 0.769443 0.772923 0.993547 1.25716 1.54204 1.92718 2.4232 3.0215 3.8075 4.81258 5.76236 7.06904 8.5202 10.3512 11.9402 13.6732 15.866 18.1959 20.3219 20.3541 20.3908 20.432 20.4774 20.5273 20.5814 20.6398 20.7024 20.7692 20.8402 20.9152 20.9943 21.0774 21.1645 21.2555 21.3505 21.4493 
39.7387 39.1435 38.5605 37.9898 37.431 36.8841 36.3488 35.8249 35.3123 34.8109 34.3205 33.8409 33.372 32.9136 32.4656 32.0279 31.6002 31.1825 30.7747 30.3765 29.9879 29.6087 29.2389 28.8782 28.5266 28.184 27.0664 24.5789 22.5482 20.284 18.2702 16.5033 14.6475 13.1745 12.1773 10.9205 9.74559 8.8457 8.07006 7.4162 6.8236 6.3345 5.8535 5.42735 5.00825 4.67974 4.39808 4.12861 3.91485 3.70774 3.51329 3.3273 3.14771 2.89649 2.64672 2.40016 2.15653 1.92263 1.7175 1.51828 1.3308 1.1537 0.991627 0.91825 0.850447 0.83794 0.8381 1.05544 1.3158 1.59746 1.9794 2.47226 3.06743 3.85033 4.85233 5.79907 7.10434 8.55242 10.3804 11.9664 13.6964 15.8862 18.2132 20.3362 20.3656 20.3994 20.4377 20.4803 20.5274 20.5787 20.6344 20.6943 20.7584 20.8266 20.899 20.9754 21.0559 21.1404 21.2289 21.3213 21.4175 
40.1364 39.5338 38.9437 38.3658 37.8 37.2461 36.704 36.1734 35.6542 35.1462 34.6493 34.1634 33.6882 33.2236 32.7694 32.3256 31.892 31.4684 31.0547 30.6508 30.2565 29.8718 29.4964 29.1303 28.7733 28.4253 27.3025 24.8098 22.7739 20.5046 18.4858 16.714 14.8533 13.3755 12.3735 11.112 9.93241 9.02792 8.24772 7.58936 6.99231 6.49881 6.01345 5.583 5.15965 4.82693 4.54111 4.26752 4.0497 3.83857 3.64013 3.45021 3.26673 3.01165 2.75807 2.50775 2.26039 2.02279 1.81401 1.61118 1.42012 1.23948 1.07391 0.997071 0.925847 0.909953 0.90676 1.12078 1.37785 1.65625 2.03497 2.52463 3.11664 3.89641 4.89531 5.83898 7.14135 8.58788 10.4128 11.9957 13.7227 15.9095 18.2335 20.3537 20.3801 20.411 20.4464 20.4863 20.5305 20.579 20.6319 20.689 20.7504 20.816 20.8856 20.9594 21.0373 21.1192 21.2051 21.2949 21.3886 
40.542 39.932 39.3353 38.7494 38.1764 37.6155 37.0664 36.529 36.003 35.4884 34.9849 34.4925 34.0109 33.54 33.0796 32.6297 32.19 31.7604 31.3409 30.9311 30.5311 30.1406 29.7597 29.388 29.0256 28.6722 27.544 25.0461 23.005 20.7306 18.7067 16.9298 15.0642 13.5815 12.5747 11.3084 10.1241 9.21493 8.43013 7.76721 7.16565 6.6677 6.17794 5.74314 5.31548 4.9785 4.68848 4.41073 4.1888 3.97359 3.77113 3.57722 3.38981 3.13083 2.8734 2.61927 2.36813 2.12681 1.91433 1.70784 1.51317 1.32896 1.15984 1.0795 1.00482 0.985505 0.978925 1.18959 1.44334 1.71845 2.09391 2.58035 3.16916 3.94576 4.94153 5.88209 7.18139 8.6262 10.4484 12.0282 13.7522 15.936 18.257 20.3742 20.3977 20.4257 20.4582 20.4952 20.5366 20.5823 20.6324 20.6868 20.7454 20.8082 20.8752 20.9463 21.0215 21.1008 21.1841 21.2713 21.3624 
40.9554 40.3378 39.7329 39.1404 38.5603 37.9922 37.436 36.8917 36.3589 35.8375 35.3274 34.8283 34.3403 33.863 33.3963 32.9401 32.4943 32.0587 31.6331 31.2175 30.8116 30.4154 30.0287 29.6515 29.2835 28.9246 27.7911 25.2878 23.2415 20.9618 18.9328 17.1509 15.2803 13.7926 12.7809 11.5098 10.3207 9.40679 8.61731 7.94978 7.34366 6.8412 6.34699 5.90778 5.47577 5.13449 4.84023 4.55825 4.33216 4.11283 3.9063 3.70837 3.51697 3.25406 2.99273 2.73474 2.4798 2.2347 2.01849 1.80831 1.60998 1.42215 1.24946 1.16558 1.08739 1.06462 1.05462 1.26189 1.51229 1.78408 2.15624 2.63943 3.22501 3.99842 4.99102 5.92845 7.22464 8.66637 10.4872 12.064 13.7849 15.9657 18.2837 20.3979 20.4184 20.4435 20.4731 20.5072 20.5457 20.5886 20.6359 20.6874 20.7433 20.8034 20.8677 20.9361 21.0086 21.0852 21.1659 21.2505 21.339 
41.3768 40.7516 40.139 39.5391 38.9516 38.3762 37.813 37.2615 36.7218 36.1935 35.6767 35.171 34.6763 34.1925 33.7195 33.257 32.8049 32.3631 31.9315 31.5099 31.0981 30.6961 30.3037 29.9207 29.5471 29.1827 28.0437 25.535 23.4834 21.1984 19.1642 17.3771 15.5015 14.0088 12.9921 11.7161 10.5222 9.6035 8.8093 8.13711 7.52638 7.01935 6.52063 6.07697 5.64056 5.29492 4.99634 4.71012 4.47981 4.25633 4.04568 3.84368 3.64825 3.38136 3.11609 2.8542 2.59541 2.34649 2.12651 1.9126 1.71058 1.51909 1.34278 1.25533 1.1736 1.14732 1.13386 1.33771 1.58472 1.85315 2.222 2.70189 3.28421 4.05439 5.0438 5.97806 7.27112 8.70974 10.5283 12.103 13.8208 15.9985 18.3135 20.4247 20.4422 20.4643 20.491 20.5222 20.5578 20.5979 20.6423 20.6911 20.7442 20.8015 20.863 20.9287 20.9986 21.0725 21.1505 21.2325 21.3185 
41.8062 41.1732 40.5529 39.9454 39.3504 38.7677 38.1972 37.6386 37.0918 36.5566 36.0328 35.5204 35.0191 34.5287 34.0492 33.5803 33.1219 32.6739 32.2361 31.8084 31.3907 30.9827 30.5845 30.1958 29.8165 29.4465 28.3019 25.7878 23.7307 21.4405 19.401 17.6087 15.7279 14.2301 13.2084 11.9275 10.7286 9.80512 9.00614 8.32922 7.71382 7.20218 6.6989 6.25073 5.80986 5.45982 5.15688 4.86636 4.6318 4.4041 4.18929 3.98317 3.78368 3.51275 3.2435 2.97768 2.71498 2.46222 2.23842 2.02074 1.81498 1.6198 1.43984 1.34877 1.26346 1.23364 1.21668 1.41707 1.66066 1.9257 2.29119 2.76776 3.34679 4.11371 5.09989 6.03096 7.32085 8.75634 10.5718 12.1452 13.8599 16.0345 18.3464 20.4546 20.4691 20.4883 20.512 20.5403 20.573 20.6102 20.6518 20.6977 20.748 20.8025 20.8613 20.9243 20.9914 21.0626 21.138 21.2173 21.3007 
42.2437 41.6027 40.9747 40.3594 39.7569 39.1667 38.5888 38.0229 37.469 36.9267 36.396 35.8767 35.3686 34.8716 34.3854 33.9101 33.4453 32.991 32.5469 32.1131 31.6893 31.2754 30.8712 30.4767 30.0916 29.7159 28.5658 26.0461 23.9836 21.6879 19.6431 17.8455 15.9595 14.4566 13.4298 12.1439 10.9401 10.0117 9.20785 8.52614 7.90602 7.38972 6.88182 6.4291 5.98372 5.62922 5.32188 5.027 4.78813 4.55618 4.33716 4.12688 3.92327 3.64828 3.375 3.10519 2.83856 2.58189 2.35425 2.13275 1.92322 1.72431 1.54065 1.44592 1.357 1.3236 1.3031 1.5 1.74012 2.00174 2.36384 2.83705 3.41277 4.17639 5.15932 6.08716 7.37385 8.80617 10.6185 12.189 13.9023 16.0738 18.3826 20.4877 20.4992 20.5154 20.5361 20.5615 20.5913 20.6256 20.6643 20.7073 20.7548 20.8065 20.8625 20.9227 20.9871 21.0556 21.1283 21.205 21.2857 
42.6893 42.0402 41.4042 40.7812 40.1709 39.5732 38.9878 38.4146 37.8533 37.3039 36.7662 36.2399 35.725 35.2212 34.7284 34.2464 33.7751 33.3144 32.8641 32.424 31.994 31.574 31.1639 30.7634 30.3726 29.9911 28.8353 26.31 24.2419 21.9408 19.8906 18.0877 16.1964 14.6883 13.6564 12.3653 11.1565 10.2232 9.41446 8.72792 8.10302 7.582 7.06943 6.6121 6.16216 5.80315 5.49136 5.19208 4.94885 4.7126 4.48932 4.27483 4.06706 3.78795 3.5106 3.23677 2.96616 2.70556 2.47401 2.24866 2.03532 1.83264 1.64525 1.54682 1.45425 1.41724 1.39316 1.58651 1.82314 2.08131 2.43998 2.9098 3.48216 4.24246 5.2221 6.14668 7.43014 8.85927 10.6685 12.2358 13.9474 16.1163 18.422 20.524 20.5324 20.5456 20.5633 20.5857 20.6126 20.6439 20.6797 20.72 20.7645 20.8134 20.8666 20.9241 20.9857 21.0515 21.1215 21.1955 21.2735 
43.143 42.4858 41.8418 41.2108 40.5927 39.9873 39.3943 38.8136 38.245 37.6883 37.1434 36.6101 36.0882 35.5775 35.078 34.5893 34.1115 33.6443 33.1875 32.7411 32.305 31.8788 31.4626 31.0562 30.6594 30.2721 29.1105 26.5795 24.5059 22.1992 20.1435 18.3352 16.4386 14.9252 13.8881 12.5919 11.378 10.4397 9.62602 8.93459 8.30485 7.77905 7.26177 6.79976 6.34521 5.98165 5.66535 5.36162 5.11399 4.87338 4.64581 4.42706 4.21508 3.93181 3.65035 3.37245 3.09781 2.83323 2.59775 2.36849 2.1513 1.94481 1.75365 1.6515 1.55523 1.51456 1.48687 1.67665 1.90974 2.16441 2.51963 2.98603 3.555 4.31195 5.28826 6.20955 7.48975 8.91566 10.7217 12.2858 13.9943 16.162 18.4645 20.5634 20.5688 20.5789 20.5937 20.613 20.6369 20.6654 20.6983 20.7356 20.7773 20.8233 20.8737 20.9283 20.9872 21.0503 21.1175 21.1888 21.2642 
43.605 42.9395 42.2873 41.6483 41.0223 40.409 39.8083 39.22 38.644 38.08 37.5278 36.9873 36.4583 35.9407 35.4343 34.9389 34.4544 33.9806 33.5174 33.0646 32.6221 32.1897 31.7674 31.3549 30.9521 30.5589 29.3915 26.8548 24.7754 22.4631 20.4019 18.5881 16.6861 15.1674 14.1251 12.8237 11.6047 10.6612 9.84256 9.14618 8.51155 7.98091 7.45885 6.99213 6.53292 6.16474 5.84389 5.53565 5.28357 5.03856 4.80664 4.58359 4.36735 4.07988 3.79426 3.51225 3.23354 2.96493 2.72547 2.49229 2.2712 2.06086 1.86589 1.75996 1.65996 1.61561 1.58426 1.77043 1.99994 2.25108 2.60281 3.06575 3.6313 4.38486 5.35782 6.27578 7.5527 8.97535 10.7781 12.3391 14.0444 16.2097 18.5103 20.6061 20.6084 20.6154 20.6271 20.6435 20.6644 20.6898 20.7198 20.7542 20.793 20.8362 20.8837 20.9356 20.9916 21.0519 21.1164 21.185 21.2577 
44.0754 43.4014 42.7409 42.0937 41.4597 40.8385 40.23 39.634 39.0504 38.4789 37.9193 37.3716 36.8355 36.3108 35.7974 35.2952 34.8039 34.3235 33.8537 33.3944 32.9455 32.5068 32.0782 31.6596 31.2508 30.8516 29.6783 27.1357 25.0506 22.7327 20.6659 18.8465 16.9391 15.415 14.3673 13.0606 11.8364 10.8879 10.0641 9.36272 8.72314 8.18762 7.66073 7.18923 6.7253 6.35247 6.027 5.71421 5.45763 5.20817 4.97185 4.74445 4.52392 4.23219 3.94237 3.6562 3.37338 3.10071 2.85722 2.62006 2.39504 2.1808 1.98198 1.87225 1.76849 1.7204 1.68536 1.86788 2.09378 2.34135 2.68955 3.149 3.71109 4.46123 5.4308 6.34541 7.61901 9.03837 10.8379 12.3957 14.0977 16.2599 18.5594 20.652 20.6512 20.6551 20.6637 20.677 20.6949 20.7174 20.7444 20.7759 20.8118 20.8521 20.8968 20.9457 20.999 21.0565 21.1182 21.184 21.254 
44.5541 43.8715 43.2027 42.5472 41.9049 41.2757 40.6593 40.0555 39.4642 38.8851 38.3181 37.763 37.2196 36.6878 36.1674 35.6582 35.1601 34.6729 34.1964 33.7306 33.2752 32.8301 32.3953 31.9704 31.5554 31.1502 29.9709 27.4225 25.3315 23.0078 20.9353 19.1104 17.1974 15.6679 14.6148 13.3028 12.0733 11.1196 10.2907 9.58425 8.93967 8.3992 7.86743 7.3911 6.9224 6.54485 6.21473 5.89733 5.6362 5.38225 5.14147 4.90968 4.6848 4.38877 4.0947 3.80433 3.51735 3.24057 2.99303 2.75184 2.52289 2.30468 2.10197 1.98839 1.88081 1.829 1.7902 1.96902 2.19128 2.43523 2.77986 3.23579 3.79439 4.54108 5.50723 6.41846 7.6887 9.10474 10.901 12.4555 14.1544 16.3133 18.6097 20.7011 20.6971 20.6979 20.7035 20.7137 20.7286 20.748 20.7721 20.8006 20.8336 20.871 20.9128 20.9589 21.0093 21.064 21.1229 21.186 21.2532 
45.0413 44.3501 43.6726 43.0087 42.3582 41.7208 41.0964 40.4847 39.8855 39.2988 38.7242 38.1616 37.6109 37.0719 36.5443 36.0281 35.523 35.0289 34.5457 34.0732 33.6113 33.1598 32.7185 32.2873 31.8661 31.4548 30.2694 27.715 25.6182 23.2887 21.2104 19.3799 17.4612 15.9262 14.8676 13.5503 12.3155 11.3565 10.5224 9.81082 9.16118 8.6157 8.07898 7.59778 7.12425 6.74193 6.4071 6.08505 5.81932 5.56081 5.31554 5.0793 4.85003 4.54966 4.25129 3.95667 3.6655 3.38456 3.13291 2.88767 2.65465 2.43252 2.22587 2.1084 1.99698 1.94132 1.89879 2.07389 2.29246 2.53277 2.87379 3.32616 3.88123 4.62443 5.58713 6.49494 7.7618 9.17448 10.9674 12.5186 14.2142 16.37 18.6631 20.7527 20.7463 20.744 20.7464 20.7535 20.7653 20.7818 20.8028 20.8284 20.8584 20.8929 20.9317 20.975 21.0225 21.0744 21.1305 21.1908 21.2552 
45.537 44.837 44.1509 43.4784 42.8195 42.1738 41.5412 40.9215 40.3145 39.7199 39.1377 38.5675 38.0094 37.4629 36.9281 36.4048 35.8927 35.3917 34.9016 34.4224 33.9538 33.4957 33.048 32.6104 32.1829 31.7654 30.5739 28.0134 25.9106 23.5752 21.4912 19.6549 17.7306 16.1899 15.1259 13.803 12.5629 11.5985 10.7592 10.0425 9.38769 8.83715 8.29543 7.80929 7.33089 6.94375 6.60415 6.27739 6.007 5.7439 5.49408 5.25335 5.01963 4.71487 4.41216 4.11325 3.81783 3.5327 3.2769 3.02755 2.7905 2.56432 2.35371 2.23231 2.11701 2.0575 2.01117 2.18251 2.39736 2.63398 2.97135 3.42011 3.97163 4.71131 5.67052 6.57488 7.83832 9.24762 11.0372 12.5851 14.2774 16.4299 18.7199 20.8063 20.7987 20.7932 20.7925 20.7965 20.8053 20.8186 20.8366 20.8592 20.8862 20.9178 20.9537 20.9941 21.0387 21.0877 21.141 21.1985 21.2602 
46.0414 45.3324 44.6375 43.9564 43.2889 42.6348 41.994 41.3661 40.751 40.1486 39.5585 38.9807 38.415 37.8612 37.319 36.7884 36.2692 35.7612 35.2642 34.7781 34.3028 33.838 33.3837 32.9397 32.5059 32.082 30.8843 28.3177 26.2089 23.8675 21.7776 19.9355 18.0055 16.4592 15.3895 14.0612 12.8155 11.8458 11.0012 10.2792 9.61924 9.06359 8.51682 8.02568 7.54234 7.15032 6.80591 6.47439 6.1993 5.93154 5.67713 5.43186 5.19365 4.88445 4.57735 4.2741 3.9744 3.68503 3.42503 3.17153 2.93036 2.70015 2.48552 2.36015 2.24092 2.17754 2.12736 2.2949 2.50599 2.73889 3.07258 3.5177 4.06561 4.80174 5.75743 6.6583 7.9183 9.32418 11.1104 12.6549 14.3439 16.4931 18.7798 20.863 20.8528 20.8457 20.8418 20.8427 20.8483 20.8586 20.8736 20.8931 20.9171 20.9457 20.9787 21.0161 21.0579 21.104 21.1544 21.2091 21.268 
46.5544 45.8364 45.1325 44.4426 43.7665 43.1039 42.4546 41.8185 41.1953 40.5848 39.9869 39.4013 38.828 38.2665 37.717 37.179 36.6526 36.1374 35.6334 35.1404 34.6583 34.1868 33.7259 33.2753 32.835 32.4048 31.2008 28.628 26.5131 24.1656 22.0698 20.2218 18.286 16.7339 15.6586 14.3247 13.0736 12.0984 11.2484 10.5211 9.85589 9.29506 8.74317 8.24698 7.75865 7.3617 7.01241 6.67608 6.39623 6.12378 5.86472 5.61486 5.37211 5.05843 4.74689 4.43926 4.13522 3.84156 3.57732 3.31964 3.07432 2.84001 2.62133 2.49195 2.36876 2.30145 2.24739 2.4111 2.61838 2.84752 3.1775 3.61893 4.16321 4.89574 5.84788 6.74523 8.00174 9.40418 11.187 12.7281 14.4138 16.5597 18.8431 20.923 20.9096 20.9011 20.8943 20.8921 20.8945 20.9017 20.9136 20.9301 20.9511 20.9767 21.0067 21.0412 21.0801 21.1233 21.1708 21.2226 21.2787 
47.0763 46.349 45.6361 44.9373 44.2524 43.5811 42.9234 42.2788 41.6474 41.0288 40.4229 39.8294 39.2482 38.6792 38.1221 37.5767 37.0429 36.5206 36.0095 35.5094 35.0204 34.5421 34.0744 33.6172 33.1704 32.7337 31.5234 28.9443 26.8232 24.4696 22.3677 20.5138 18.5721 17.0142 15.9332 14.5936 13.3369 12.3563 11.5008 10.7681 10.0977 9.53159 8.97453 8.47323 7.97985 7.57792 7.22371 6.8825 6.59785 6.32064 6.05689 5.80238 5.55505 5.23683 4.92081 4.60875 4.30032 4.00234 3.73382 3.4719 3.22239 2.98394 2.76116 2.62774 2.50053 2.42926 2.37129 2.53111 2.73456 2.95991 3.28613 3.72385 4.26445 4.99334 5.94189 6.83569 8.08869 9.48765 11.267 12.8047 14.487 16.6296 18.9097 20.9863 20.9697 20.9579 20.9501 20.9446 20.9439 20.948 20.9568 20.9702 20.9882 21.0107 21.0378 21.0693 21.1052 21.1455 21.1902 21.2391 21.2923 
47.607 46.8704 46.1483 45.4404 44.7466 44.0666 43.4002 42.7472 42.1073 41.4805 40.8664 40.265 39.676 39.0991 38.5344 37.9815 37.4403 36.9106 36.3923 35.8852 35.3891 34.9039 34.4294 33.9655 33.5121 33.0689 31.8521 29.2667 27.1392 24.7795 22.6715 20.8115 18.8639 17.3002 16.2134 14.8681 13.6057 12.6195 11.7586 11.0204 10.3446 9.77322 9.21093 8.70446 8.20598 7.79901 7.43981 7.09369 6.80417 6.52216 6.25366 5.99446 5.74249 5.41969 5.09914 4.7826 4.46975 4.16738 3.89454 3.62834 3.3746 3.13196 2.90505 2.76753 2.63628 2.56101 2.49907 2.65498 2.85456 3.07607 3.3985 3.83246 4.36935 5.09457 6.03949 6.9297 8.17915 9.5746 11.3504 12.8848 14.5637 16.7028 18.9796 21.0529 21.033 21.018 21.0079 21.0004 20.9965 20.9975 21.0031 21.0134 21.0283 21.0479 21.0719 21.1004 21.1334 21.1708 21.2125 21.2586 21.3089 
48.1467 47.4006 46.6692 45.9521 45.2492 44.5603 43.8851 43.2235 42.5752 41.94 41.3177 40.7082 40.1111 39.5265 38.954 38.3934 37.8447 37.3076 36.782 36.2677 35.7645 35.2723 34.7909 34.3202 33.8601 33.4103 32.1869 29.5951 27.4613 25.0953 22.9812 21.1151 19.1614 17.5918 16.4991 15.1481 13.88 12.8881 12.0216 11.278 10.5967 10.02 9.45242 8.94072 8.43708 8.02501 7.66078 7.30968 7.01525 6.72838 6.45508 6.19113 5.93448 5.60704 5.28192 4.96084 4.64352 4.33673 4.05951 3.78899 3.53098 3.28411 3.05302 2.91137 2.77603 2.69691 2.63078 2.78273 2.97839 3.19603 3.51463 3.94481 4.47794 5.19945 6.1407 7.0273 8.27316 9.66506 11.4374 12.9682 14.6437 16.7794 19.0528 21.1228 21.0996 21.0813 21.068 21.0594 21.0524 21.0501 21.0526 21.0598 21.0716 21.0881 21.1091 21.1346 21.1646 21.199 21.2378 21.2809 21.3284 
48.6955 47.9398 47.1988 46.4724 45.7604 45.0624 44.3784 43.708 43.0511 42.4074 41.7768 41.159 40.5539 39.9612 39.3809 38.8126 38.2563 37.7117 37.1787 36.657 36.1467 35.6474 35.159 34.6815 34.2145 33.758 32.5281 29.9297 27.7895 25.4172 23.2967 21.4245 19.4648 17.8891 16.7905 15.4336 14.1597 13.1622 12.29 11.5409 10.8541 10.272 9.69903 9.18205 8.67319 8.25596 7.88664 7.53051 7.2311 6.93932 6.66117 6.39243 6.13104 5.79892 5.46917 5.14352 4.82167 4.51042 4.22878 3.95389 3.69156 3.44042 3.20511 3.05928 2.91981 2.83642 2.76643 2.91439 3.1061 3.31983 3.63456 4.06091 4.59026 5.30802 6.24556 7.12849 8.37074 9.75906 11.5278 13.0552 14.7272 16.8595 19.1295 21.1961 21.1695 21.1479 21.1313 21.1196 21.1114 21.1059 21.1052 21.1093 21.118 21.1314 21.1493 21.1718 21.1988 21.2302 21.2661 21.3063 21.3508 
49.2534 48.4879 47.7373 47.0015 46.2801 45.573 44.8799 44.2007 43.535 42.8828 42.2437 41.6176 41.0043 40.4035 39.8152 39.2391 38.675 38.1228 37.5823 37.0533 36.5357 36.0292 35.5338 35.0492 34.5754 34.1121 32.8755 30.2705 28.1238 25.7451 23.6183 21.7398 19.7739 18.1922 17.0876 15.7247 14.445 13.4417 12.5639 11.8091 11.1168 10.5291 9.9508 9.42847 8.91434 8.4919 8.11742 7.75621 7.45178 7.15503 6.87197 6.59839 6.33221 5.99536 5.66093 5.33066 5.00424 4.68847 4.40237 4.12306 3.85637 3.60091 3.36133 3.21129 3.06765 2.98012 2.90606 3.04998 3.2377 3.44748 3.7583 4.18079 4.70631 5.42029 6.35409 7.23332 8.47191 9.85661 11.6218 13.1456 14.8141 16.9429 19.2095 21.2727 21.2428 21.2179 21.1979 21.1829 21.1728 21.165 21.1611 21.162 21.1675 21.1778 21.1926 21.2121 21.2361 21.2645 21.2974 21.3346 21.3763 
49.8204 49.0451 48.2848 47.5393 46.8085 46.0921 45.3899 44.7017 44.0272 43.3662 42.7185 42.084 41.4623 40.8534 40.257 39.673 39.1011 38.5412 37.993 37.4566 36.9315 36.4178 35.9152 35.4236 34.9428 34.4726 33.2292 30.6176 28.4643 26.0791 23.9459 22.0611 20.0889 18.501 17.3904 16.0215 14.7359 13.7268 12.8432 12.0827 11.3848 10.7916 10.2078 9.68005 9.16057 8.73286 8.35318 7.98682 7.67731 7.37554 7.08753 6.80904 6.53802 6.19639 5.85723 5.52229 5.19126 4.87092 4.5803 4.29654 4.02543 3.76562 3.52173 3.36742 3.21957 3.12787 3.04969 3.18953 3.37322 3.57901 3.88589 4.30447 4.82614 5.5363 6.46632 7.3418 8.57669 9.95775 11.7193 13.2396 14.9045 17.0298 19.2929 21.3527 21.3194 21.2911 21.2678 21.2496 21.2362 21.2273 21.2201 21.2178 21.2202 21.2273 21.2391 21.2555 21.2764 21.3018 21.3317 21.366 21.4047 
50.3966 49.6113 48.8412 48.0861 47.3457 46.6199 45.9084 45.211 44.5275 43.8577 43.2013 42.5582 41.9281 41.3109 40.7064 40.1143 39.5344 38.9667 38.4109 37.8668 37.3343 36.8132 36.3034 35.8046 35.3167 34.8396 33.5894 30.971 28.811 26.4192 24.2795 22.3883 20.4099 18.8158 17.6989 16.3241 15.0325 14.0174 13.128 12.3617 11.6581 11.0593 10.47 9.9368 9.41193 8.97888 8.59394 8.22238 7.90773 7.6009 7.30787 7.02443 6.74851 6.40205 6.05811 5.71845 5.38275 5.0578 4.76262 4.47435 4.19879 3.93458 3.68633 3.52772 3.3756 3.2797 3.19736 3.33308 3.51269 3.71446 4.01735 4.43199 4.94976 5.65606 6.58226 7.45398 8.68513 10.0625 11.8204 13.3371 14.9984 17.1202 19.3798 21.4361 21.3994 21.3677 21.3411 21.3195 21.3028 21.291 21.2824 21.2769 21.2761 21.28 21.2887 21.3019 21.3198 21.3421 21.369 21.4003 21.436 
50.9821 50.1868 49.4067 48.6418 47.8917 47.1564 46.4355 45.7288 45.0362 44.3574 43.6922 43.0404 42.4018 41.7762 41.1633 40.5631 39.9752 39.3996 38.8359 38.2842 37.7441 37.2156 36.6983 36.1923 35.6973 35.2132 33.956 31.3307 29.164 26.7656 24.6193 22.7216 20.7368 19.1364 18.0133 16.6323 15.3347 14.3136 13.4183 12.6463 11.9369 11.3325 10.7375 10.1988 9.66845 9.23001 8.83975 8.46293 8.14309 7.83112 7.53303 7.24458 6.96372 6.61237 6.2636 5.91917 5.57875 5.24914 4.94936 4.65653 4.37648 4.10781 3.85517 3.6922 3.53579 3.43563 3.34908 3.48065 3.65615 3.85401 4.15272 4.56338 5.07721 5.77961 6.70196 7.56986 8.79724 10.1709 11.9251 13.4381 15.0959 17.2141 19.4702 21.523 21.4828 21.4477 21.4176 21.3927 21.3727 21.3576 21.3474 21.3391 21.3351 21.3359 21.3414 21.3515 21.3662 21.3855 21.4094 21.4377 21.4704 
51.5771 50.7715 49.9814 49.2065 48.4467 47.7016 46.9712 46.2552 45.5533 44.8654 44.1913 43.5307 42.8834 42.2492 41.628 41.0194 40.4234 39.8398 39.2682 38.7087 38.161 37.6248 37.1002 36.5868 36.0846 35.5933 34.3291 31.6969 29.5234 27.1182 24.9653 23.061 21.0697 19.463 18.3336 16.9464 15.6426 14.6155 13.7142 12.9363 12.2211 11.611 11.0103 10.466 9.93017 9.48629 9.09064 8.7085 8.38342 8.06626 7.76304 7.46954 7.18368 6.82739 6.47374 6.12448 5.7793 5.44498 5.14055 4.84312 4.55851 4.28535 4.02826 3.8609 3.70016 3.59569 3.5049 3.63226 3.80361 3.9972 4.292 4.69865 5.2085 5.90697 6.82543 7.68948 8.91306 10.2829 12.0335 13.5428 15.1969 17.3115 19.564 21.6133 21.5696 21.531 21.4976 21.4692 21.4458 21.4274 21.4139 21.4046 21.3974 21.3949 21.3972 21.4042 21.4158 21.432 21.4528 21.478 21.5078 
52.1817 51.3656 50.5653 49.7803 49.0106 48.2558 47.5157 46.7901 46.0789 45.3818 44.6986 44.0291 43.373 42.7302 42.1004 41.4835 40.8792 40.2874 39.7079 39.1405 38.5849 38.0412 37.509 36.9882 36.4786 35.9801 34.7088 32.0696 29.8891 27.4771 25.3175 23.4066 21.4088 19.7955 18.6598 17.2663 15.9563 14.9231 14.0158 13.2319 12.5109 11.8949 11.2885 10.7386 10.1971 9.74775 9.34666 8.95915 8.62875 8.30636 7.99796 7.69934 7.40843 7.04714 6.68856 6.33443 5.98443 5.64535 5.33621 5.03414 4.74494 4.46723 4.20566 4.03386 3.86871 3.75992 3.66484 3.78796 3.95511 4.14455 4.43525 4.83783 5.34367 6.03817 6.9527 7.81287 9.0326 10.3987 12.1454 13.651 15.3015 17.4125 19.6613 21.7071 21.6598 21.6178 21.5809 21.5491 21.5223 21.5006 21.4837 21.4718 21.4629 21.4572 21.4562 21.46 21.4685 21.4816 21.4993 21.5215 21.5481 
52.7959 51.9693 51.1585 50.3633 49.5835 48.8188 48.069 47.3338 46.6131 45.9066 45.2142 44.5356 43.8706 43.2191 42.5807 41.9552 41.3426 40.7426 40.1549 39.5795 39.0161 38.4646 37.9248 37.3964 36.8794 36.3736 35.0951 32.4488 30.2613 27.8424 25.676 23.7584 21.7539 20.1341 18.992 17.5921 16.2759 15.2365 14.3231 13.5331 12.8062 12.1843 11.5722 11.0175 10.4694 10.0144 9.60784 9.2149 8.87914 8.55144 8.23781 7.93402 7.638 7.27166 6.9081 6.54904 6.19418 5.85029 5.5364 5.22963 4.93578 4.65349 4.38737 4.21109 4.04151 3.92834 3.82892 3.94776 4.11067 4.29592 4.58248 4.98096 5.48275 6.17324 7.0838 7.94004 9.15589 10.5181 12.2611 13.7629 15.4096 17.517 19.7622 21.8044 21.7536 21.708 21.6676 21.6324 21.6022 21.577 21.5569 21.5416 21.5312 21.5226 21.5184 21.519 21.5243 21.5343 21.5488 21.5679 21.5916 
53.4199 52.5825 51.7612 50.9557 50.1657 49.3909 48.6312 47.8862 47.1559 46.44 45.7382 45.0505 44.3764 43.716 43.0688 42.4348 41.8137 41.2053 40.6094 40.0259 39.4546 38.8952 38.3476 37.8116 37.2871 36.7739 35.4881 32.8346 30.64 28.2141 26.0408 24.1164 22.1052 20.4789 19.3302 17.9239 16.6013 15.5557 14.6361 13.84 13.107 12.4793 11.8613 11.2998 10.747 10.2864 9.87423 9.4758 9.13461 8.80155 8.48263 8.17361 7.87243 7.50099 7.13239 6.76836 6.40858 6.05983 5.74113 5.42962 5.13108 4.84415 4.57345 4.39264 4.21859 4.10098 3.99719 4.1117 4.27033 4.45135 4.73372 5.12807 5.62576 6.3122 7.21876 8.07104 9.28296 10.6413 12.3805 13.8785 15.5215 17.6251 19.8667 21.9052 21.8508 21.8017 21.7578 21.719 21.6854 21.6568 21.6333 21.6147 21.601 21.5913 21.5839 21.5812 21.5833 21.5901 21.6015 21.6175 21.6381 
54.0538 53.2055 52.3735 51.5574 50.757 49.9721 49.2024 48.4476 47.7075 46.9819 46.2707 45.5737 44.8905 44.221 43.565 42.9222 42.2925 41.6757 41.0715 40.4798 39.9003 39.333 38.7776 38.2339 37.7018 37.1811 35.8878 33.227 31.0253 28.5923 26.412 24.4808 22.4628 20.8297 19.6745 18.2617 16.9327 15.8807 14.9548 14.1526 13.4136 12.7798 12.1558 11.5885 11.03 10.5637 10.1459 9.74188 9.39521 9.05674 8.73246 8.41816 8.11176 7.73517 7.36148 6.99241 6.62766 6.274 5.95045 5.63414 5.33086 5.03925 4.76393 4.57854 4.39996 4.27788 4.16967 4.2798 4.43411 4.61086 4.88901 5.27917 5.77273 6.45508 7.3576 8.20587 9.41384 10.7683 12.5035 13.9977 15.6369 17.7368 19.9747 22.0096 21.9515 21.8988 21.8514 21.8091 21.772 21.74 21.713 21.691 21.674 21.6618 21.6525 21.6466 21.6455 21.649 21.6573 21.6702 21.6876 
54.6978 53.8384 52.9955 52.1687 51.3578 50.5625 49.7826 49.0178 48.2679 47.5326 46.8118 46.1053 45.4128 44.7342 44.0692 43.4176 42.7792 42.1538 41.5411 40.9411 40.3535 39.7781 39.2147 38.6632 38.1234 37.5951 36.2944 33.6262 31.4172 28.9771 26.7897 24.8515 22.8267 21.1868 20.0249 18.6055 17.27 16.2116 15.2794 14.471 13.7258 13.0859 12.456 11.8828 11.3184 10.8463 10.4228 10.0132 9.66098 9.31703 8.98735 8.66771 8.35603 7.97423 7.59539 7.22124 6.85147 6.49284 6.16439 5.84323 5.53517 5.23883 4.95882 4.76881 4.58566 4.45907 4.34639 4.45211 4.60205 4.77448 5.04836 5.4343 5.92369 6.60191 7.50034 8.34458 9.54856 10.899 12.6304 14.1207 15.7561 17.8522 20.0863 22.1175 22.0558 21.9995 21.9484 21.9026 21.862 21.8265 21.7961 21.7707 21.7503 21.7348 21.7241 21.7152 21.7108 21.7111 21.7162 21.7259 21.7402 
55.3519 54.4812 53.6273 52.7896 51.968 51.1623 50.372 49.5971 48.8372 48.0921 47.3615 46.6455 45.9436 45.2557 44.5816 43.921 43.2738 42.6397 42.0185 41.41 40.8141 40.2306 39.6591 39.0997 38.5521 38.0161 36.7078 34.0322 31.8158 29.3684 27.1739 25.2286 23.1969 21.5502 20.3815 18.9554 17.6134 16.5485 15.6099 14.7952 14.0437 13.3977 12.7617 12.1825 11.6122 11.1343 10.7051 10.2898 9.93196 9.58248 9.24733 8.92229 8.60528 8.21821 7.83417 7.45488 7.08003 6.71639 6.38299 6.05693 5.74403 5.44291 5.15818 4.9635 4.77573 4.64457 4.52738 4.62864 4.77418 4.94225 5.21182 5.5935 6.07867 6.75272 7.64703 8.48719 9.68713 11.0336 12.761 14.2475 15.879 17.9712 20.2016 22.2291 22.1637 22.1037 22.049 21.9996 21.9555 21.9165 21.8826 21.8538 21.8299 21.811 21.7971 21.787 21.7793 21.7764 21.7783 21.7848 21.7959 
56.0169 55.1342 54.269 53.4203 52.5879 51.7715 50.9708 50.1855 49.4155 48.6604 47.92 47.1943 46.4828 45.7856 45.1022 44.4326 43.7764 43.1335 42.5036 41.8866 41.2823 40.6905 40.1109 39.5434 38.9879 38.4441 37.1282 34.445 32.2212 29.7664 27.5647 25.6123 23.5735 21.9198 20.7443 19.3115 17.9628 16.8913 15.9463 15.1252 14.3674 13.7152 13.0731 12.4878 11.9116 11.4278 10.9927 10.5717 10.2082 9.85312 9.51244 9.18195 8.85955 8.46716 8.07786 7.69338 7.31339 6.94469 6.60628 6.27527 5.95748 5.65153 5.36202 5.16262 4.97019 4.83443 4.71268 4.80944 4.95052 5.11419 5.3794 5.75678 6.23769 6.90754 7.79768 8.63373 9.82959 11.172 12.8955 14.378 16.0056 18.094 20.3206 22.3442 22.2751 22.2114 22.1531 22.1001 22.0524 22.0099 21.9725 21.9402 21.9129 21.8906 21.8732 21.8608 21.851 21.8449 21.8435 21.8468 21.8548 
56.691 55.7974 54.9207 54.0609 53.2174 52.3902 51.5789 50.7832 50.0029 49.2377 48.4874 47.7518 47.0307 46.3239 45.6312 44.9523 44.287 43.6352 42.9966 42.3709 41.7581 41.1579 40.5701 39.9945 39.4309 38.8793 37.5555 34.8647 32.6333 30.1712 27.9621 26.0025 23.9565 22.2959 21.1134 19.6738 18.3184 17.2403 16.2887 15.4611 14.697 14.0385 13.3902 12.7988 12.2165 11.7267 11.2858 10.859 10.4897 10.129 9.78273 9.44672 9.11887 8.7211 8.32649 7.93676 7.55159 7.17776 6.83429 6.49829 6.17556 5.86472 5.5704 5.36623 5.16909 5.02867 4.90232 4.99453 5.13111 5.29033 5.55115 5.92418 6.4008 7.06639 7.95234 8.78422 9.97597 11.3144 13.0338 14.5123 16.136 18.2205 20.4432 22.463 22.3902 22.3228 22.2608 22.2041 22.1528 22.1067 22.0657 22.0299 21.9992 21.9735 21.9527 21.9369 21.9259 21.9165 21.9119 21.912 21.9167 
57.3756 56.4709 55.5827 54.7114 53.8568 53.0186 52.1965 51.3902 50.5994 49.824 49.0636 48.318 47.5872 46.8707 46.1685 45.4803 44.8058 44.145 43.4974 42.863 42.2416 41.6329 41.0367 40.4529 39.8812 39.3216 37.99 35.2914 33.0524 30.5827 28.3662 26.3993 24.3461 22.6784 21.4889 20.0424 18.6801 17.5953 16.6371 15.803 15.0324 14.3676 13.713 13.1154 12.527 12.0312 11.5843 11.1516 10.7766 10.4102 10.0582 9.71665 9.38329 8.98008 8.5801 8.18507 7.79466 7.41566 7.06707 6.72602 6.3983 6.08253 5.78333 5.57435 5.37245 5.22733 5.09633 5.18394 5.31598 5.47071 5.72709 6.09573 6.56801 7.22931 8.111 8.93869 10.1263 11.4606 13.1759 14.6504 16.2701 18.3507 20.5695 22.5855 22.5089 22.4377 22.372 22.3117 22.2567 22.207 22.1625 22.1231 22.0889 22.0597 22.0355 22.0163 22.002 21.9914 21.9835 21.9803 21.9818 
58.071 57.1548 56.255 55.3722 54.5062 53.6568 52.8237 52.0067 51.2053 50.4195 49.6489 48.8932 48.1524 47.4262 46.7143 46.0166 45.3329 44.6628 44.0063 43.363 42.7328 42.1155 41.5109 40.9187 40.3388 39.7711 38.4315 35.7251 33.4784 31.001 28.777 26.8027 24.7423 23.0673 21.8708 20.4173 19.0481 17.9565 16.9916 16.1509 15.3738 14.7025 14.0416 13.4378 12.8432 12.3413 11.8884 11.4498 11.0689 10.6966 10.339 9.99178 9.65285 9.24415 8.83874 8.43834 8.04264 7.65841 7.30465 6.9585 6.62574 6.30499 6.00086 5.78702 5.58031 5.43044 5.29474 5.37771 5.50517 5.65536 5.90726 6.27146 6.73935 7.39632 8.27373 9.09718 10.2806 11.6107 13.322 14.7924 16.4081 18.4847 20.6996 22.7117 22.6312 22.5563 22.4868 22.4228 22.3641 22.3108 22.2627 22.2198 22.182 22.1493 22.1217 22.099 22.0813 22.0684 22.0583 22.0518 22.0501 
58.7772 57.8489 56.9383 56.0431 55.1656 54.3049 53.4607 52.6327 51.8206 51.0242 50.2432 49.4774 48.7265 47.9903 47.2687 46.5614 45.8683 45.1889 44.5232 43.871 43.2319 42.6059 41.9927 41.3921 40.8039 40.2279 38.8803 36.1659 33.9114 31.4263 29.1947 27.2129 25.1451 23.4629 22.2591 20.7985 19.4224 18.324 17.3523 16.5049 15.7212 15.0434 14.3761 13.7659 13.165 12.657 12.198 11.7534 11.3666 10.9885 10.6251 10.2722 9.9276 9.51334 9.10244 8.69662 8.29557 7.90605 7.54708 7.19577 6.85791 6.53212 6.22303 6.00427 5.79271 5.63803 5.49759 5.57587 5.6987 5.84431 6.09168 6.45141 6.91487 7.56746 8.44054 9.25971 10.4389 11.7648 13.472 14.9383 16.5499 18.6225 20.8335 22.8417 22.7573 22.6785 22.6053 22.5375 22.4751 22.4181 22.3663 22.3198 22.2785 22.2423 22.2112 22.1851 22.1639 22.1477 22.1363 22.1265 22.1215 
59.4945 58.555 57.6311 56.7245 55.8353 54.9631 54.1075 53.2684 52.4455 51.6383 50.8468 50.0706 49.3095 48.5633 47.8318 47.1148 46.412 45.7233 45.0483 44.3869 43.7389 43.1041 42.4821 41.873 41.2764 40.6921 39.3363 36.6139 34.3514 31.8586 29.6193 27.6299 25.5546 23.865 22.654 21.1863 19.8031 18.6977 17.7191 16.865 16.0746 15.3902 14.7164 14.0998 13.4927 12.9784 12.5133 12.0626 11.6697 11.2857 10.9165 10.5578 10.2076 9.78769 9.37125 8.95995 8.55349 8.15863 7.79438 7.43786 7.09485 6.76398 6.44986 6.22614 6.00967 5.85015 5.70492 5.77846 5.8966 6.03759 6.28038 6.63559 7.09459 7.74276 8.61147 9.42632 10.6012 11.923 13.6259 15.0881 16.6956 18.7642 20.9711 22.9754 22.8871 22.8044 22.7274 22.6558 22.5897 22.5289 22.4735 22.4234 22.3785 22.3387 22.3041 22.2745 22.2499 22.2302 22.2154 22.2044 22.1961 
60.2229 59.2697 58.3346 57.4163 56.5152 55.6313 54.7644 53.914 53.0799 52.2619 51.4597 50.673 49.9016 49.1452 48.4037 47.6768 46.9643 46.266 45.5817 44.911 44.2539 43.6101 42.9794 42.3616 41.7564 41.1638 39.7997 37.0691 34.7986 32.2979 30.0508 28.0537 25.9708 24.2738 23.0555 21.5805 20.1902 19.0777 18.0922 17.2312 16.4341 15.7431 15.0627 14.4396 13.8261 13.3055 12.8342 12.3773 11.9784 11.5884 11.2133 10.8488 10.4928 10.0673 9.6452 9.22838 8.81645 8.41619 8.04661 7.68482 7.33661 7.0006 6.6814 6.45266 6.23124 6.06682 5.91675 5.98551 6.09892 6.23524 6.47341 6.82405 7.27853 7.92224 8.78654 9.59703 10.7676 12.0851 13.7838 15.2418 16.8452 18.9097 21.1126 23.1129 23.0206 22.9341 22.8531 22.7777 22.7079 22.6434 22.5843 22.5305 22.4819 22.4386 22.4004 22.3673 22.3392 22.3161 22.2979 22.2845 22.274 
60.9626 59.9966 59.049 58.1188 57.2057 56.3099 55.4313 54.5695 53.7242 52.8951 52.0821 51.2847 50.5028 49.736 48.9843 48.2475 47.5252 46.8172 46.1233 45.4434 44.777 44.1242 43.4845 42.8579 42.2441 41.643 40.2705 37.5317 35.253 32.7443 30.4893 28.4844 26.3939 24.6893 23.4636 21.9813 20.5837 19.4641 18.4716 17.6037 16.7998 16.102 15.4149 14.7854 14.1653 13.6384 13.1608 12.6977 12.2927 11.8967 11.5156 11.1452 10.7834 10.3521 9.92435 9.50193 9.08448 8.67876 8.30379 7.93668 7.58322 7.24201 6.91769 6.68388 6.45745 6.28808 6.13312 6.19705 6.30569 6.43729 6.67079 7.01683 7.46675 8.10595 8.96579 9.77187 10.9381 12.2513 13.9457 15.3995 16.9988 19.0591 21.258 23.2542 23.1579 23.0674 22.9826 22.9034 22.8297 22.7614 22.6986 22.6411 22.5889 22.5419 22.5001 22.4635 22.4319 22.4053 22.3836 22.3669 22.355 
61.7138 60.7349 59.7745 58.8324 57.9067 56.9989 56.1084 55.235 54.3783 53.538 52.714 51.9058 51.1132 50.336 49.574 48.827 48.0947 47.3769 46.6734 45.984 45.3083 44.6462 43.9976 43.3621 42.7395 42.1297 40.7488 38.0016 35.7147 33.1978 30.9349 28.9222 26.8239 25.1117 23.8784 22.3887 20.9838 19.857 18.8574 17.9825 17.1716 16.467 15.7733 15.1371 14.5105 13.9771 13.4931 13.0238 12.6126 12.2104 11.8233 11.4469 11.0793 10.6422 10.2087 9.78065 9.35762 8.94639 8.56598 8.19349 7.83471 7.48826 7.15875 6.91983 6.68833 6.51397 6.35407 6.41312 6.51694 6.64377 6.87256 7.21394 7.65926 8.29391 9.14925 9.95088 11.1127 12.4215 14.1117 15.5612 17.1563 19.2125 21.4072 23.3993 23.2991 23.2046 23.1158 23.0327 22.9551 22.8831 22.8165 22.7552 22.6994 22.6487 22.6033 22.5631 22.5279 22.4978 22.4727 22.4525 22.4372 
62.4767 61.4845 60.5112 59.5564 58.6184 57.6984 56.7959 55.9107 55.0424 54.1908 53.3555 52.5363 51.733 50.9452 50.1727 49.4154 48.673 47.9453 47.232 46.5329 45.8478 45.1765 44.5186 43.8741 43.2427 42.6242 41.2346 38.479 36.1838 33.6587 31.3876 29.3669 27.2608 25.5409 24.3 22.8027 21.3905 20.2564 19.2496 18.3676 17.5497 16.8383 16.1377 15.4948 14.8616 14.3217 13.8313 13.3556 12.9381 12.5298 12.1366 11.7542 11.3806 10.9376 10.4984 10.0646 9.63592 9.21912 8.8332 8.45528 8.09113 7.73939 7.40464 7.16054 6.92394 6.74452 6.57964 6.63376 6.7327 6.85472 7.07875 7.41543 7.85609 8.48615 9.33695 10.1341 11.2915 12.5959 14.2817 15.727 17.3178 19.3698 21.5603 23.5484 23.444 23.3455 23.2528 23.1657 23.0843 23.0084 22.938 22.873 22.8134 22.7591 22.71 22.6661 22.6274 22.5938 22.5651 22.5415 22.5228 
63.2513 62.2457 61.2592 60.2916 59.3411 58.4086 57.4939 56.5967 55.7166 54.8534 54.0068 53.1765 52.3622 51.5636 50.7805 50.0128 49.2602 48.5224 47.7998 47.0904 46.3957 45.7149 45.0478 44.3941 43.7537 43.1264 41.7281 38.9639 36.6602 34.1268 31.8476 29.8188 27.7048 25.977 24.7284 23.2236 21.8038 20.6623 19.6483 18.7591 17.9342 17.2157 16.5083 15.8586 15.2187 14.6722 14.1753 13.6932 13.2694 12.8548 12.4554 12.067 11.6873 11.2385 10.7934 10.3538 9.91942 9.49699 9.10551 8.7221 8.35253 7.99542 7.65539 7.40606 7.16429 6.97979 6.80985 6.85899 6.95302 7.07017 7.2894 7.62132 8.0573 8.68272 9.52893 10.3215 11.4744 12.7744 14.4558 15.8968 17.4833 19.531 21.7174 23.7013 23.5929 23.4903 23.3935 23.3025 23.2172 23.1374 23.0631 22.9943 22.931 22.8729 22.8202 22.7727 22.7303 22.6931 22.661 22.6338 22.6116 
64.0379 63.0186 62.0188 61.0382 60.0747 59.1296 58.2025 57.2931 56.4011 55.5262 54.668 53.8264 53.001 52.1915 51.3976 50.6194 49.8563 49.1083 48.3751 47.6564 46.952 46.2616 45.5851 44.9222 44.2727 43.6364 42.2293 39.4564 37.1442 34.6024 32.3149 30.2779 28.1559 26.4202 25.1637 23.6512 22.2239 21.0749 20.0535 19.1571 18.325 17.5995 16.8851 16.2285 15.5819 15.0287 14.5252 14.0366 13.6064 13.1856 12.7799 12.3853 11.9996 11.5447 11.0937 10.6483 10.2082 9.78005 9.38295 8.99398 8.61894 8.25642 7.91103 7.65643 7.40945 7.21978 7.04476 7.08887 7.17792 7.29016 7.50454 7.83167 8.2629 8.88363 9.72521 10.5132 11.6616 12.9571 14.6341 16.0707 17.6528 19.6963 21.8784 23.8582 23.7456 23.6389 23.5381 23.4431 23.3538 23.2701 23.1919 23.1193 23.0521 22.9904 22.9339 22.8827 22.8367 22.7959 22.7602 22.7295 22.7038 
64.8366 63.8035 62.79 61.7958 60.8206 59.8615 58.9219 58.0001 57.096 56.2091 55.3393 54.4861 53.6494 52.8288 52.0241 51.2351 50.4616 49.7032 48.9598 48.2311 47.5168 46.8168 46.1307 45.4585 44.7997 44.1543 42.7383 39.9566 37.6358 35.0854 32.7895 30.7443 28.6141 26.8704 25.606 24.0857 22.6507 21.4942 20.4653 19.5615 18.7222 17.9896 17.2682 16.6047 15.9512 15.3913 14.8811 14.386 13.9494 13.522 13.1101 12.7093 12.3174 11.8565 11.3995 10.9482 10.5022 10.0683 9.66556 9.27098 8.8904 8.52241 8.17162 7.91168 7.65943 7.46455 7.28439 7.32342 7.40746 7.51473 7.72421 8.04649 8.47293 9.08895 9.92583 10.7092 11.853 13.144 14.8166 16.2487 17.8265 19.8656 22.0435 24.019 23.9022 23.7914 23.6865 23.5875 23.4941 23.4065 23.3244 23.248 23.1769 23.1114 23.0512 22.9963 22.9466 22.9021 22.8628 22.8286 22.7994 
65.6475 64.6003 63.573 62.5653 61.5756 60.6046 59.6521 58.7178 57.8013 56.9024 56.0206 55.1558 54.3077 53.4758 52.66 51.8602 51.0759 50.3071 49.5534 48.8145 48.0903 47.3804 46.6847 46.0029 45.3349 44.6803 43.2552 40.4646 38.135 35.576 33.2716 31.218 29.0795 27.3277 26.0554 24.5272 23.0844 21.9203 20.8839 19.9726 19.126 18.3861 17.6576 16.9871 16.3267 15.76 15.2431 14.7412 14.298 13.8643 13.446 13.0389 12.6408 12.1738 11.7107 11.2535 10.8016 10.3619 9.95338 9.55314 9.16695 8.79344 8.4372 8.17186 7.91429 7.71415 7.5288 7.56269 7.64165 7.74392 7.94844 8.26583 8.68743 9.29865 10.1308 10.9096 12.0488 13.3352 15.0032 16.4308 18.0042 20.0391 22.2126 24.1838 24.0628 23.9479 23.8388 23.7357 23.6383 23.5467 23.4607 23.3803 23.3054 23.236 23.172 23.1134 23.06 23.0119 22.9689 22.9311 22.8983 
66.471 65.4094 64.3681 63.3464 62.3431 61.3589 60.3934 59.4463 58.5173 57.6061 56.7123 55.8356 54.9758 54.1325 53.3055 52.4947 51.6996 50.9201 50.1559 49.4068 48.6724 47.9526 47.2471 46.5557 45.8782 45.2143 43.7801 40.9804 38.6419 36.0742 33.7612 31.6991 29.5523 27.7923 26.5118 24.9757 23.525 22.3532 21.3091 20.3904 19.5363 18.7892 18.0534 17.3758 16.7084 16.1348 15.6111 15.1025 14.6527 14.2124 13.7877 13.3742 12.9699 12.4966 12.0275 11.5642 11.1063 10.6608 10.2465 9.84049 9.44865 9.06955 8.7078 8.43702 8.17406 7.96861 7.778 7.80672 7.88055 7.97776 8.17728 8.48972 8.90644 9.51283 10.3402 11.1143 12.2488 13.5306 15.194 16.6172 18.1861 20.2165 22.3857 24.3526 24.2274 24.1082 23.995 23.8877 23.7863 23.6906 23.6007 23.5163 23.4376 23.3643 23.2965 23.234 23.1769 23.1251 23.0785 23.037 23.0007 
67.3071 66.2309 65.1752 64.1393 63.1222 62.1245 61.1458 60.1858 59.244 58.3203 57.4143 56.5256 55.654 54.7991 53.9607 53.1387 52.3327 51.5424 50.7676 50.008 49.2634 48.5335 47.8181 47.1169 46.4298 45.7565 44.313 41.5042 39.1567 36.5801 34.2584 32.1877 30.0325 28.2641 26.9755 25.4312 23.9727 22.7929 21.7412 20.8148 19.9533 19.1987 18.4557 17.7709 17.0964 16.5158 15.9852 15.4699 15.0134 14.5665 14.1352 13.7153 13.3046 12.8251 12.3498 11.8804 11.4165 10.965 10.5449 10.1331 9.73554 9.3508 8.98347 8.70718 8.43879 8.22797 8.03206 8.05553 8.1242 8.21629 8.41076 8.71821 9.13 9.73152 10.5541 11.3233 12.4532 13.7303 15.3892 16.8078 18.3722 20.3982 22.563 24.5255 24.396 24.2726 24.1552 24.0437 23.9382 23.8384 23.7444 23.6561 23.5734 23.4962 23.4246 23.3583 23.2975 23.2419 23.1916 23.1464 23.1065 
68.156 67.065 65.9948 64.9441 63.9131 62.9017 61.9095 60.9363 59.9817 59.0453 58.1268 57.2259 56.3423 55.4756 54.6257 53.7924 52.9752 52.174 51.3884 50.6183 49.8633 49.1232 48.3977 47.6867 46.9898 46.3069 44.854 42.036 39.6793 37.0938 34.7632 32.6839 30.5201 28.7433 27.4464 25.894 24.4273 23.2397 22.1801 21.246 20.3769 19.6149 18.8645 18.1724 17.4908 16.9031 16.3655 15.8434 15.3801 14.9265 14.4886 14.0622 13.6451 13.1593 12.6777 12.2021 11.7322 11.2747 10.8486 10.431 10.0277 9.63721 9.26425 8.9824 8.70852 8.49228 8.29101 8.30919 8.37262 8.45955 8.64891 8.95132 9.35813 9.95472 10.7724 11.5369 12.662 13.9344 15.5886 17.0026 18.5625 20.584 22.7443 24.7025 24.5686 24.4409 24.3193 24.2036 24.0939 23.9901 23.892 23.7997 23.713 23.6319 23.5563 23.4862 23.4216 23.3622 23.3082 23.2594 23.2157 
69.0179 67.9118 66.8267 65.7624 64.7159 63.6905 62.6848 61.6982 60.7304 59.7811 58.85 57.9367 57.0409 56.1623 55.3007 54.4558 53.6273 52.815 52.0186 51.2377 50.4722 49.7217 48.9861 48.265 47.5583 46.8657 45.4033 42.5758 40.21 37.6154 35.2759 33.1878 31.0153 29.2299 27.9246 26.3639 24.8892 23.6935 22.626 21.6841 20.8073 20.0377 19.2799 18.5805 17.8916 17.2967 16.7521 16.223 15.7528 15.2925 14.848 14.415 13.9914 13.4992 13.0113 12.5295 12.0534 11.5899 11.1578 10.7342 10.3251 9.92885 9.5502 9.26273 8.9833 8.76157 8.55489 8.56773 8.62588 8.70758 8.89179 9.18911 9.59088 10.1825 10.9953 11.7549 12.8752 14.1429 15.7924 17.2018 18.7571 20.774 22.9299 24.8836 24.7454 24.6133 24.4874 24.3675 24.2536 24.1456 24.0434 23.947 23.8563 23.7713 23.6918 23.6178 23.5493 23.4861 23.4283 23.3758 23.3284 
69.8931 68.7716 67.6715 66.5904 65.5307 64.4912 63.4716 62.4714 61.4903 60.5279 59.5839 58.658 57.7498 56.8592 55.9857 55.1291 54.2892 53.4656 52.6581 51.8664 51.0902 50.3292 49.5833 48.8521 48.1354 47.433 45.9609 43.1239 40.7488 38.1449 35.7964 33.6993 31.5181 29.7241 28.4103 26.8412 25.3582 24.1544 23.0789 22.1291 21.2446 20.4673 19.7019 18.9951 18.2988 17.6968 17.145 16.6089 16.1318 15.6646 15.2134 14.7737 14.3436 13.8449 13.3506 12.8625 12.3802 11.9105 11.4724 11.0429 10.6278 10.2258 9.84135 9.5482 9.26316 9.0359 8.82375 8.83118 8.884 8.96043 9.13944 9.43161 9.8283 10.4149 11.2227 11.9774 13.0928 14.3557 16.0005 17.4052 18.9559 20.9683 23.1196 25.0689 24.9262 24.7898 24.6595 24.5353 24.4172 24.305 24.1987 24.0982 24.0035 23.9144 23.831 23.7531 23.6807 23.6137 23.5521 23.4958 23.4447 
70.7816 69.6444 68.5274 67.4321 66.3577 65.3039 64.2701 63.2561 62.2614 61.2858 60.3288 59.3901 58.4693 57.5664 56.6809 55.8125 54.961 54.126 53.3072 52.5045 51.7174 50.9458 50.1894 49.4479 48.7211 48.0088 46.5269 43.6803 41.2957 38.6825 36.3248 34.2188 32.0286 30.2259 28.9034 27.3259 25.8345 24.6225 23.5389 22.5812 21.6887 20.9037 20.1307 19.4163 18.7127 18.1033 17.5443 17.0011 16.517 16.0429 15.5848 15.1385 14.7017 14.1964 13.6957 13.2012 12.7127 12.2368 11.7925 11.3569 10.9359 10.528 10.1378 9.83888 9.54817 9.31531 9.09764 9.09961 9.14703 9.21814 9.39189 9.67886 10.0704 10.6519 11.4548 12.2045 13.315 14.5731 16.2131 17.6131 19.1591 21.1668 23.3136 25.2583 25.1112 24.9703 24.8357 24.7072 24.5848 24.4684 24.3579 24.2533 24.1545 24.0614 23.9739 23.892 23.8157 23.7449 23.6794 23.6193 23.5645 
71.6837 70.5291 69.397 68.2865 67.1972 66.1287 65.0806 64.0525 63.0441 62.0549 61.0846 60.1329 59.1995 58.2841 57.3864 56.506 55.6427 54.7961 53.966 53.1521 52.3541 51.5717 50.8046 50.0527 49.3157 48.5932 47.1014 44.2451 41.8509 39.2283 36.8613 34.7461 32.5469 30.7353 29.4042 27.818 26.3182 25.0979 24.006 23.0402 22.1398 21.347 20.5662 19.8442 19.1331 18.5163 17.9501 17.3996 16.9084 16.4274 15.9624 15.5092 15.0658 14.5539 14.0466 13.5457 13.0508 12.5686 12.1182 11.6765 11.2494 10.8356 10.4395 10.1348 9.83836 9.59985 9.37659 9.37305 9.41503 9.48076 9.64919 9.93091 10.3173 10.8937 11.6914 12.4362 13.5417 14.7949 16.4301 17.8253 19.3666 21.3697 23.5118 25.452 25.3003 25.155 25.016 24.8831 24.7564 24.6358 24.5211 24.4123 24.3093 24.2121 24.1206 24.0348 23.9545 23.8797 23.8104 23.7465 23.6878 
72.598 71.4276 70.2796 69.1536 68.0491 66.9657 65.9031 64.8607 63.8383 62.8354 61.8516 60.8868 59.9405 59.0125 58.1023 57.2098 56.3345 55.4762 54.6346 53.8093 53.0001 52.2068 51.429 50.6666 49.9191 49.1865 47.6846 44.8184 42.4144 39.7823 37.4059 35.2814 33.0731 31.2526 29.9126 28.3178 26.8094 25.5806 24.4805 23.5065 22.598 21.7973 21.0087 20.279 19.5602 18.936 18.3623 17.8046 17.3063 16.8181 16.3462 15.8861 15.4359 14.9173 14.4035 13.8961 13.3947 12.9062 12.4495 12.0016 11.5685 11.1486 10.7466 10.436 10.1338 9.88957 9.66067 9.65155 9.68803 9.74832 9.91138 10.1878 10.5689 11.1402 11.9328 12.6725 13.7731 15.0213 16.6516 18.042 19.5785 21.5769 23.7144 25.6499 25.4937 25.3439 25.2004 25.0632 24.9321 24.8071 24.6882 24.5752 24.4681 24.3667 24.2712 24.1813 24.097 24.0183 23.945 23.8772 23.8148 
73.5264 72.3395 71.1754 70.0337 68.9137 67.8152 66.7378 65.6809 64.6442 63.6274 62.63 61.6518 60.6925 59.7516 58.8289 57.924 57.0366 56.1664 55.313 54.4763 53.6558 52.8514 52.0627 51.2895 50.5316 49.7886 48.2765 45.4003 42.9865 40.3446 37.9587 35.8248 33.6073 31.7777 30.4288 28.8251 27.3081 26.0707 24.9622 23.98 23.0634 22.2545 21.458 20.7205 19.9941 19.3623 18.7812 18.2161 17.7105 17.2152 16.7362 16.2692 15.8121 15.2868 14.7663 14.2523 13.7444 13.2495 12.7864 12.3324 11.893 11.4671 11.0591 10.7426 10.4345 10.1845 9.94991 9.93517 9.96609 10.0209 10.1785 10.4496 10.8254 11.3914 12.1789 12.9135 14.009 15.2523 16.8776 18.2631 19.7949 21.7885 23.9212 25.8522 25.6914 25.537 25.389 25.2473 25.1119 24.9826 24.8593 24.742 24.6307 24.5252 24.4255 24.3316 24.2433 24.1606 24.0834 24.0117 23.9454 
74.4687 73.2651 72.0847 70.9268 69.7912 68.6773 67.5848 66.5132 65.462 64.4311 63.4199 62.4282 61.4556 60.5017 59.5662 58.6488 57.7491 56.8668 56.0016 55.1532 54.3213 53.5056 52.7059 51.9218 51.1532 50.3996 48.8773 45.9909 43.5671 40.9155 38.5198 36.3765 34.1497 32.3108 30.9528 29.3403 27.8144 26.5685 25.4514 24.4608 23.5359 22.719 21.9145 21.1691 20.4349 19.7954 19.2067 18.6342 18.1212 17.6187 17.1326 16.6586 16.1945 15.6623 15.1351 14.6144 14.1 13.5986 13.1291 12.6688 12.2232 11.7911 11.377 11.0546 10.7406 10.4848 10.2444 10.224 10.2493 10.2985 10.4507 10.7163 11.0868 11.6475 12.4298 13.1592 14.2496 15.4879 17.1082 18.4889 20.0157 22.0045 24.1325 26.0588 25.8933 25.7344 25.5819 25.4357 25.2958 25.1621 25.0345 24.9129 24.7973 24.6876 24.5838 24.4857 24.3934 24.3066 24.2255 24.1498 24.0796 
75.4252 74.2046 73.0074 71.8333 70.6817 69.5522 68.4443 67.3577 66.292 65.2467 64.2216 63.2162 62.2301 61.263 60.3145 59.3844 58.4722 57.5776 56.7003 55.8401 54.9966 54.1695 53.3586 52.5635 51.784 51.0199 49.487 46.5904 44.1566 41.4948 39.0894 36.9365 34.7002 32.852 31.4848 29.8632 28.3285 27.0738 25.9481 24.949 24.0158 23.1906 22.378 21.6246 20.8826 20.2353 19.639 19.0589 18.5386 18.0287 17.5354 17.0542 16.5832 16.0441 15.51 14.9826 14.4615 13.9536 13.4777 13.0109 12.5591 12.1207 11.7005 11.372 11.0521 10.7903 10.5441 10.518 10.5376 10.5812 10.7279 10.988 11.3532 11.9085 12.6855 13.4097 14.495 15.7281 17.3435 18.7191 20.2411 22.225 24.3483 26.2698 26.0996 25.936 25.7789 25.6282 25.4839 25.3457 25.2137 25.0878 24.968 24.854 24.746 24.6438 24.5473 24.4565 24.3713 24.2917 24.2176 
76.3959 75.158 73.9439 72.7531 71.5853 70.4399 69.3166 68.2148 67.1343 66.0746 65.0352 64.0158 63.0161 62.0355 61.0739 60.1308 59.206 58.2989 57.4095 56.5372 55.682 54.8433 54.021 53.2147 52.4243 51.6493 50.1059 47.1988 44.7546 42.0829 39.6676 37.5049 35.259 33.4014 32.0249 30.3942 28.8504 27.5869 26.4525 25.4448 24.5031 23.6696 22.8489 22.0873 21.3372 20.6821 20.0781 19.4904 18.9625 18.4453 17.9446 17.4563 16.9781 16.432 15.891 15.3568 14.8291 14.3145 13.832 13.3588 12.9006 12.456 12.0296 11.695 11.369 11.1013 10.8492 10.8172 10.8311 10.8691 11.0101 11.2648 11.6244 12.1744 12.9461 13.665 14.7451 15.9731 17.5834 18.954 20.471 22.4501 24.5685 26.4852 26.3103 26.142 25.9803 25.825 25.6761 25.5335 25.3971 25.2668 25.1426 25.0244 24.9121 24.8057 24.7051 24.6102 24.521 24.4373 24.3592 
77.3811 76.1255 74.8941 73.6866 72.5023 71.341 70.2019 69.0849 67.9893 66.9148 65.861 64.8274 63.8138 62.8196 61.8447 60.8884 59.9507 59.031 58.1292 57.2448 56.3775 55.5271 54.6933 53.8757 53.0741 52.2882 50.734 47.8163 45.3618 42.6799 40.2545 38.0819 35.8262 33.959 32.5732 30.9332 29.3803 28.1078 26.9646 25.9481 24.9979 24.1559 23.3268 22.5571 21.7991 21.136 20.5241 19.9287 19.3933 18.8685 18.3605 17.8648 17.3795 16.8263 16.2784 15.7373 15.2027 14.6814 14.1924 13.7126 13.248 12.7971 12.3644 12.0236 11.6915 11.4178 11.1597 11.1219 11.13 11.1622 11.2976 11.5467 11.9008 12.4453 13.2116 13.9252 15.0001 16.2229 17.8281 19.1936 20.7056 22.6797 24.7932 26.7051 26.5254 26.3524 26.186 26.0262 25.8727 25.7255 25.5846 25.4499 25.3214 25.1988 25.0823 24.9716 24.8668 24.7678 24.6745 24.5868 24.5047 
78.3809 77.1075 75.8588 74.6342 73.4334 72.2557 71.1007 69.968 68.8572 67.7677 66.6992 65.6512 64.6234 63.6154 62.6269 61.6573 60.7065 59.774 58.8596 57.9628 57.0834 56.2211 55.3756 54.5465 53.7336 52.9366 51.3715 48.4432 45.978 43.2857 40.8502 38.6675 36.4021 34.5252 33.1298 31.4804 29.9183 28.6366 27.4845 26.4593 25.5003 24.6498 23.8123 23.0343 22.2681 21.5971 20.9772 20.374 19.8308 19.2985 18.783 18.28 17.7874 17.227 16.672 16.124 15.5825 15.0545 14.5587 14.0724 13.6013 13.1439 12.7049 12.3578 12.0196 11.7398 11.4757 11.4319 11.4342 11.4606 11.5903 11.8337 12.1823 12.7213 13.4821 14.1904 15.2599 16.4775 18.0775 19.4379 20.9449 22.914 25.0225 26.9295 26.7451 26.5673 26.3962 26.2316 26.0735 25.9218 25.7764 25.6372 25.5042 25.3773 25.2565 25.1415 25.0325 24.9293 24.8318 24.7401 24.6539 
79.3963 78.1048 76.8384 75.5965 74.3787 73.1844 72.0133 70.8647 69.7382 68.6335 67.55 66.4874 65.4453 64.4232 63.4209 62.4378 61.4737 60.5282 59.601 58.6916 57.7999 56.9255 56.0681 55.2274 54.403 53.5948 52.0186 49.0794 46.6036 43.9008 41.4549 39.2621 36.9866 35.0999 33.6948 32.0359 30.4645 29.1736 28.0124 26.9782 26.0105 25.1514 24.3053 23.519 22.7444 22.0652 21.4374 20.8263 20.2753 19.7353 19.2122 18.7018 18.2018 17.6343 17.0721 16.517 15.9686 15.4337 14.9312 14.4382 13.9605 13.4966 13.0512 12.6978 12.3533 12.0674 11.7973 11.7475 11.7438 11.7644 11.8883 12.126 12.4689 13.0024 13.7578 14.4606 15.5248 16.7371 18.3318 19.6871 21.1889 23.1529 25.2565 27.1586 26.9692 26.7867 26.6108 26.4415 26.2787 26.1224 25.9724 25.8287 25.6913 25.56 25.4348 25.3155 25.2022 25.0948 24.9932 24.8972 24.807 
80.4278 79.1178 77.8333 76.5738 75.3388 74.1276 72.9399 71.7751 70.6328 69.5126 68.4139 67.3364 66.2797 65.2433 64.2269 63.2301 62.2525 61.2938 60.3535 59.4315 58.5273 57.6406 56.7711 55.9185 55.0825 54.2628 52.6754 49.7252 47.2385 44.5251 42.0687 39.8656 37.58 35.6833 34.2685 32.5999 31.019 29.7188 28.5484 27.5052 26.5287 25.6607 24.806 24.0111 23.2283 22.5408 21.9049 21.2857 20.7269 20.1791 19.6484 19.1304 18.623 18.0481 17.4787 16.9165 16.361 15.8192 15.3099 14.8101 14.3258 13.8553 13.4034 13.0437 12.6929 12.4007 12.1244 12.0686 12.0589 12.0736 12.1917 12.4236 12.7609 13.2887 14.0385 14.7359 15.7946 17.0016 18.591 19.9411 21.4377 23.3967 25.4952 27.3923 27.198 27.0106 26.8299 26.6558 26.4883 26.3273 26.1728 26.0245 25.8826 25.7468 25.6172 25.4936 25.376 25.2643 25.1584 25.0584 24.964 
81.476 80.1472 78.8443 77.5667 76.314 75.0857 73.8811 72.6998 71.5414 70.4053 69.2912 68.1985 67.127 66.076 65.0453 64.0345 63.0432 62.071 61.1176 60.1826 59.2657 58.3665 57.4848 56.6202 55.7724 54.9411 53.3423 50.3808 47.8832 45.1589 42.6919 40.4784 38.1825 36.2757 34.8509 33.1726 31.5821 30.2724 29.0927 28.0403 27.0547 26.1779 25.3145 24.511 23.7197 23.0238 22.3797 21.7525 21.1857 20.63 20.0915 19.5659 19.051 18.4687 17.8919 17.3225 16.76 16.2111 15.6949 15.1883 14.6972 14.2202 13.7617 13.3955 13.0383 12.7398 12.4573 12.3954 12.3796 12.3884 12.5005 12.7267 13.0581 13.5803 14.3245 15.0163 16.0696 17.2712 18.8553 20.2 21.6915 23.6453 25.7388 27.6308 27.4315 27.2392 27.0536 26.8747 26.7024 26.5367 26.3775 26.2247 26.0782 25.9379 25.8038 25.6759 25.5539 25.4379 25.3278 25.2235 25.125 
82.5418 81.1936 79.8719 78.5759 77.3052 76.0593 74.8375 73.6394 72.4645 71.3123 70.1824 69.0743 67.9875 66.9218 65.8766 64.8515 63.8462 62.8604 61.8935 60.9453 60.0155 59.1036 58.2095 57.3326 56.4728 55.6298 54.0194 51.0466 48.5378 45.8025 43.3248 41.1006 38.7943 36.8773 35.4424 33.7542 32.1539 30.8346 29.6455 28.5838 27.5891 26.7033 25.831 25.0188 24.2189 23.5146 22.8621 22.2267 21.6518 21.0882 20.5418 20.0085 19.4859 18.8961 18.312 17.7352 17.1655 16.6096 16.0863 15.5729 15.075 14.5912 14.1261 13.7533 13.3897 13.0849 12.7961 12.7279 12.7061 12.7088 12.815 13.0352 13.3609 13.8773 14.6159 15.3021 16.3499 17.5459 19.1247 20.4641 21.9503 23.8989 25.9872 27.8741 27.6698 27.4725 27.2819 27.0982 26.9211 26.7507 26.5868 26.4293 26.2782 26.1334 25.9948 25.8624 25.736 25.6157 25.5013 25.3928 25.29 
83.6264 82.2584 80.9173 79.6024 78.3133 77.0492 75.8098 74.5945 73.4028 72.2341 71.0881 69.9642 68.862 67.7811 66.7211 65.6815 64.662 63.6622 62.6817 61.7201 60.7771 59.8523 58.9455 58.0562 57.1843 56.3292 54.7071 51.7227 49.2026 46.4562 43.9675 41.7326 39.4157 37.4882 36.0431 34.3448 32.7347 31.4057 30.2069 29.1359 28.1318 27.2369 26.3557 25.5347 24.726 24.0131 23.3522 22.7085 22.1254 21.5538 20.9995 20.4583 19.928 19.3306 18.739 18.1548 17.5778 17.0147 16.4844 15.9639 15.4592 14.9686 14.4968 14.1174 13.7473 13.436 13.1409 13.0665 13.0384 13.035 13.1352 13.3495 13.6693 14.1799 14.9127 15.5933 16.6355 17.826 19.3993 20.7333 22.2142 24.1575 26.2406 28.1224 27.913 27.7106 27.5151 27.3264 27.1445 26.9693 26.8006 26.6384 26.4827 26.3333 26.1902 26.0533 25.9225 25.7978 25.6791 25.5663 25.4593 
84.7321 83.3438 81.9823 80.6478 79.3396 78.057 76.7995 75.5664 74.3574 73.1718 72.0093 70.8692 69.7512 68.6549 67.5797 66.5253 65.4913 64.4773 63.4828 62.5075 61.5511 60.6132 59.6935 58.7915 57.9072 57.0399 55.4058 52.4097 49.878 47.1203 44.6204 42.3746 40.047 38.109 36.6535 34.945 33.3247 31.9859 30.7774 29.6968 28.6834 27.7792 26.8888 26.0589 25.2414 24.5199 23.8504 23.1983 22.6069 22.027 21.4647 20.9156 20.3775 19.7724 19.1732 18.5815 17.9972 17.4268 16.8893 16.3618 15.85 15.3526 14.874 14.488 14.1112 13.7934 13.4919 13.4111 13.3768 13.3672 13.4613 13.6696 13.9835 14.4882 15.2153 15.8901 16.9266 18.1116 19.6793 21.0079 22.4833 24.4213 26.4991 28.3757 28.1612 27.9537 27.7532 27.5596 27.3728 27.1927 27.0192 26.8523 26.6919 26.5379 26.3902 26.2488 26.1136 25.9845 25.8614 25.7443 25.633 
85.8637 84.4529 83.0704 81.7153 80.3871 79.0851 77.8086 76.5572 75.3302 74.1272 72.9475 71.7908 70.6566 69.5443 68.4536 67.384 66.3351 65.3064 64.2976 63.3084 62.3383 61.3869 60.454 59.5392 58.6421 57.7625 56.1162 53.1081 50.5647 47.7954 45.2842 43.0273 40.6887 38.7399 37.2739 35.555 33.9246 32.5757 31.3574 30.267 29.2441 28.3305 27.4309 26.5918 25.7654 25.035 24.3569 23.6962 23.0964 22.5083 21.9378 21.3807 20.8347 20.2217 19.6148 19.0156 18.4238 17.846 17.3013 16.7666 16.2478 15.7434 15.258 14.8652 14.4817 14.1574 13.8494 13.7622 13.7215 13.7057 13.7936 13.9959 14.3037 14.8025 15.5237 16.1927 17.2235 18.4028 19.965 21.288 22.758 24.6906 26.7631 28.6344 28.4147 28.2021 27.9965 27.7979 27.6061 27.4212 27.2429 27.0713 26.9062 26.7475 26.5953 26.4494 26.3097 26.1762 26.0489 25.9275 25.8123 
89.5083 88.0166 84.193 82.814 81.4632 80.1397 78.8426 77.5714 76.3253 75.1037 73.906 72.7319 71.5806 70.4517 69.3448 68.2594 67.1951 66.1514 65.1279 64.1243 63.1401 62.1749 61.2285 60.3004 59.3904 58.498 56.8392 53.8189 51.2635 48.4824 45.9597 43.6913 41.3416 39.3819 37.9051 36.1756 34.5348 33.1757 31.9474 30.8472 29.8145 28.8914 27.9823 27.134 26.2985 25.5592 24.8723 24.2029 23.5946 22.9981 22.4193 21.854 21.3 20.6791 20.0644 19.4575 18.8581 18.2729 17.7208 17.1789 16.653 16.1415 15.6492 15.2495 14.8593 14.5283 14.2137 14.12 14.073 14.0509 14.1325 14.3286 14.6303 15.1231 15.8383 16.5014 17.5264 18.7 20.2565 21.574 23.0385 24.9656 27.0328 28.8988 28.6739 28.4562 28.2456 28.042 27.8453 27.6555 27.4725 27.2962 27.1266 26.9636 26.8072 26.6576 26.524 26.4551 26.467 29.7835 29.7038 
1e+10 1e+10 1e+10 1e+10 1e+10 1e+10 82.4434 81.0809 79.7664 78.4876 74.8951 73.7009 72.5305 71.3834 70.259 69.1566 68.0758 67.0161 65.9771 64.9583 63.9593 62.9798 62.0193 61.0774 60.1539 59.2484 57.5768 54.5438 51.976 49.1829 46.6482 44.3682 42.0071 40.0361 38.5483 36.808 35.1566 33.7871 32.5484 31.4382 30.3956 29.4627 28.5441 27.6864 26.8417 26.0932 25.3974 24.7192 24.1022 23.4971 22.9099 22.3363 21.7742 21.1453 20.5227 19.908 19.301 18.7082 18.1487 17.5994 17.0662 16.5477 16.0483 15.6416 15.2446 14.9068 14.5855 14.4852 14.4317 14.4031 14.4784 14.6682 14.9638 15.4505 16.1597 16.817 17.8362 19.004 20.5549 21.8668 23.3259 25.2477 27.3096 29.1705 28.9406 28.718 28.5028 28.2951 28.0971 27.9345 27.8259 30.8847 30.7464 30.6158 30.4936 1e+10 1e+10 1e+10 1e+10 1e+10 1e+10 
1e+10 1e+10 1e+10 1e+10 1e+10 1e+10 1e+10 1e+10 1e+10 1e+10 1e+10 1e+10 1e+10 1e+10 73.7537 72.5509 71.4082 70.2989 69.2174 68.161 64.8056 63.8099 62.8339 61.877 60.9389 60.0192 58.3337 55.2874 52.7065 49.9006 47.3535 45.0613 42.6882 40.7056 39.2063 37.4549 35.7925 34.4122 33.163 32.0423 30.9896 30.0467 29.1183 28.251 27.3967 26.639 25.934 25.2468 24.6209 24.0072 23.4114 22.8294 22.2589 21.6218 20.9912 20.3686 19.7537 19.1531 18.586 18.0293 17.4887 16.9628 16.4562 16.0425 15.6386 15.2939 14.9659 14.859 14.799 14.764 14.8331 15.0167 15.3062 15.7871 16.4906 17.1423 18.1563 19.3194 20.8667 22.1846 23.6735 28.5705 30.6577 32.545 32.3426 32.1495 31.9695 1e+10 1e+10 1e+10 1e+10 1e+10 1e+10 1e+10 1e+10 1e+10 1e+10 1e+10 1e+10 1e+10 1e+10 
1e+10 1e+10 1e+10 1e+10 1e+10 1e+10 1e+10 1e+10 1e+10 1e+10 1e+10 1e+10 1e+10 1e+10 1e+10 1e+10 1e+10 1e+10 1e+10 1e+10 1e+10 1e+10 1e+10 1e+10 1e+10 1e+10 61.5879 58.488 55.8689 53.0316 50.4576 48.1419 45.7479 43.7467 42.2307 38.1246 36.4501 35.0581 33.7976 32.6659 31.6023 30.6488 29.7101 28.8326 27.9684 27.2009 26.4863 25.7898 25.1547 24.5319 23.9273 23.3366 22.7577 22.1123 21.4734 20.8428 20.2201 19.6119 19.0373 18.4733 17.9257 17.3932 16.8803 16.461 16.0534 15.7102 18.0309 17.939 17.8949 17.8767 17.9635 18.1661 18.476 18.9793 19.7097 1e+10 1e+10 1e+10 1e+10 1e+10 1e+10 1e+10 1e+10 1e+10 1e+10 1e+10 1e+10 1e+10 1e+10 1e+10 1e+10 1e+10 1e+10 1e+10 1e+10 1e+10 1e+10 1e+10 1e+10 1e+10 1e+10 
1e+10 1e+10 1e+10 1e+10 1e+10 1e+10 1e+10 1e+10 1e+10 1e+10 1e+10 1e+10 1e+10 1e+10 1e+10 1e+10 1e+10 1e+10 1e+10 1e+10 1e+10 1e+10 1e+10 1e+10 1e+10 1e+10 1e+10 1e+10 1e+10 1e+10 1e+10 1e+10 1e+10 1e+10 1e+10 1e+10 1e+10 1e+10 1e+10 1e+10 1e+10 1e+10 1e+10 1e+10 1e+10 1e+10 1e+10 1e+10 1e+10 1e+10 1e+10 1e+10 1e+10 1e+10 1e+10 1e+10 1e+10 1e+10 1e+10 1e+10 1e+10 1e+10 1e+10 1e+10 1e+10 1e+10 1e+10 1e+10 1e+10 1e+10 1e+10 1e+10 1e+10 1e+10 1e+10 1e+10 1e+10 1e+10 1e+10 1e+10 1e+10 1e+10 1e+10 1e+10 1e+10 1e+10 1e+10 1e+10 1e+10 1e+10 1e+10 1e+10 1e+10 1e+10 1e+10 1e+10 1e+10 1e+10 1e+10 1e+10 1e+10 
1e+10 1e+10 1e+10 1e+10 1e+10 1e+10 1e+10 1e+10 1e+10 1e+10 1e+10 1e+10 1e+10 1e+10 1e+10 1e+10 1e+10 1e+10 1e+10 1e+10 1e+10 1e+10 1e+10 1e+10 1e+10 1e+10 1e+10 1e+10 1e+10 1e+10 1e+10 1e+10 1e+10 1e+10 1e+10 1e+10 1e+10 1e+10 1e+10 1e+10 1e+10 1e+10 1e+10 1e+10 1e+10 1e+10 1e+10 1e+10 1e+10 1e+10 1e+10 1e+10 1e+10 1e+10 1e+10 1e+10 1e+10 1e+10 1e+10 1e+10 1e+10 1e+10 1e+10 1e+10 1e+10 1e+10 1e+10 1e+10 1e+10 1e+10 1e+10 1e+10 1e+10 1e+10 1e+10 1e+10 1e+10 1e+10 1e+10 1e+10 1e+10 1e+10 1e+10 1e+10 1e+10 1e+10 1e+10 1e+10 1e+10 1e+10 1e+10 1e+10 1e+10 1e+10 1e+10 1e+10 1e+10 1e+10 1e+10 1e+10 1e+10 
1e+10 1e+10 1e+10 1e+10 1e+10 1e+10 1e+10 1e+10 1e+10 1e+10 1e+10 1e+10 1e+10 1e+10 1e+10 1e+10 1e+10 1e+10 1e+10 1e+10 1e+10 1e+10 1e+10 1e+10 1e+10 1e+10 1e+10 1e+10 1e+10 1e+10 1e+10 1e+10 1e+10 1e+10 1e+10 1e+10 1e+10 1e+10 1e+10 1e+10 1e+10 1e+10 1e+10 1e+10 1e+10 1e+10 1e+10 1e+10 1e+10 1e+10 1e+10 1e+10 1e+10 1e+10 1e+10 1e+10 1e+10 1e+10 1e+10 1e+10 1e+10 1e+10 1e+10 1e+10 1e+10 1e+10 1e+10 1e+10 1e+10 1e+10 1e+10 1e+10 1e+10 1e+10 1e+10 1e+10 1e+10 1e+10 1e+10 1e+10 1e+10 1e+10 1e+10 1e+10 1e+10 1e+10 1e+10 1e+10 1e+10 1e+10 1e+10 1e+10 1e+10 1e+10 1e+10 1e+10 1e+10 1e+10 1e+10 1e+10 1e+10 
1e+10 1e+10 1e+10 1e+10 1e+10 1e+10 1e+10 1e+10 1e+10 1e+10 1e+10 1e+10 1e+10 1e+10 1e+10 1e+10 1e+10 1e+10 1e+10 1e+10 1e+10 1e+10 1e+10 1e+10 1e+10 1e+10 1e+10 1e+10 1e+10 1e+10 1e+10 1e+10 1e+10 1e+10 1e+10 1e+10 1e+10 1e+10 1e+10 1e+10 1e+10 1e+10 1e+10 1e+10 1e+10 1e+10 1e+10 1e+10 1e+10 1e+10 1e+10 1e+10 1e+10 1e+10 1e+10 1e+10 1e+10 1e+10 1e+10 1e+10 1e+10 1e+10 1e+10 1e+10 1e+10 1e+10 1e+10 1e+10 1e+10 1e+10 1e+10 1e+10 1e+10 1e+10 1e+10 1e+10 1e+10 1e+10 1e+10 1e+10 1e+10 1e+10 1e+10 1e+10 1e+10 1e+10 1e+10 1e+10 1e+10 1e+10 1e+10 1e+10 1e+10 1e+10 1e+10 1e+10 1e+10 1e+10 1e+10 1e+10 1e+10 
1e+10 1e+10 1e+10 1e+10 1e+10 1e+10 1e+10 1e+10 1e+10 1e+10 1e+10 1e+10 1e+10 1e+10 1e+10 1e+10 1e+10 1e+10 1e+10 1e+10 1e+10 1e+10 1e+10 1e+10 1e+10 1e+10 1e+10 1e+10 1e+10 1e+10 1e+10 1e+10 1e+10 1e+10 1e+10 1e+10 1e+10 1e+10 1e+10 1e+10 1e+10 1e+10 1e+10 1e+10 1e+10 1e+10 1e+10 1e+10 1e+10 1e+10 1e+10 1e+10 1e+10 1e+10 1e+10 1e+10 1e+10 1e+10 1e+10 1e+10 1e+10 1e+10 1e+10 1e+10 1e+10 1e+10 1e+10 1e+10 1e+10 1e+10 1e+10 1e+10 1e+10 1e+10 1e+10 1e+10 1e+10 1e+10 1e+10 1e+10 1e+10 1e+10 1e+10 1e+10 1e+10 1e+10 1e+10 1e+10 1e+10 1e+10 1e+10 1e+10 1e+10 1e+10 1e+10 1e+10 1e+10 1e+10 1e+10 1e+10 1e+10 
1e+10 1e+10 1e+10 1e+10 1e+10 1e+10 1e+10 1e+10 1e+10 1e+10 1e+10 1e+10 1e+10 1e+10 1e+10 1e+10 1e+10 1e+10 1e+10 1e+10 1e+10 1e+10 1e+10 1e+10 1e+10 1e+10 1e+10 1e+10 1e+10 1e+10 1e+10 1e+10 1e+10 1e+10 1e+10 1e+10 1e+10 1e+10 1e+10 1e+10 1e+10 1e+10 1e+10 1e+10 1e+10 1e+10 1e+10 1e+10 1e+10 1e+10 1e+10 1e+10 1e+10 1e+10 1e+10 1e+10 1e+10 1e+10 1e+10 1e+10 1e+10 1e+10 1e+10 1e+10 1e+10 1e+10 1e+10 1e+10 1e+10 1e+10 1e+10 1e+10 1e+10 1e+10 1e+10 1e+10 1e+10 1e+10 1e+10 1e+10 1e+10 1e+10 1e+10 1e+10 1e+10 1e+10 1e+10 1e+10 1e+10 1e+10 1e+10 1e+10 1e+10 1e+10 1e+10 1e+10 1e+10 1e+10 1e+10 1e+10 1e+10 
1e+10 1e+10 1e+10 1e+10 1e+10 1e+10 1e+10 1e+10 1e+10 1e+10 1e+10 1e+10 1e+10 1e+10 1e+10 1e+10 1e+10 1e+10 1e+10 1e+10 1e+10 1e+10 1e+10 1e+10 1e+10 1e+10 1e+10 1e+10 1e+10 1e+10 1e+10 1e+10 1e+10 1e+10 1e+10 1e+10 1e+10 1e+10 1e+10 1e+10 1e+10 1e+10 1e+10 1e+10 1e+10 1e+10 1e+10 1e+10 1e+10 1e+10 1e+10 1e+10 1e+10 1e+10 1e+10 1e+10 1e+10 1e+10 1e+10 1e+10 1e+10 1e+10 1e+10 1e+10 1e+10 1e+10 1e+10 1e+10 1e+10 1e+10 1e+10 1e+10 1e+10 1e+10 1e+10 1e+10 1e+10 1e+10 1e+10 1e+10 1e+10 1e+10 1e+10 1e+10 1e+10 1e+10 1e+10 1e+10 1e+10 1e+10 1e+10 1e+10 1e+10 1e+10 1e+10 1e+10 1e+10 1e+10 1e+10 1e+10 1e+10 
1e+10 1e+10 1e+10 1e+10 1e+10 1e+10 1e+10 1e+10 1e+10 1e+10 1e+10 1e+10 1e+10 1e+10 1e+10 1e+10 1e+10 1e+10 1e+10 1e+10 1e+10 1e+10 1e+10 1e+10 1e+10 1e+10 1e+10 1e+10 1e+10 1e+10 1e+10 1e+10 1e+10 1e+10 1e+10 1e+10 1e+10 1e+10 1e+10 1e+10 1e+10 1e+10 1e+10 1e+10 1e+10 1e+10 1e+10 1e+10 1e+10 1e+10 1e+10 1e+10 1e+10 1e+10 1e+10 1e+10 1e+10 1e+10 1e+10 1e+10 1e+10 1e+10 1e+10 1e+10 1e+10 1e+10 1e+10 1e+10 1e+10 1e+10 1e+10 1e+10 1e+10 1e+10 1e+10 1e+10 1e+10 1e+10 1e+10 1e+10 1e+10 1e+10 1e+10 1e+10 1e+10 1e+10 1e+10 1e+10 1e+10 1e+10 1e+10 1e+10 1e+10 1e+10 1e+10 1e+10 1e+10 1e+10 1e+10 1e+10 1e+10 
