# Please cite arXiv:2008.01110
# The chisq test statistic between a given point in parameter space and the data including pulls from Daya Bay and KamLAND and marginalization over the other four oscillation parameters and the sign of cos(delta) for a fixed MO
# The first two rows define the grid:
#   J
#   s23sq
# The remaining rows are the chisq test statistic where the first row is at the smallest value of the Jarlskog and at increasing values of s23sq. The remaining rows are increasing values of delta.
-0.04 -0.0392 -0.0384 -0.0376 -0.0368 -0.036 -0.0352 -0.0344 -0.0336 -0.0328 -0.032 -0.0312 -0.0304 -0.0296 -0.0288 -0.028 -0.0272 -0.0264 -0.0256 -0.0248 -0.024 -0.0232 -0.0224 -0.0216 -0.0208 -0.02 -0.0192 -0.0184 -0.0176 -0.0168 -0.016 -0.0152 -0.0144 -0.0136 -0.0128 -0.012 -0.0112 -0.0104 -0.0096 -0.0088 -0.008 -0.0072 -0.0064 -0.0056 -0.0048 -0.004 -0.0032 -0.0024 -0.0016 -0.0008 0 0.0008 0.0016 0.0024 0.0032 0.004 0.0048 0.0056 0.0064 0.0072 0.008 0.0088 0.0096 0.0104 0.0112 0.012 0.0128 0.0136 0.0144 0.0152 0.016 0.0168 0.0176 0.0184 0.0192 0.02 0.0208 0.0216 0.0224 0.0232 0.024 0.0248 0.0256 0.0264 0.0272 0.028 0.0288 0.0296 0.0304 0.0312 0.032 0.0328 0.0336 0.0344 0.0352 0.036 0.0368 0.0376 0.0384 0.0392 0.04 
0.3 0.304 0.308 0.312 0.316 0.32 0.324 0.328 0.332 0.336 0.34 0.344 0.348 0.352 0.356 0.36 0.364 0.368 0.372 0.376 0.38 0.384 0.388 0.392 0.396 0.4 0.404 0.408 0.412 0.416 0.42 0.424 0.428 0.432 0.436 0.44 0.444 0.448 0.452 0.456 0.46 0.464 0.468 0.472 0.476 0.48 0.484 0.488 0.492 0.496 0.5 0.504 0.508 0.512 0.516 0.52 0.524 0.528 0.532 0.536 0.54 0.544 0.548 0.552 0.556 0.56 0.564 0.568 0.572 0.576 0.58 0.584 0.588 0.592 0.596 0.6 0.604 0.608 0.612 0.616 0.62 0.624 0.628 0.632 0.636 0.64 0.644 0.648 0.652 0.656 0.66 0.664 0.668 0.672 0.676 0.68 0.684 0.688 0.692 0.696 0.7 
1e+10 1e+10 1e+10 1e+10 1e+10 1e+10 1e+10 1e+10 1e+10 1e+10 1e+10 1e+10 1e+10 1e+10 1e+10 1e+10 1e+10 1e+10 1e+10 1e+10 1e+10 1e+10 1e+10 1e+10 1e+10 1e+10 1e+10 1e+10 1e+10 1e+10 1e+10 1e+10 1e+10 1e+10 1e+10 1e+10 1e+10 1e+10 1e+10 1e+10 1e+10 1e+10 1e+10 1e+10 1e+10 1e+10 1e+10 1e+10 1e+10 1e+10 1e+10 1e+10 1e+10 1e+10 1e+10 1e+10 1e+10 1e+10 1e+10 1e+10 1e+10 1e+10 1e+10 1e+10 1e+10 1e+10 1e+10 1e+10 1e+10 1e+10 1e+10 1e+10 1e+10 1e+10 1e+10 1e+10 1e+10 1e+10 1e+10 1e+10 1e+10 1e+10 1e+10 1e+10 1e+10 1e+10 1e+10 1e+10 1e+10 1e+10 1e+10 1e+10 1e+10 1e+10 1e+10 1e+10 1e+10 1e+10 1e+10 1e+10 1e+10 
1e+10 1e+10 1e+10 1e+10 1e+10 1e+10 1e+10 1e+10 1e+10 1e+10 1e+10 1e+10 1e+10 1e+10 1e+10 1e+10 1e+10 1e+10 1e+10 1e+10 1e+10 1e+10 1e+10 1e+10 1e+10 1e+10 1e+10 1e+10 1e+10 1e+10 1e+10 1e+10 1e+10 1e+10 1e+10 1e+10 1e+10 1e+10 1e+10 1e+10 1e+10 1e+10 1e+10 1e+10 1e+10 1e+10 1e+10 1e+10 1e+10 1e+10 1e+10 1e+10 1e+10 1e+10 1e+10 1e+10 1e+10 1e+10 1e+10 1e+10 1e+10 1e+10 1e+10 1e+10 1e+10 1e+10 1e+10 1e+10 1e+10 1e+10 1e+10 1e+10 1e+10 1e+10 1e+10 1e+10 1e+10 1e+10 1e+10 1e+10 1e+10 1e+10 1e+10 1e+10 1e+10 1e+10 1e+10 1e+10 1e+10 1e+10 1e+10 1e+10 1e+10 1e+10 1e+10 1e+10 1e+10 1e+10 1e+10 1e+10 1e+10 
1e+10 1e+10 1e+10 1e+10 1e+10 1e+10 1e+10 1e+10 1e+10 1e+10 1e+10 1e+10 1e+10 1e+10 1e+10 1e+10 1e+10 1e+10 1e+10 1e+10 1e+10 1e+10 1e+10 1e+10 1e+10 1e+10 1e+10 1e+10 1e+10 1e+10 1e+10 1e+10 1e+10 1e+10 1e+10 1e+10 1e+10 1e+10 1e+10 1e+10 1e+10 1e+10 1e+10 1e+10 1e+10 1e+10 1e+10 1e+10 1e+10 1e+10 1e+10 1e+10 1e+10 1e+10 1e+10 1e+10 1e+10 1e+10 1e+10 1e+10 1e+10 1e+10 1e+10 1e+10 1e+10 1e+10 1e+10 1e+10 1e+10 1e+10 1e+10 1e+10 1e+10 1e+10 1e+10 1e+10 1e+10 1e+10 1e+10 1e+10 1e+10 1e+10 1e+10 1e+10 1e+10 1e+10 1e+10 1e+10 1e+10 1e+10 1e+10 1e+10 1e+10 1e+10 1e+10 1e+10 1e+10 1e+10 1e+10 1e+10 1e+10 
1e+10 1e+10 1e+10 1e+10 1e+10 1e+10 1e+10 1e+10 1e+10 1e+10 1e+10 1e+10 1e+10 1e+10 1e+10 1e+10 1e+10 1e+10 1e+10 1e+10 1e+10 1e+10 1e+10 1e+10 1e+10 1e+10 1e+10 1e+10 1e+10 1e+10 1e+10 1e+10 1e+10 1e+10 1e+10 1e+10 1e+10 1e+10 1e+10 1e+10 1e+10 1e+10 1e+10 1e+10 1e+10 1e+10 1e+10 1e+10 1e+10 1e+10 1e+10 1e+10 1e+10 1e+10 1e+10 1e+10 1e+10 1e+10 1e+10 1e+10 1e+10 1e+10 1e+10 1e+10 1e+10 1e+10 1e+10 1e+10 1e+10 1e+10 1e+10 1e+10 1e+10 1e+10 1e+10 1e+10 1e+10 1e+10 1e+10 1e+10 1e+10 1e+10 1e+10 1e+10 1e+10 1e+10 1e+10 1e+10 1e+10 1e+10 1e+10 1e+10 1e+10 1e+10 1e+10 1e+10 1e+10 1e+10 1e+10 1e+10 1e+10 
1e+10 1e+10 1e+10 1e+10 1e+10 1e+10 1e+10 1e+10 1e+10 1e+10 1e+10 1e+10 1e+10 1e+10 1e+10 1e+10 1e+10 1e+10 1e+10 1e+10 1e+10 1e+10 1e+10 1e+10 1e+10 1e+10 1e+10 1e+10 1e+10 1e+10 1e+10 1e+10 1e+10 1e+10 1e+10 1e+10 1e+10 1e+10 1e+10 1e+10 1e+10 1e+10 1e+10 1e+10 1e+10 1e+10 1e+10 1e+10 1e+10 1e+10 1e+10 1e+10 1e+10 1e+10 1e+10 1e+10 1e+10 1e+10 1e+10 1e+10 1e+10 1e+10 1e+10 1e+10 1e+10 1e+10 1e+10 1e+10 1e+10 1e+10 1e+10 1e+10 1e+10 1e+10 1e+10 1e+10 1e+10 1e+10 1e+10 1e+10 1e+10 1e+10 1e+10 1e+10 1e+10 1e+10 1e+10 1e+10 1e+10 1e+10 1e+10 1e+10 1e+10 1e+10 1e+10 1e+10 1e+10 1e+10 1e+10 1e+10 1e+10 
1e+10 1e+10 1e+10 1e+10 1e+10 1e+10 1e+10 1e+10 1e+10 1e+10 1e+10 1e+10 1e+10 1e+10 1e+10 1e+10 1e+10 1e+10 1e+10 1e+10 1e+10 1e+10 1e+10 1e+10 1e+10 1e+10 1e+10 1e+10 1e+10 1e+10 1e+10 1e+10 1e+10 1e+10 1e+10 1e+10 1e+10 1e+10 1e+10 1e+10 1e+10 1e+10 1e+10 1e+10 1e+10 1e+10 1e+10 1e+10 1e+10 1e+10 1e+10 1e+10 1e+10 1e+10 1e+10 1e+10 1e+10 1e+10 1e+10 1e+10 1e+10 1e+10 1e+10 1e+10 1e+10 1e+10 1e+10 1e+10 1e+10 1e+10 1e+10 1e+10 1e+10 1e+10 1e+10 1e+10 1e+10 1e+10 1e+10 1e+10 1e+10 1e+10 1e+10 1e+10 1e+10 1e+10 1e+10 1e+10 1e+10 1e+10 1e+10 1e+10 1e+10 1e+10 1e+10 1e+10 1e+10 1e+10 1e+10 1e+10 1e+10 
1e+10 1e+10 1e+10 1e+10 1e+10 1e+10 1e+10 1e+10 1e+10 1e+10 1e+10 1e+10 1e+10 1e+10 1e+10 1e+10 1e+10 1e+10 1e+10 1e+10 1e+10 1e+10 1e+10 1e+10 1e+10 1e+10 1e+10 1e+10 1e+10 1e+10 1e+10 1e+10 1e+10 1e+10 1e+10 1e+10 1e+10 1e+10 1e+10 1e+10 1e+10 1e+10 1e+10 1e+10 1e+10 1e+10 1e+10 1e+10 1e+10 1e+10 1e+10 1e+10 1e+10 1e+10 1e+10 1e+10 1e+10 1e+10 1e+10 1e+10 1e+10 1e+10 1e+10 1e+10 1e+10 1e+10 1e+10 1e+10 1e+10 1e+10 1e+10 1e+10 1e+10 1e+10 1e+10 1e+10 1e+10 1e+10 1e+10 1e+10 1e+10 1e+10 1e+10 1e+10 1e+10 1e+10 1e+10 1e+10 1e+10 1e+10 1e+10 1e+10 1e+10 1e+10 1e+10 1e+10 1e+10 1e+10 1e+10 1e+10 1e+10 
1e+10 1e+10 1e+10 1e+10 1e+10 1e+10 1e+10 1e+10 1e+10 1e+10 1e+10 1e+10 1e+10 1e+10 1e+10 1e+10 1e+10 1e+10 1e+10 1e+10 1e+10 1e+10 1e+10 1e+10 1e+10 1e+10 1e+10 1e+10 1e+10 1e+10 1e+10 1e+10 1e+10 1e+10 1e+10 1e+10 1e+10 1e+10 1e+10 1e+10 1e+10 1e+10 1e+10 1e+10 1e+10 1e+10 1e+10 1e+10 1e+10 1e+10 1e+10 1e+10 1e+10 1e+10 1e+10 1e+10 1e+10 1e+10 1e+10 1e+10 1e+10 1e+10 1e+10 1e+10 1e+10 1e+10 1e+10 1e+10 1e+10 1e+10 1e+10 1e+10 1e+10 1e+10 1e+10 1e+10 1e+10 1e+10 1e+10 1e+10 1e+10 1e+10 1e+10 1e+10 1e+10 1e+10 1e+10 1e+10 1e+10 1e+10 1e+10 1e+10 1e+10 1e+10 1e+10 1e+10 1e+10 1e+10 1e+10 1e+10 1e+10 
1e+10 1e+10 1e+10 1e+10 1e+10 1e+10 1e+10 1e+10 1e+10 1e+10 1e+10 1e+10 1e+10 1e+10 1e+10 1e+10 1e+10 1e+10 1e+10 1e+10 1e+10 1e+10 1e+10 1e+10 1e+10 1e+10 37.4241 37.0904 36.315 33.9087 32.0609 30.2592 28.5165 27.1688 26.0596 14.3389 13.2416 12.2705 11.3928 10.5571 9.93222 9.33532 8.83876 8.35255 7.91632 7.56436 7.21975 6.89632 6.59276 6.29618 5.97373 5.6445 5.32239 5.03906 4.77268 4.51414 4.23305 3.92771 3.63157 3.41104 3.20814 3.02248 2.86175 2.71389 2.6595 2.66888 13.5057 13.7031 13.9056 14.2251 14.5586 15.1436 15.7903 16.6231 17.5932 1e+10 1e+10 1e+10 1e+10 1e+10 1e+10 1e+10 1e+10 1e+10 1e+10 1e+10 1e+10 1e+10 1e+10 1e+10 1e+10 1e+10 1e+10 1e+10 1e+10 1e+10 1e+10 1e+10 1e+10 1e+10 1e+10 
1e+10 1e+10 1e+10 1e+10 1e+10 1e+10 1e+10 1e+10 1e+10 1e+10 1e+10 1e+10 1e+10 1e+10 42.0618 41.5952 41.1631 40.7478 40.3457 39.9553 29.2045 28.7926 28.4066 28.0435 27.6947 27.3544 27.0221 26.6974 25.9213 23.51 21.6545 19.843 18.0889 16.7284 15.6052 14.3409 13.2743 12.3282 11.4706 10.6507 10.038 9.45023 8.95733 8.47832 8.04454 7.69342 7.34829 7.02305 6.7165 6.41575 6.0879 5.75193 5.42157 5.12823 4.84979 4.57677 4.27834 3.95233 3.63159 3.38191 3.14458 2.91843 2.7103 2.50716 2.38857 2.32372 2.29829 2.46627 2.63899 2.92857 3.23192 3.78651 4.40276 5.20628 6.1603 7.26355 8.29402 10.0042 11.7447 13.3113 15.8498 29.4327 29.9217 29.9342 29.9517 29.9744 30.0036 1e+10 1e+10 1e+10 1e+10 1e+10 1e+10 1e+10 1e+10 1e+10 1e+10 1e+10 1e+10 1e+10 1e+10 
1e+10 1e+10 1e+10 1e+10 1e+10 1e+10 45.9777 45.4377 44.9232 44.4261 33.6577 33.1624 32.7039 32.2595 31.8248 31.399 30.9821 30.5739 30.1741 29.7827 29.3996 29.0246 28.6576 28.2986 27.9473 27.6038 27.2679 26.9396 26.1597 23.7447 21.8855 20.0702 18.3123 16.9482 15.8212 14.5532 13.4829 12.5332 11.6719 10.8484 10.2322 9.64089 9.14448 8.66198 8.22475 7.8702 7.52167 7.19306 6.88317 6.57911 6.24798 5.90875 5.57517 5.27863 4.99702 4.72085 4.4193 4.0902 3.76639 3.51367 3.27332 3.04418 2.83312 2.627 2.50549 2.43774 2.40944 2.57456 2.74444 3.03119 3.33172 3.88348 4.49684 5.29589 6.23183 7.30516 8.28468 9.92607 11.5739 13.023 15.416 17.7912 18.2506 18.2326 18.2186 18.2156 18.2478 18.3206 18.4383 18.605 18.8265 30.2136 30.2643 30.3203 30.3826 1e+10 1e+10 1e+10 1e+10 1e+10 1e+10 
49.4476 48.8477 38.0481 37.4719 36.9347 36.41 35.8958 35.3917 34.8974 34.4128 33.9377 33.4719 33.0153 32.5678 32.1292 31.6995 31.2784 30.8659 30.4619 30.0662 29.6788 29.2995 28.9283 28.565 28.2096 27.8619 27.5219 27.1894 26.4055 23.9865 22.1232 20.304 18.5422 17.1741 16.0433 14.7715 13.6974 12.7439 11.8789 11.0517 10.4318 9.83685 9.33685 8.85079 8.41003 8.05198 7.69999 7.36795 7.05465 6.74722 6.41275 6.07021 5.73335 5.43356 5.14872 4.86937 4.56465 4.23242 3.9055 3.6497 3.40631 3.17414 2.96005 2.75099 2.62654 2.55587 2.52467 2.68693 2.85397 3.1379 3.43563 3.98463 4.59524 5.39157 6.32481 7.39547 8.3723 10.0111 11.6564 13.1029 15.4933 17.866 18.3228 18.3022 18.2858 18.2733 18.2649 18.2604 18.2598 18.2631 18.2702 18.2812 18.2958 18.3141 18.3614 18.4697 18.6434 18.8934 19.219 30.7259 30.8097 
39.5117 38.9414 38.382 37.8329 37.2942 36.7657 36.2472 35.7386 35.2396 34.7503 34.2704 33.7999 33.3386 32.8863 32.443 32.0086 31.5829 31.1657 30.7571 30.3569 29.965 29.5813 29.2057 28.838 28.4782 28.1262 27.7819 27.4453 26.6572 24.234 22.3666 20.5433 18.7775 17.4054 16.2707 14.9949 13.917 12.9597 12.0909 11.2599 10.6363 10.0377 9.534 9.04432 8.59997 8.23837 7.88286 7.54733 7.23059 6.91973 6.58187 6.23598 5.89579 5.59271 5.30461 5.02202 4.7141 4.37869 4.04862 3.7897 3.54322 3.308 3.09087 2.8788 2.75137 2.67775 2.64362 2.80298 2.96714 3.24823 3.54313 4.08933 4.69716 5.49075 6.42126 7.48921 8.46337 10.0995 11.7421 13.186 15.5738 17.944 18.3983 18.3753 18.3562 18.3413 18.3304 18.3235 18.3205 18.3214 18.3262 18.3348 18.3472 18.3632 18.3828 18.4061 18.4331 18.4638 18.4981 18.536 18.5776 
39.9041 39.3287 38.764 38.2098 37.6659 37.1321 36.6084 36.0946 35.5905 35.0961 34.6112 34.1356 33.6693 33.2121 32.7639 32.3246 31.8941 31.4722 31.0589 30.6541 30.2575 29.8692 29.4891 29.1169 28.7527 28.3963 28.0477 27.7067 26.9144 24.487 22.6154 20.788 19.0181 17.642 16.5032 15.2235 14.1416 13.1804 12.3077 11.4729 10.8455 10.2432 9.7358 9.24245 8.79446 8.42926 8.07018 7.73112 7.41088 7.09655 6.75526 6.40597 6.0624 5.75598 5.46457 5.17873 4.86754 4.52892 4.19567 3.93359 3.68398 3.44565 3.22545 3.01035 2.8799 2.80329 2.7662 2.92262 3.08387 3.36208 3.65413 4.19749 4.80252 5.59332 6.52108 7.58629 8.55774 10.1912 11.8312 13.2724 15.6576 18.0251 18.4769 18.4513 18.4298 18.4124 18.399 18.3896 18.3842 18.3827 18.385 18.3913 18.4013 18.4151 18.4324 18.4533 18.4779 18.5062 18.5381 18.5736 18.6127 
40.3064 39.7254 39.1551 38.5953 38.0458 37.5066 36.9775 36.4583 35.9489 35.4492 34.959 34.4783 34.0069 33.5446 33.0914 32.6472 32.2118 31.785 31.3669 30.9573 30.5561 30.1631 29.7784 29.4017 29.0329 28.6721 28.319 27.9737 27.177 24.7453 22.8695 21.0379 19.2638 17.8836 16.7408 15.457 14.3711 13.4059 12.5294 11.6907 11.0595 10.4533 9.94219 9.44512 8.99345 8.6246 8.26191 7.91926 7.59547 7.27764 6.93287 6.58013 6.23315 5.92335 5.6286 5.33942 5.02496 4.68308 4.34661 4.08134 3.82856 3.5871 3.36379 3.1456 3.0121 2.93247 2.89239 3.04584 3.20415 3.47943 3.76859 4.30909 4.91128 5.69927 6.62424 7.68672 8.6554 10.2861 11.9234 13.362 15.7445 18.1095 18.5586 18.5304 18.5064 18.4864 18.4705 18.4586 18.4507 18.4468 18.4468 18.4506 18.4582 18.4697 18.4849 18.5034 18.5256 18.5515 18.581 18.6142 18.6509 
40.7171 40.1302 39.5541 38.9886 38.4335 37.8886 37.3539 36.8292 36.3144 35.8093 35.3138 34.8278 34.3512 33.8838 33.4254 32.9761 32.5357 32.1041 31.6811 31.2666 30.8606 30.4629 30.0734 29.6921 29.3188 28.9534 28.5959 28.2468 27.445 25.0089 23.1289 21.293 19.5147 18.1303 16.9833 15.6955 14.6055 13.6364 12.7558 11.9132 11.2781 10.6681 10.1532 9.65233 9.19693 8.82438 8.45802 8.11175 7.78437 7.46298 7.11469 6.75846 6.40804 6.09481 5.79667 5.50413 5.18635 4.84118 4.50144 4.23294 3.97696 3.73232 3.50587 3.28457 3.14798 3.06529 3.02218 3.17262 3.32796 3.6003 3.88654 4.42414 5.02346 5.8086 6.73075 7.79041 8.75634 10.3843 12.0189 13.4548 15.8347 18.1969 18.6434 18.6126 18.586 18.5635 18.5451 18.5307 18.5203 18.5139 18.5114 18.5128 18.518 18.5271 18.5399 18.5563 18.5761 18.5996 18.6268 18.6576 18.692 
41.1358 40.5429 39.9609 39.3895 38.8285 38.2779 37.7375 37.2072 36.6868 36.1763 35.6753 35.184 34.702 34.2293 33.7658 33.3114 32.8659 32.4292 32.0012 31.5822 31.171 30.7685 30.3743 29.9882 29.6103 29.2403 28.8782 28.5239 27.7184 25.2781 23.3935 21.5562 19.7707 18.382 17.2309 15.9389 14.8448 13.8716 12.9871 12.1405 11.5014 10.8875 10.3687 9.86408 9.40489 9.0286 8.65853 8.30859 7.97758 7.65259 7.30073 6.94098 6.58705 6.27037 5.96879 5.67286 5.35172 5.00321 4.66017 4.3884 4.12918 3.88133 3.6517 3.42725 3.28754 3.20176 3.15558 3.303 3.45532 3.72468 4.00796 4.54264 5.13905 5.92132 6.84062 7.89745 8.86059 10.4858 12.1176 13.5508 15.9279 18.2875 18.7314 18.6979 18.6687 18.6436 18.6226 18.6057 18.5928 18.5838 18.5789 18.5778 18.5806 18.5873 18.5977 18.6119 18.6295 18.6506 18.6754 18.7039 18.7359 
41.5623 40.9633 40.3752 39.7978 39.2309 38.6745 38.1283 37.5923 37.0662 36.5501 36.0436 35.5468 35.0594 34.5814 34.1126 33.653 33.2023 32.7605 32.3275 31.9031 31.4873 31.0799 30.6809 30.2901 29.9074 29.5327 29.166 28.8071 27.9971 25.5521 23.6633 21.8187 20.0318 18.6388 17.4834 16.1872 15.0891 14.1117 13.2231 12.3725 11.7295 11.1116 10.5889 10.0804 9.61735 9.23727 8.86345 8.5098 8.1751 7.84647 7.491 7.12768 6.77021 6.45003 6.14498 5.84561 5.52107 5.16919 4.82281 4.54773 4.28523 4.03414 3.8013 3.57366 3.4308 3.34189 3.29261 3.43695 3.58624 3.85258 4.13288 4.66459 5.25808 6.03744 6.95386 8.00783 8.96814 10.5905 12.2196 13.65 16.0244 18.3813 18.8225 18.7864 18.7545 18.7268 18.7032 18.6837 18.6682 18.6568 18.6493 18.6458 18.6461 18.6503 18.6583 18.6702 18.6857 18.7045 18.7268 18.7529 18.7826 
41.9966 41.3914 40.7971 40.2136 39.6407 39.0783 38.5262 37.9843 37.4525 36.9307 36.4186 35.9162 35.4234 34.9399 34.4658 34.0008 33.5449 33.098 32.6598 32.2304 31.8095 31.3972 30.9933 30.5976 30.2101 29.8307 29.4593 29.0958 28.2812 25.8317 23.9383 22.0893 20.2981 18.9007 17.741 16.4406 15.3382 14.3567 13.4639 12.6093 11.9622 11.3403 10.8137 10.3012 9.83433 9.45041 9.07279 8.71538 8.37696 8.04464 7.68552 7.31858 6.95754 6.63381 6.32525 6.02241 5.69442 5.33913 4.98937 4.71095 4.44514 4.19077 3.95467 3.72381 3.57776 3.48569 3.43328 3.57452 3.72073 3.98403 4.26131 4.79003 5.38055 6.15697 7.07048 8.12157 9.07902 10.6986 12.3248 13.7525 16.1241 18.4783 18.9167 18.8779 18.8434 18.813 18.7868 18.7647 18.7467 18.7327 18.7227 18.7166 18.7145 18.7162 18.7218 18.7312 18.7444 18.7611 18.7811 18.8048 18.8321 
42.4387 41.8271 41.2265 40.6367 40.0577 39.4892 38.9312 38.3834 37.8458 37.3181 36.8004 36.2923 35.7939 35.305 34.8254 34.355 33.8938 33.4416 32.9982 32.5636 32.1377 31.7204 31.3114 30.9109 30.5185 30.1343 29.7582 29.3899 28.5707 26.1166 24.2187 22.3651 20.5694 19.1677 18.0037 16.6989 15.5923 14.6065 13.7096 12.8508 12.1996 11.5737 11.0431 10.5267 10.0558 9.66804 9.28658 8.92536 8.58317 8.24712 7.88431 7.51371 7.14905 6.82173 6.50963 6.20326 5.87179 5.51306 5.15989 4.87808 4.60892 4.35123 4.11184 3.87773 3.72845 3.63319 3.57761 3.71571 3.85882 4.11903 4.39326 4.91896 5.50649 6.27994 7.19051 8.23868 9.19324 10.81 12.4333 13.8582 16.227 18.5784 19.0141 18.9726 18.9354 18.9024 18.8735 18.8488 18.8284 18.8116 18.799 18.7905 18.7858 18.785 18.7882 18.7951 18.8058 18.8203 18.8382 18.8594 18.8843 
42.8885 42.2704 41.6634 41.0674 40.4821 39.9075 39.3433 38.7895 38.246 37.7124 37.1889 36.6751 36.171 35.6765 35.1914 34.7155 34.2489 33.7913 33.3431 32.9029 32.4719 32.0494 31.6354 31.2299 30.8326 30.4436 30.0626 29.6896 28.8656 26.4069 24.5044 22.6462 20.846 19.4399 18.2714 16.9623 15.8513 14.8613 13.9602 13.0972 12.4419 11.8119 11.2771 10.7567 10.2819 9.89018 9.50483 9.13976 8.79376 8.45394 8.08738 7.71309 7.34476 7.01384 6.69812 6.3882 6.05321 5.69099 5.33436 5.04914 4.77659 4.51554 4.27284 4.03543 3.88289 3.78439 3.72562 3.86055 4.00051 4.25762 4.52876 5.05141 5.63591 6.40636 7.31395 8.35919 9.31082 10.9246 12.5452 13.9671 16.3332 18.6818 19.1147 19.0705 19.0305 18.9948 18.9633 18.9359 18.9127 18.8935 18.8784 18.8672 18.86 18.8568 18.8574 18.8618 18.8701 18.8821 18.8979 18.9169 18.9394 
43.3461 42.7214 42.1079 41.5055 40.9139 40.333 39.7626 39.2027 38.6531 38.1136 37.5842 37.0646 36.5548 36.0545 35.5638 35.0825 34.6103 34.1473 33.6934 33.2483 32.812 32.3847 31.9653 31.5547 31.1524 30.7584 30.3726 29.9947 29.166 26.7025 24.7954 22.9326 21.1278 19.7172 18.5442 17.2307 16.1153 15.121 14.2156 13.3483 12.6888 12.0547 11.5159 10.9914 10.5126 10.1169 9.72757 9.3586 9.00874 8.6651 8.29477 7.91673 7.5447 7.21009 6.89076 6.57725 6.23869 5.87295 5.51283 5.22414 4.94817 4.68373 4.43766 4.19693 4.04109 3.93933 3.87732 4.00905 4.14584 4.3998 4.66783 5.18739 5.76883 6.53625 7.44084 8.4831 9.43179 11.0427 12.6603 14.0794 16.4426 18.7884 19.2186 19.1715 19.1288 19.0904 19.0562 19.0261 19.0002 18.9784 18.9607 18.9469 18.9372 18.9314 18.9295 18.9315 18.9372 18.9468 18.9602 18.9773 18.9973 
43.8115 43.1802 42.5601 41.9511 41.353 40.7658 40.1892 39.623 39.0673 38.5218 37.9863 37.4608 36.9452 36.4392 35.9428 35.4558 34.9781 34.5096 34.0502 33.5998 33.1582 32.7253 32.3011 31.8853 31.478 31.079 30.6882 30.3055 29.4719 27.0036 25.0917 23.2243 21.4149 19.9996 18.8222 17.5042 16.3844 15.3857 14.4759 13.6044 12.9406 12.3023 11.7593 11.2307 10.7478 10.3481 9.95483 9.58192 9.22816 8.88065 8.5065 8.12467 7.74889 7.41061 7.08757 6.77044 6.42826 6.05895 5.6953 5.40312 5.12368 4.85582 4.60636 4.36226 4.20309 4.09803 4.03275 4.16124 4.29482 4.5456 4.81048 5.32692 5.90527 6.66963 7.57119 8.61044 9.55615 11.1641 12.7788 14.195 16.5553 18.8983 19.3256 19.2758 19.2303 19.1891 19.1522 19.1194 19.0909 19.0664 19.046 19.0297 19.0173 19.009 19.0045 19.004 19.0073 19.0144 19.0253 19.0399 19.0581 
44.2849 43.6467 43.0199 42.4042 41.7996 41.2059 40.6229 40.0505 39.4885 38.9369 38.3954 37.8639 37.3423 36.8304 36.3282 35.8355 35.3522 34.8782 34.4133 33.9574 33.5104 33.0722 32.6427 32.2218 31.8093 31.4053 31.0094 30.6218 29.7833 27.3102 25.3935 23.5213 21.7072 20.2873 19.1053 17.7827 16.6585 15.6553 14.7412 13.8653 13.1973 12.5547 12.0075 11.4747 10.9878 10.5839 10.1866 9.80976 9.45202 9.10061 8.72259 8.33693 7.95736 7.61546 7.28857 6.96774 6.62195 6.24903 5.88181 5.58609 5.30316 5.03182 4.77893 4.53143 4.36889 4.2605 4.19191 4.31713 4.44747 4.69504 4.95674 5.47003 6.04526 6.80652 7.70502 8.74123 9.68393 11.2889 12.9006 14.3139 16.6714 19.0114 19.4359 19.3833 19.335 19.291 19.2513 19.2158 19.1846 19.1574 19.1344 19.1154 19.1005 19.0895 19.0825 19.0794 19.0802 19.0848 19.0932 19.1053 19.1212 
44.7661 44.121 43.4874 42.865 42.2538 41.6535 41.064 40.4852 39.9169 39.359 38.8113 38.2737 37.7513 37.2284 36.7203 36.2218 35.7328 35.2531 34.7826 34.3212 33.8687 33.4252 32.9904 32.5642 32.1465 31.7373 31.3364 30.9437 30.1002 27.6222 25.7007 23.8237 22.0049 20.5803 19.3936 18.0665 16.9377 15.93 15.0114 14.1312 13.4588 12.8119 12.2605 11.7235 11.2323 10.8244 10.423 10.0421 9.68037 9.325 8.94306 8.55354 8.17013 7.82427 7.49379 7.16924 6.81977 6.4432 6.07237 5.77308 5.48661 5.21177 4.9554 4.70447 4.53853 4.42676 4.35484 4.47675 4.60382 4.84814 5.10663 5.61673 6.18881 6.94695 7.84234 8.87549 9.81515 11.4171 13.0258 14.4362 16.7907 19.1278 19.5494 19.494 19.4428 19.3961 19.3536 19.3154 19.2814 19.2515 19.2258 19.2042 19.1866 19.173 19.1634 19.1577 19.156 19.1581 19.1639 19.1736 19.1871 
45.2553 44.6032 43.9627 43.3334 42.7154 42.1085 41.5124 40.9271 40.3524 39.7882 39.2342 38.6905 38.1568 37.633 37.119 36.6146 36.1198 35.6344 35.1582 34.6912 34.2332 33.7842 33.344 32.9125 32.4895 32.0751 31.669 31.2713 30.4228 27.9398 26.0133 24.1315 22.3078 20.8785 19.6872 18.3554 17.2219 16.2098 15.2867 14.402 13.7252 13.0739 12.5182 11.977 11.4816 11.0695 10.664 10.279 9.91322 9.55385 9.16796 8.77451 8.38724 8.03753 7.70326 7.37495 7.02175 6.6415 6.26702 5.96412 5.67407 5.39569 5.13581 4.88141 4.71202 4.59685 4.52156 4.64013 4.76388 5.00493 5.26017 5.76705 6.33594 7.09092 7.98319 9.01324 9.94983 11.5487 13.1545 14.5618 16.9134 19.2476 19.6663 19.6079 19.5539 19.5043 19.4591 19.4181 19.3813 19.3487 19.3203 19.296 19.2757 19.2595 19.2473 19.239 19.2347 19.2342 19.2376 19.2448 19.2557 
45.7526 45.0934 44.4458 43.8096 43.1847 42.571 41.9683 41.3764 40.7951 40.2245 39.6642 39.1142 38.5743 38.0444 37.5244 37.014 36.5133 36.0221 35.5402 35.0675 34.6039 34.1494 33.7037 33.2668 32.8385 32.4188 32.0075 31.6045 30.751 28.263 26.3315 24.4448 22.6162 21.1821 19.986 18.6495 17.5114 16.4946 15.567 14.6778 13.9966 13.3409 12.7808 12.2352 11.7356 11.3193 10.9096 10.5204 10.1506 9.78719 9.3973 8.99989 8.60869 8.25511 7.91699 7.58488 7.22792 6.84394 6.46577 6.15922 5.86555 5.58359 5.32017 5.06226 4.8894 4.77078 4.69208 4.80727 4.92768 5.16542 5.41737 5.92101 6.48668 7.23847 8.12758 9.1545 10.088 11.6838 13.2865 14.6908 17.0394 19.3706 19.7864 19.7251 19.6683 19.6158 19.5677 19.5239 19.4844 19.449 19.4179 19.3908 19.3679 19.349 19.3342 19.3233 19.3163 19.3133 19.3141 19.3188 19.3272 
46.258 45.5915 44.9367 44.2935 43.6617 43.0411 42.4316 41.833 41.2451 40.6679 40.1012 39.5449 38.9987 38.4626 37.9364 37.4201 36.9134 36.4163 35.9285 35.4501 34.9809 34.5207 34.0695 33.6271 33.1934 32.7683 32.3517 31.9436 31.0848 28.5917 26.6552 24.7635 22.93 21.491 20.2901 18.9488 17.806 16.7846 15.8523 14.9586 14.2728 13.6127 13.0482 12.4983 11.9944 11.5738 11.1599 10.7665 10.3926 10.0251 9.63111 9.2297 8.83454 8.47703 8.13503 7.79907 7.43844 7.05056 6.66866 6.35842 6.0611 5.77552 5.50851 5.24705 5.07072 4.94858 4.86643 4.97821 5.09525 5.32964 5.57828 6.07863 6.64105 7.38962 8.27553 9.29929 10.2296 11.8224 13.422 14.8233 17.1688 19.4971 19.9099 19.8457 19.7859 19.7306 19.6796 19.6329 19.5906 19.5525 19.5185 19.4888 19.4631 19.4416 19.424 19.4105 19.401 19.3953 19.3936 19.3957 19.4016 
46.7716 46.0977 45.4357 44.7853 44.1464 43.5188 42.9024 42.297 41.7025 41.1187 40.5454 39.9826 39.4301 38.8877 38.3553 37.8328 37.3201 36.817 36.3233 35.8391 35.3641 34.8982 34.4414 33.9934 33.5542 33.1238 32.7018 32.2884 31.4244 28.9261 26.9845 25.0878 23.2493 21.8054 20.5995 19.2534 18.1059 17.0797 16.1428 15.2444 14.5542 13.8895 13.3205 12.7662 12.2579 11.833 11.4148 11.0173 10.6391 10.2675 9.86943 9.46397 9.06479 8.70331 8.35739 8.01755 7.65293 7.26138 6.87571 6.56174 6.26072 5.97148 5.70086 5.43581 5.25589 5.13028 5.04465 5.15298 5.2666 5.4976 5.7429 6.23993 6.79906 7.54438 8.42707 9.44763 10.3748 11.9644 13.5609 14.9591 17.3016 19.6269 20.0367 19.9695 19.9068 19.8485 19.7947 19.7452 19.7 19.659 19.6223 19.5898 19.5614 19.5372 19.517 19.5008 19.4886 19.4803 19.476 19.4755 19.4794 
47.2934 46.6121 45.9426 45.2849 44.6389 44.0042 43.3808 42.7685 42.1672 41.5766 40.9968 40.4274 39.8684 39.3197 38.781 38.2523 37.7334 37.2242 36.7246 36.2345 35.7536 35.282 34.8195 34.3659 33.9212 33.4852 33.0578 32.639 31.7697 29.2662 27.3194 25.4176 23.574 22.1251 20.9143 19.5634 18.411 17.3801 16.4384 15.5354 14.8405 14.1713 13.5978 13.039 12.5263 12.097 11.6745 11.2727 10.8903 10.5145 10.1123 9.70272 9.29949 8.934 8.58411 8.24033 7.87183 7.47643 7.08695 6.7692 6.46445 6.17152 5.89723 5.62856 5.44505 5.31589 5.22674 5.33159 5.44175 5.66935 5.91125 6.40494 6.96075 7.70278 8.58222 9.59955 10.5235 12.11 13.7034 15.0985 17.4379 19.76 20.1668 20.0967 20.031 19.9698 19.913 19.8606 19.8126 19.7688 19.7293 19.694 19.6628 19.6358 19.6129 19.594 19.5791 19.5682 19.5613 19.5582 19.559 
47.8235 47.1346 46.4577 45.7926 45.1392 44.4974 43.8669 43.2476 42.6393 42.042 41.4554 40.8794 40.3139 39.7586 39.2136 38.6786 38.1535 37.6381 37.1325 36.6363 36.1496 35.6721 35.2038 34.7445 34.2942 33.8526 33.4198 32.9955 32.1209 29.6121 27.66 25.753 23.9043 22.4504 21.2346 19.8787 18.7214 17.6856 16.7392 15.8315 15.1319 14.4581 13.88 13.3167 12.7995 12.3658 11.9389 11.5328 11.1461 10.7661 10.3597 9.946 9.53867 9.16912 8.81521 8.46746 8.09502 7.69573 7.3024 6.98084 6.67231 6.37564 6.09766 5.82532 5.63819 5.50544 5.41273 5.51406 5.62075 5.84489 6.08338 6.57368 7.12614 7.86485 8.74099 9.75507 10.6758 12.2591 13.8493 15.2412 17.5775 19.8966 20.3004 20.2272 20.1585 20.0944 20.0346 19.9793 19.9284 19.8818 19.8394 19.8013 19.7673 19.7376 19.7119 19.6903 19.6727 19.6592 19.6496 19.6439 19.642 
48.3621 47.6654 46.9808 46.3083 45.6475 44.9983 44.3606 43.7342 43.119 42.5147 41.9213 41.3386 40.7664 40.2046 39.6531 39.1117 38.5803 38.0587 37.5469 37.0447 36.5519 36.0685 35.5944 35.1293 34.6733 34.2261 33.7877 33.358 32.4779 29.9637 28.0063 26.094 24.2402 22.7811 21.5603 20.1993 19.0371 17.9965 17.0452 16.1327 15.4284 14.7499 14.1672 13.5994 13.0776 12.6395 12.2082 11.7976 11.4067 11.0223 10.6117 10.1938 9.78234 9.40869 9.05072 8.69896 8.32254 7.91932 7.52209 7.19668 6.88434 6.58389 6.30217 6.02613 5.83533 5.69896 5.60266 5.70043 5.8036 6.02425 6.25929 6.74617 7.29524 8.03059 8.90342 9.91421 10.8317 12.4117 13.9987 15.3875 17.7207 20.0367 20.4373 20.3611 20.2894 20.2222 20.1596 20.1013 20.0474 19.9979 19.9527 19.9117 19.875 19.8424 19.814 19.7896 19.7694 19.7531 19.7408 19.7325 19.728 
48.909 48.2045 47.5123 46.8321 46.1638 45.5072 44.8622 44.2286 43.6062 42.995 42.3946 41.805 41.2261 40.6577 40.0996 39.5517 39.0139 38.4861 37.968 37.4596 36.9608 36.4714 35.9913 35.5204 35.0586 34.6057 34.1616 33.7263 32.8407 30.3211 28.3584 26.4408 24.5817 23.1174 21.8915 20.5255 19.3583 18.3127 17.3565 16.4391 15.73 15.0468 14.4595 13.887 13.3607 12.918 12.4822 12.0673 11.6719 11.2832 10.8684 10.4462 10.0306 9.65275 9.29069 8.93485 8.55442 8.14722 7.74606 7.41674 7.10055 6.79631 6.51079 6.23101 6.03651 5.89647 5.79654 5.89072 5.99033 6.20746 6.43901 6.92244 7.46808 8.20005 9.06952 10.077 10.9912 12.5679 14.1517 15.5376 17.8673 20.1802 20.5777 20.4984 20.4236 20.3535 20.2878 20.2265 20.1697 20.1173 20.0692 20.0254 19.9858 19.9504 19.9192 19.8921 19.869 19.8501 19.8351 19.8241 19.817 
49.4645 48.7521 48.052 47.3641 46.6881 46.024 45.3716 44.7307 44.1011 43.4827 42.8753 42.2789 41.6931 41.1179 40.5532 39.9987 39.4544 38.9202 38.3958 37.8812 37.3762 36.8807 36.3946 35.9178 35.4501 34.9914 34.5417 34.1007 33.2095 30.6844 28.7163 26.7933 24.9289 23.4593 22.2282 20.8571 19.6848 18.6342 17.6731 16.7508 16.0369 15.3489 14.7568 14.1796 13.6487 13.2014 12.7611 12.3417 11.9419 11.5489 11.1296 10.7032 10.2833 9.90133 9.53511 9.17518 8.79068 8.37946 7.97432 7.64107 7.32098 7.01286 6.72354 6.43998 6.24196 6.09799 5.9944 6.08496 6.18096 6.39454 6.62256 7.1025 7.6447 8.37324 9.23932 10.2434 11.1543 12.7278 14.3083 15.6907 18.0175 20.3271 20.7215 20.6391 20.5613 20.488 20.4193 20.3551 20.2953 20.2399 20.1889 20.1422 20.0997 20.0615 20.0274 19.9976 19.9718 19.95 19.9323 19.9186 19.9089 
50.0284 49.308 48.6 47.9043 47.2206 46.5489 45.8889 45.2406 44.6037 43.9781 43.3636 42.7601 42.1674 41.5853 41.0138 40.4527 39.9019 39.3611 38.8303 38.3094 37.7982 37.2965 36.8043 36.3215 35.8479 35.3833 34.9278 34.4811 33.5843 31.0536 29.08 27.1515 25.2818 23.8069 22.5705 21.1942 20.0168 18.9611 17.995 17.0677 16.3489 15.6561 15.0592 14.4773 13.9417 13.4898 13.0449 12.621 12.2167 11.8192 11.3956 10.9649 10.5407 10.1545 9.78404 9.41996 9.03136 8.61607 8.20691 7.86968 7.54565 7.23363 6.94045 6.65308 6.45106 6.30357 6.19627 6.28316 6.37554 6.58552 6.80998 7.28639 7.8251 8.55019 9.41284 10.4136 11.3211 12.8912 14.4684 15.8475 18.1711 20.4776 20.8688 20.7832 20.7023 20.626 20.5542 20.487 20.4242 20.3658 20.3118 20.2622 20.2168 20.1758 20.1389 20.1062 20.0776 20.0531 20.0326 20.0162 20.0038 
50.6007 49.8723 49.1564 48.4528 47.7613 47.0818 46.4142 45.7584 45.114 44.4811 43.8594 43.2487 42.649 42.06 41.4817 40.9138 40.3563 39.809 39.2717 38.7443 38.2268 37.7189 37.2206 36.7316 36.252 35.7815 35.3201 34.8676 33.9651 31.4288 29.4495 27.5156 25.6404 24.1601 22.9184 21.5368 20.3542 19.2934 18.3222 17.39 16.6662 15.9685 15.3668 14.7801 14.2397 13.7832 13.3337 12.9051 12.4963 12.0944 11.6663 11.2312 10.8027 10.4122 10.0375 9.66923 9.27648 8.85708 8.44385 8.1026 7.77459 7.45863 7.16156 6.87032 6.66448 6.51321 6.40217 6.48535 6.57406 6.78041 7.00128 7.47414 8.00931 8.73091 9.59011 10.5874 11.4916 13.0583 14.6322 16.008 18.3283 20.6316 21.0196 20.9308 20.8468 20.7673 20.6925 20.6222 20.5564 20.495 20.438 20.3855 20.3372 20.2932 20.2534 20.2179 20.1865 20.1592 20.136 20.1168 20.1016 
51.1816 50.445 49.721 49.0094 48.3101 47.6229 46.9476 46.2841 45.6322 44.9918 44.3628 43.7449 43.138 42.542 41.9568 41.3821 40.8178 40.2638 39.7199 39.1861 38.6621 38.1479 37.6433 37.1482 36.6625 36.186 35.7186 35.2603 34.352 31.8099 29.825 27.8855 26.0048 24.5191 23.272 21.8851 20.6972 19.6312 18.6549 17.7176 16.9888 16.2861 15.6795 15.088 14.5428 14.0815 13.6273 13.1942 12.7811 12.3743 11.9418 11.5022 11.0693 10.6745 10.2955 9.92302 9.52607 9.10252 8.68519 8.33987 8.00783 7.6879 7.38688 7.09175 6.88205 6.72695 6.61214 6.69157 6.77657 6.97925 7.19649 7.66575 8.19736 8.91544 9.77115 10.765 11.6657 13.2291 14.7996 16.1721 18.4891 20.7891 21.1739 21.0819 20.9947 20.9121 20.8341 20.7607 20.6919 20.6275 20.5675 20.512 20.4607 20.4138 20.3712 20.3328 20.2985 20.2684 20.2424 20.2205 20.2026 
51.7711 51.0261 50.294 49.5743 48.8671 48.172 47.489 46.8178 46.1583 45.5104 44.8739 44.2487 43.6346 43.0315 42.4391 41.8575 41.2863 40.7256 40.1751 39.6346 39.1042 38.5836 38.0726 37.5713 37.0794 36.5968 36.1234 35.6592 34.745 32.1971 30.2065 28.2613 26.375 24.8838 23.6313 22.239 21.0458 19.9746 18.9931 18.0506 17.3167 16.609 15.9975 15.401 14.851 14.3849 13.926 13.4882 13.0702 12.6591 12.2221 11.778 11.3407 10.9415 10.5582 10.1814 9.78017 9.35242 8.93094 8.58151 8.24541 7.92145 7.61645 7.31737 7.10377 6.94482 6.82618 6.90184 6.9831 7.18207 7.39564 7.86126 8.38928 9.10379 9.95597 10.9463 11.8436 13.4035 14.9707 16.3398 18.6535 20.9502 21.3317 21.2365 21.1461 21.0603 20.9792 20.9027 20.8307 20.7633 20.7003 20.6417 20.5876 20.5377 20.4921 20.4508 20.4137 20.3808 20.3519 20.3272 20.3065 
52.3693 51.6159 50.8754 50.1476 49.4323 48.7293 48.0384 47.3595 46.6923 46.0368 45.3928 44.7602 44.1387 43.5283 42.9289 42.3402 41.7621 41.1945 40.6372 40.0901 39.5531 39.0259 38.5086 38.0009 37.5028 37.014 36.5346 36.0643 35.1442 32.5904 30.594 28.6431 26.7512 25.2544 23.9963 22.5986 21.4 20.3235 19.3367 18.389 17.65 16.9372 16.3207 15.7193 15.1644 14.6934 14.2297 13.7871 13.3645 12.9488 12.5071 12.0586 11.6168 11.2131 10.8254 10.4443 10.0388 9.60681 9.18113 8.82755 8.48734 8.15931 7.85029 7.54724 7.32971 7.16684 7.04434 7.11617 7.19365 7.38888 7.59874 8.0607 8.58509 9.296 10.1446 11.1314 12.0252 13.5817 15.1454 16.5112 18.8215 21.1148 21.4931 21.3946 21.3009 21.212 21.1277 21.048 20.973 20.9024 20.8364 20.7748 20.7176 20.6648 20.6163 20.572 20.532 20.4962 20.4646 20.437 20.4135 
52.9764 52.2144 51.4655 50.7294 50.0058 49.2947 48.5959 47.9091 47.2342 46.5711 45.9195 45.2793 44.6505 44.0327 43.426 42.8302 42.2451 41.6705 41.1064 40.5525 40.0088 39.4751 38.9513 38.4372 37.9327 37.4377 36.9521 36.4757 35.5496 32.9899 30.9876 29.0309 27.1332 25.6308 24.3671 22.9639 21.7599 20.6779 19.6858 18.733 17.9887 17.2708 16.6492 16.0428 15.4829 15.0071 14.5385 14.0911 13.6637 13.2433 12.7971 12.3439 11.8976 11.4895 11.0973 10.7119 10.302 9.86573 9.4358 9.07803 8.73366 8.40153 8.08844 7.78136 7.55984 7.39304 7.2667 7.33462 7.40827 7.59972 7.80584 8.26425 8.7848 9.49209 10.3371 11.3204 12.2106 13.7636 15.3239 16.6862 18.9931 21.2831 21.658 21.5563 21.4593 21.3671 21.2796 21.1968 21.1186 21.045 20.9758 20.9112 20.851 20.7951 20.7437 20.6965 20.6535 20.6148 20.5803 20.5499 20.5236 
53.5924 52.8217 52.0642 51.3196 50.5878 49.8685 49.1616 48.4668 47.7841 47.1132 46.454 45.8063 45.1699 44.5447 43.9307 43.3276 42.7354 42.1538 41.5827 41.022 40.4715 39.9311 39.4007 38.8801 38.3692 37.8679 37.376 36.8934 35.9612 33.3955 31.3873 29.4248 27.5213 26.0131 24.7438 23.335 22.1255 21.0381 20.0406 19.0824 18.3329 17.6098 16.983 16.3715 15.8067 15.3259 14.8524 14.4002 13.968 13.5429 13.0919 12.6341 12.1832 11.7705 11.374 10.984 10.5698 10.1292 9.69499 9.33296 8.9844 8.64812 8.33092 8.01977 7.79425 7.62345 7.49311 7.55718 7.62698 7.81461 8.01694 8.47145 8.98846 9.69207 10.5335 11.5131 12.3998 13.9493 15.5061 16.8649 19.1684 21.455 21.8266 21.7215 21.6212 21.5258 21.4351 21.349 21.2677 21.1909 21.1186 21.0509 20.9876 20.9288 20.8743 20.8241 20.7782 20.7366 20.6992 20.6659 20.6368 
54.2174 53.438 52.6718 51.9186 51.1783 50.4507 49.7356 49.0327 48.342 47.6633 46.9963 46.3409 45.697 45.0644 44.4429 43.8325 43.233 42.6443 42.0661 41.4985 40.9412 40.394 39.8569 39.3297 38.8123 38.3046 37.8064 37.3176 36.3792 33.8074 31.7932 29.8247 27.9154 26.4014 25.1264 23.7119 22.4968 21.4039 20.401 19.4374 18.6826 17.9542 17.3222 16.7056 16.1357 15.6499 15.1714 14.7143 14.2773 13.8474 13.3917 12.9292 12.4737 12.0564 11.6553 11.2609 10.8422 10.3973 9.95871 9.5924 9.2396 8.89911 8.57776 8.26251 8.0329 7.8581 7.72378 7.78391 7.84981 8.03357 8.23209 8.68281 9.19608 9.89599 10.7337 11.7097 12.5928 14.1387 15.692 17.0473 19.3474 21.6306 21.9987 21.8903 21.7867 21.688 21.594 21.5047 21.4202 21.3402 21.2648 21.194 21.1276 21.0657 21.0082 20.955 20.9061 20.8616 20.8212 20.7851 20.753 
54.8517 54.0632 53.2882 52.5263 51.7774 51.0414 50.3179 49.6069 48.9081 48.2214 47.5465 46.8834 46.2319 45.5917 44.9628 44.3449 43.7381 43.1421 42.5568 41.9821 41.4179 40.8639 40.32 39.7862 39.2622 38.748 38.2433 37.7482 36.8036 34.2256 32.2053 30.2308 28.3155 26.7957 25.5149 24.0947 22.8739 21.7754 20.767 19.7979 19.0378 18.3041 17.6668 17.045 16.47 15.9791 15.4957 15.0336 14.5916 14.1569 13.6964 13.2292 12.769 12.3471 11.9414 11.5425 11.1194 10.6699 10.227 9.85636 9.49927 9.15454 8.829 8.50959 8.27588 8.09702 7.95867 8.01482 8.07686 8.25665 8.4513 8.89821 9.40773 10.1039 10.9379 11.9102 12.7897 14.332 15.8817 17.2335 19.5301 21.8098 22.1746 22.0627 21.9558 21.8537 21.7564 21.6639 21.5761 21.4929 21.4144 21.3404 21.2709 21.2059 21.1453 21.0891 21.0373 20.9897 20.9464 20.9074 20.8724 
55.4951 54.6976 53.9136 53.1429 52.3853 51.6406 50.9087 50.1894 49.4824 48.7875 48.1047 47.4338 46.7745 46.1267 45.4902 44.8649 44.2506 43.6473 43.0548 42.473 41.9017 41.3407 40.79 40.2494 39.7188 39.198 38.6869 38.1853 37.2344 34.6502 32.6237 30.6431 28.7218 27.196 25.9094 24.4834 23.2569 22.1527 21.1387 20.1642 19.3986 18.6595 18.0169 17.3899 16.8096 16.3136 15.8251 15.358 14.9111 14.4714 14.0062 13.5342 13.0692 12.6426 12.2323 11.8288 11.4012 10.9473 10.4999 10.1249 9.76346 9.41444 9.08466 8.76106 8.52319 8.34022 8.19782 8.24995 8.30793 8.48385 8.67463 9.11766 9.62333 10.3157 11.146 12.1146 12.9904 14.5291 16.0752 17.4235 19.7165 21.9928 22.354 22.2388 22.1285 22.023 21.9224 21.8266 21.7355 21.6491 21.5674 21.4902 21.4176 21.3495 21.2858 21.2266 21.1717 21.1211 21.0749 21.0328 20.995 
56.148 55.3412 54.548 53.7684 53.002 52.2486 51.5081 50.7803 50.065 49.3619 48.6711 47.9921 47.3249 46.6694 46.0253 45.3924 44.7707 44.16 43.5602 42.9711 42.3927 41.8247 41.2671 40.7196 40.1822 39.6547 39.137 38.629 37.6716 35.0811 33.0484 31.0616 29.1342 27.6025 26.3099 24.878 23.6458 22.5359 21.5162 20.5361 19.765 19.0205 18.3725 17.7401 17.1546 16.6534 16.1598 15.6876 15.2357 14.7911 14.3209 13.8441 13.3743 12.943 12.5281 12.1199 11.6877 11.2293 10.7774 10.3981 10.0322 9.67884 9.34477 9.01694 8.77487 8.58776 8.44124 8.48931 8.54327 8.71522 8.90204 9.34119 9.84301 10.5316 11.3581 12.323 13.1951 14.7301 16.2726 17.6172 19.9067 22.1794 22.5372 22.4185 22.3048 22.1959 22.092 21.9928 21.8985 21.8088 21.7238 21.6435 21.5677 21.4964 21.4296 21.3673 21.3094 21.2558 21.2065 21.1615 21.1207 
56.8103 55.9941 55.1917 54.4029 53.6276 52.8654 52.1162 51.3798 50.656 49.9446 49.2455 48.5585 47.8834 47.2199 46.5681 45.9276 45.2984 44.6802 44.073 43.4766 42.8909 42.3158 41.7511 41.1967 40.6525 40.1183 39.5939 39.0793 38.1154 35.5185 33.4795 31.4865 29.5529 28.0151 26.7164 25.2787 24.0406 22.9249 21.8995 20.9137 20.137 19.387 18.7336 18.0959 17.5051 16.9986 16.4998 16.0225 15.5655 15.1159 14.6408 14.1591 13.6845 13.2484 12.8287 12.4158 11.979 11.516 11.0596 10.6757 10.3055 9.94777 9.60937 9.27725 9.03095 8.83964 8.68898 8.73295 8.78285 8.95078 9.13362 9.56884 10.0668 10.7515 11.5741 12.5353 13.4036 14.9349 16.4737 17.8148 20.1007 22.3698 22.7241 22.6019 22.4847 22.3725 22.2651 22.1626 22.0649 21.972 21.8837 21.8001 21.7211 21.6467 21.5768 21.5113 21.4503 21.3937 21.3414 21.2934 21.2496 
57.4823 56.6565 55.8447 55.0467 54.2622 53.491 52.733 51.9879 51.2555 50.5357 49.8283 49.133 48.4498 47.7784 47.1187 46.4705 45.8336 45.2079 44.5932 43.9894 43.3964 42.8141 42.2423 41.6809 41.1297 40.5886 40.0575 39.5363 38.5658 35.9624 33.917 31.9176 29.9779 28.4339 27.1292 25.6854 24.4413 23.3198 22.2887 21.2972 20.5148 19.7592 19.1004 18.4572 17.861 17.3492 16.8452 16.3627 15.9006 15.4459 14.9657 14.4791 13.9996 13.5587 13.1342 12.7166 12.2751 11.8075 11.3465 10.9581 10.5834 10.2213 9.87849 9.54204 9.29146 9.09592 8.94107 8.98088 9.02668 9.19061 9.36938 9.801 10.2946 10.9754 11.7942 12.7516 13.6161 15.1437 16.6788 18.0162 20.2985 22.564 22.9147 22.789 22.6683 22.5526 22.4419 22.336 22.2349 22.1386 22.0471 21.9602 21.878 21.8004 21.7273 21.6587 21.5946 21.5349 21.4795 21.4285 21.3817 
58.164 57.3285 56.5072 55.6997 54.906 54.1257 53.3587 52.6047 51.8636 51.1353 50.4194 49.7158 49.0244 48.3449 47.6772 47.0211 46.3765 45.7432 45.121 44.5097 43.9093 43.3197 42.7407 42.1721 41.6139 41.0659 40.528 40 39.0229 36.4129 34.361 32.3552 30.4091 28.8589 27.548 26.0982 24.8482 23.7207 22.6837 21.6864 20.8984 20.1372 19.4727 18.824 18.2224 17.7052 17.1959 16.7082 16.2409 15.7811 15.2959 14.8042 14.3198 13.8739 13.4446 13.0223 12.576 12.1037 11.6382 11.2452 10.866 10.4994 10.1522 9.81134 9.55643 9.3566 9.19752 9.23315 9.2748 9.43457 9.60934 10.0366 10.5266 11.2035 12.0185 12.9719 13.8326 15.3564 16.8878 18.2215 20.5001 22.762 23.1091 22.9798 22.8556 22.7365 22.6222 22.5129 22.4085 22.3089 22.214 22.1239 22.0384 21.9575 21.8812 21.8095 21.7422 21.6794 21.6209 21.5669 21.5171 
58.8555 58.0102 57.1791 56.3621 55.559 54.7694 53.9933 53.2304 52.4805 51.7434 51.0189 50.3069 49.6071 48.9195 48.2437 47.5796 46.9271 46.2861 45.6562 45.0375 44.4296 43.8326 43.2462 42.6705 42.1052 41.5502 41.0053 40.4705 39.4866 36.87 34.8115 32.7993 30.8468 29.2903 27.9732 26.5172 25.261 24.1276 23.0847 22.0816 21.2877 20.5208 19.8507 19.1965 18.5893 18.0668 17.552 17.059 16.5865 16.1215 15.6312 15.1344 14.645 14.1943 13.76 13.3329 12.8818 12.4048 11.9346 11.537 11.1532 10.7821 10.4304 10.0852 9.82589 9.62174 9.45838 9.48978 9.52724 9.68287 9.85354 10.2767 10.7627 11.4356 12.2466 13.1962 14.0531 15.5731 17.1007 18.4306 20.7056 22.9638 23.3073 23.1744 23.0467 22.924 22.8063 22.6935 22.5857 22.4826 22.3844 22.291 22.2022 22.1181 22.0386 21.9636 21.8932 21.8272 21.7657 21.7085 21.6557 
59.557 58.7016 57.8607 57.034 56.2213 55.4224 54.637 53.865 53.1061 52.3602 51.627 50.9064 50.1982 49.5022 48.8182 48.1461 47.4856 46.8367 46.1991 45.5727 44.9574 44.3529 43.7591 43.1761 42.6036 42.0414 41.4896 40.9478 39.9571 37.3338 35.2686 33.2499 31.2909 29.728 28.4046 26.9423 25.6801 24.5406 23.4916 22.4826 21.6829 20.9102 20.2345 19.5746 18.9619 18.4338 17.9136 17.4153 16.9374 16.4672 15.9717 15.4699 14.9754 14.5196 14.0805 13.6484 13.1926 12.7108 12.2358 11.8335 11.4451 11.0697 10.7133 10.3636 10.0999 9.89135 9.72368 9.75079 9.78403 9.93547 10.102 10.5211 11.003 11.6719 12.4789 13.4246 14.2776 15.7938 17.3177 18.6437 20.9149 23.1694 23.5093 23.3728 23.2415 23.1152 22.994 22.8777 22.7664 22.66 22.5584 22.4616 22.3695 22.2821 22.1993 22.1211 22.0475 21.9784 21.9137 21.8534 21.7975 
60.2685 59.403 58.5521 57.7156 56.8932 56.0847 55.2899 54.5086 53.7407 52.9858 52.2438 51.5145 50.7977 50.0932 49.4009 48.7206 48.0521 47.3952 46.7497 46.1156 45.4926 44.8806 44.2794 43.6889 43.1091 42.5398 41.9808 41.432 40.4345 37.8043 35.7324 33.707 31.7415 30.1721 28.8423 27.3738 26.1053 24.9596 23.9047 22.8896 22.0841 21.3055 20.624 19.9584 19.3401 18.8064 18.2808 17.777 17.2938 16.8183 16.3175 15.8105 15.3109 14.8501 14.4059 13.9689 13.5082 13.0216 12.5419 12.1349 11.7418 11.3615 11.0008 10.6466 10.3784 10.1655 9.99342 10.0162 10.0452 10.1924 10.3548 10.7697 11.2475 11.9124 12.7154 13.6571 14.5062 16.0184 17.5384 18.8607 21.1281 23.379 23.7151 23.575 23.44 23.3102 23.1854 23.0656 22.9508 22.841 22.736 22.6358 22.5403 22.4496 22.3635 22.2821 22.2052 22.1329 22.0651 22.0017 21.9426 
60.9903 60.1145 59.2534 58.4068 57.5746 56.7564 55.9521 55.1614 54.3842 53.6202 52.8692 52.1311 51.4056 50.6926 49.9919 49.3032 48.6265 47.9615 47.3081 46.6661 46.0354 45.4157 44.807 44.2091 43.6219 43.0453 42.4791 41.9232 40.9187 38.2816 36.2029 34.1708 32.1986 30.6227 29.2864 27.8115 26.5367 25.3849 24.3237 23.3027 22.4911 21.7067 21.0193 20.3479 19.7239 19.1847 18.6535 18.1442 17.6555 17.1747 16.6686 16.1564 15.6516 15.1857 14.7365 14.2945 13.8289 13.3374 12.8528 12.4411 12.0433 11.6583 11.293 10.9342 10.6615 10.4441 10.2677 10.2861 10.3108 10.4537 10.6118 11.0226 11.4963 12.1571 12.956 13.8937 14.7388 16.2472 17.7632 19.0817 21.3453 23.5924 23.9253 23.781 23.6423 23.5089 23.3805 23.2572 23.1389 23.0256 22.9171 22.8135 22.7147 22.6206 22.5312 22.4465 22.3664 22.2908 22.2198 22.1532 22.0911 
61.7224 60.8361 59.9647 59.108 58.2657 57.4377 56.6237 55.8235 55.0369 54.2636 53.5036 52.7565 52.0222 51.3004 50.5911 49.894 49.209 48.5358 47.8743 47.2244 46.5858 45.9585 45.3421 44.7367 44.142 43.558 42.9845 42.4215 41.4098 38.7657 36.6801 34.6412 32.6624 31.0798 29.737 28.2556 26.9745 25.8163 24.749 23.7218 22.9042 22.1137 21.4204 20.7432 20.1135 19.5686 19.0317 18.5169 18.0228 17.5365 17.0251 16.5076 15.9976 15.5265 15.0722 14.6252 14.1545 13.6581 13.1687 12.7521 12.3495 11.9599 11.5899 11.2265 10.9493 10.7274 10.5465 10.5605 10.5808 10.7194 10.8733 11.2798 11.7493 12.406 13.2008 14.1345 14.9756 16.48 17.9921 19.3067 21.5665 23.8097 24.1384 23.9908 23.8485 23.7114 23.5794 23.4525 23.3307 23.2138 23.1019 22.9948 22.8926 22.7951 22.7024 22.6144 22.531 22.4522 22.3779 22.3082 22.2428 
62.465 61.568 60.6861 59.8191 58.9666 58.1286 57.3048 56.4949 55.6987 54.9161 54.1468 53.3906 52.6474 51.9168 51.1988 50.4932 49.7997 49.1182 48.4485 47.7905 47.144 46.5088 45.8847 45.2717 44.6695 44.078 43.4972 42.9268 41.908 39.2568 37.1642 35.1184 33.1327 31.5434 30.194 28.7061 27.4185 26.254 25.1804 24.147 23.3232 22.5268 21.8275 21.1444 20.5088 19.9582 19.4156 18.8952 18.3955 17.9038 17.387 16.8641 16.3488 15.8725 15.4131 14.9609 14.4852 13.9838 13.4895 13.068 12.6607 12.2662 11.8915 11.5235 11.2417 11.0152 10.8298 10.8394 10.8553 10.9896 11.1391 11.5413 12.0067 12.6593 13.4499 14.3794 15.2165 16.7168 18.225 19.5357 21.7916 24.031 24.3559 24.2045 24.0585 23.9177 23.7821 23.6516 23.5261 23.4057 23.2903 23.1797 23.0741 22.9732 22.8771 22.7857 22.699 22.6169 22.5394 22.4664 22.3979 
63.2183 62.3104 61.4178 60.5403 59.6775 58.8293 57.9955 57.1758 56.37 55.5778 54.7991 54.0337 53.2813 52.5419 51.815 51.1007 50.3987 49.7087 49.0308 48.3646 47.71 47.0668 46.4349 45.8142 45.2043 44.6053 44.017 43.4393 42.4132 39.7548 37.6552 35.6024 33.6098 32.0137 30.6576 29.1631 27.869 26.698 25.6181 24.5784 23.7484 22.9458 22.2405 21.5515 20.91 20.3535 19.8052 19.2791 18.7739 18.2766 17.7543 17.226 16.7054 16.2238 15.7591 15.3018 14.821 14.3146 13.8153 13.3889 12.9767 12.5774 12.198 11.8252 11.5387 11.3077 11.1177 11.1228 11.1342 11.2641 11.4093 11.8073 12.2683 12.9166 13.7031 14.6286 15.4615 16.958 18.462 19.7688 22.0207 24.2563 24.5773 24.4222 24.2724 24.1278 23.9885 23.8544 23.7253 23.6013 23.4824 23.3683 23.2592 23.1549 23.0554 22.9606 22.8706 22.7852 22.7044 22.6281 22.5564 
63.9824 63.0633 62.1599 61.2717 60.3984 59.54 58.696 57.8663 57.0506 56.2488 55.4606 54.6858 53.9242 53.1756 52.4399 51.7167 51.006 50.3075 49.6211 48.9466 48.2839 47.6326 46.9928 46.3642 45.7467 45.1401 44.5442 43.959 42.9255 40.26 38.1531 36.0932 34.0937 32.4907 31.1279 29.6267 28.3259 27.1484 26.062 25.016 24.1798 23.371 22.6595 21.9645 21.317 20.7546 20.2006 19.6687 19.1578 18.6549 18.1271 17.5933 17.0673 16.5804 16.1104 15.6479 15.162 14.6504 14.1461 13.7147 13.2976 12.8935 12.5092 12.1317 11.8405 11.6048 11.4103 11.4108 11.4178 11.5432 11.684 12.0776 12.5343 13.1783 13.9607 14.8819 15.7108 17.203 18.7032 20.0059 22.2539 24.4856 24.8027 24.6437 24.4901 24.3419 24.1988 24.061 23.9283 23.8007 23.6781 23.5605 23.4479 23.3401 23.2372 23.139 23.0456 22.9569 22.8728 22.7932 22.7183 
64.7574 63.827 62.9125 62.0135 61.1296 60.2606 59.4063 58.5664 57.7408 56.9292 56.1313 55.347 54.576 53.8182 53.0734 52.3413 51.6218 50.9146 50.2197 49.5368 48.8657 48.2063 47.5584 46.9219 46.2965 45.6822 45.0787 44.486 43.4451 40.7721 38.658 36.591 34.5844 32.9745 31.6047 30.0968 28.7893 27.6052 26.5123 25.4598 24.6173 23.8022 23.0846 22.3834 21.73 21.1616 20.6017 20.064 19.5473 19.0388 18.5054 17.9661 17.4346 16.9423 16.467 15.9992 15.5081 14.9914 14.482 14.0456 13.6235 13.2144 12.8253 12.443 12.1472 11.9067 11.7075 11.7034 11.7058 11.8268 11.9631 12.3526 12.8048 13.4444 14.2225 15.1396 15.9643 17.4524 18.9485 20.2472 22.4915 24.7189 25.0321 24.8693 24.7118 24.5597 24.413 24.2714 24.135 24.0038 23.8776 23.7565 23.6403 23.529 23.4226 23.321 23.2242 23.132 23.0446 22.9618 22.8835 
65.5434 64.6016 63.6758 62.7657 61.871 60.9914 60.1266 59.2765 58.4407 57.6191 56.8114 56.0174 55.237 54.4698 53.7157 52.9746 52.2461 51.5302 50.8266 50.1351 49.4556 48.788 48.1319 47.4873 46.854 46.2319 45.6207 45.0204 43.9719 41.2914 39.17 37.0958 35.082 33.4651 32.0883 30.5735 29.2593 28.0685 26.969 25.91 25.061 24.2397 23.5158 22.8084 22.1489 21.5745 21.0086 20.465 19.9426 19.4283 18.8892 18.3444 17.8074 17.3096 16.8289 16.3558 15.8594 15.3375 14.8229 14.3815 13.9543 13.5403 13.1463 12.7592 12.4584 12.2133 12.0094 12.0007 11.9985 12.1149 12.2468 12.6316 13.0796 13.7149 14.4887 15.4015 16.222 17.706 19.1979 20.4926 22.7325 24.9562 25.2655 25.0988 24.9375 24.7816 24.631 24.4857 24.3456 24.2106 24.0808 23.9561 23.8363 23.7215 23.6116 23.5065 23.4063 23.3107 23.2199 23.1338 23.0522 
66.3407 65.3872 64.45 63.5286 62.6229 61.7324 60.857 59.9964 59.1503 58.3186 57.5009 56.6972 55.9071 55.1304 54.367 53.6166 52.8791 52.1542 51.4418 50.7417 50.0537 49.3776 48.7133 48.0605 47.4192 46.7891 46.1701 45.5621 44.506 41.818 39.6892 37.6076 35.5866 33.9625 32.5787 31.0569 29.7359 28.5383 27.4322 26.3666 25.5111 24.6833 23.9531 23.2395 22.5738 21.9933 21.4214 20.8719 20.3436 19.8235 19.2787 18.7282 18.1856 17.6823 17.1962 16.7177 16.216 15.6888 15.1691 14.7225 14.2902 13.8712 13.4722 13.0802 12.7746 12.5247 12.3161 12.3027 12.2958 12.4077 12.535 12.9153 13.3589 13.9898 14.7593 15.6678 16.484 17.9638 19.452 20.7421 22.978 25.1977 25.503 25.3323 25.1671 25.0073 24.8529 24.7038 24.5599 24.4213 24.2878 24.1594 24.036 23.9177 23.8042 23.6957 23.5919 23.493 23.3988 23.3093 23.2244 
67.1494 66.184 65.2351 64.3023 63.3853 62.4839 61.5977 60.7264 59.8699 59.0279 58.2001 57.3864 56.5865 55.8002 55.0273 54.2676 53.5208 52.7869 52.0656 51.3567 50.66 49.9754 49.3027 48.6417 47.9922 47.3541 46.7272 46.1113 45.0475 42.3519 40.2155 38.1265 36.0982 34.4668 33.0759 31.5471 30.2191 29.0148 27.9018 26.8296 25.9675 25.1332 24.3966 23.6767 23.0047 22.4181 21.8401 21.2846 20.7504 20.2244 19.6739 19.1176 18.5694 18.0605 17.5689 17.0849 16.5778 16.0454 15.5204 15.0685 14.6312 14.2071 13.8031 13.4061 13.0957 12.8409 12.6275 12.6093 12.5978 12.705 12.8278 13.2035 13.6426 14.2692 15.0343 15.9384 16.7504 18.2259 19.7095 20.9958 23.2276 25.4432 25.7445 25.5703 25.4007 25.237 25.0787 24.9258 24.7782 24.6358 24.4986 24.3665 24.2395 24.1175 24.0005 23.8884 23.7812 23.6788 23.5812 23.4882 23.4 
67.9695 66.9921 66.0313 65.0869 64.1585 63.2459 62.3487 61.4666 60.5995 59.747 58.909 58.0851 57.2753 56.4792 55.6966 54.9275 54.1714 53.4283 52.6979 51.9801 51.2747 50.5814 49.9002 49.2308 48.573 47.9267 47.2918 46.668 45.5964 42.8931 40.7491 38.6525 36.6168 34.9782 33.5801 32.0441 30.7091 29.4978 28.378 27.2991 26.4304 25.5895 24.8464 24.1201 23.4418 22.849 22.2648 21.7032 21.163 20.6311 20.0747 19.5127 18.9587 18.4442 17.947 17.4576 16.945 16.4072 15.8769 15.4198 14.9773 14.5481 14.139 13.737 13.4216 13.1619 12.9437 12.9208 12.9045 13.007 13.1252 13.4963 13.9309 14.553 15.3136 16.2134 17.021 18.4923 19.9716 21.2538 23.4814 25.6929 25.9901 25.8114 25.6383 25.4707 25.3085 25.1517 25.0003 24.8541 24.7132 24.5774 24.4467 24.3211 24.2005 24.0848 23.9741 23.8682 23.7671 23.6707 23.5791 
68.8012 67.8116 66.8388 65.8825 64.9426 64.0186 63.1102 62.2172 61.3392 60.4761 59.6277 58.7936 57.9736 57.1676 56.3753 55.5964 54.8309 54.0785 53.3389 52.6121 51.8977 51.1957 50.5058 49.8279 49.1618 48.5073 47.8642 47.2324 46.1529 43.4417 41.29 39.1858 37.1426 35.4965 34.0911 32.548 31.2059 29.9876 28.8609 27.7751 26.8997 26.0522 25.3025 24.5697 23.885 23.2859 22.6955 22.1278 21.5815 21.0436 20.4813 19.9134 19.3537 18.8336 18.3306 17.8356 17.3176 16.7743 16.2386 15.7763 15.3285 14.8941 14.4799 14.0729 13.7524 13.4878 13.2647 13.237 13.2159 13.3137 13.4272 13.7938 14.2238 14.8413 15.5975 16.4928 17.2961 18.763 20.2381 21.516 23.7394 25.9468 26.2399 26.0571 25.88 25.7084 25.5423 25.3816 25.2263 25.0763 24.9317 24.7921 24.6577 24.5284 24.4042 24.2849 24.1706 24.0612 23.9566 23.8568 23.7617 
69.6447 68.6426 67.6576 66.6894 65.7376 64.802 63.8823 62.9781 62.0892 61.2154 60.3563 59.5118 58.6816 57.8654 57.0632 56.2746 55.4995 54.7376 53.9887 53.2527 52.5293 51.8184 51.1198 50.4332 49.7586 49.0957 48.4444 47.8044 46.7169 43.9979 41.8383 39.7264 37.6756 36.0221 34.6093 33.0588 31.7095 30.4841 29.3504 28.2577 27.3755 26.5212 25.765 25.0256 24.3345 23.7289 23.1323 22.5583 22.0059 21.4619 20.8936 20.3198 19.7543 19.2283 18.7198 18.2192 17.6956 17.1468 16.6057 16.138 15.6849 15.2453 14.8259 14.4137 14.0883 13.8187 13.5906 13.558 13.5321 13.6251 13.7339 14.0958 14.5212 15.1341 15.8858 16.7767 17.5755 19.0381 20.5088 21.7825 24.0017 26.2049 26.4938 26.307 26.1258 25.9502 25.7801 25.6155 25.4563 25.3026 25.1539 25.0106 24.8725 24.7395 24.6116 24.4887 24.3708 24.2578 24.1497 24.0464 23.9479 
70.5001 69.4854 68.488 67.5075 66.5438 65.5965 64.6652 63.7497 62.8497 61.9648 61.095 60.2399 59.3993 58.5729 57.7606 56.9621 56.1772 55.4057 54.6474 53.902 53.1695 52.4496 51.742 51.0467 50.3635 49.6921 49.0324 48.3843 47.2886 44.5616 42.3941 40.2744 38.2159 36.5547 35.1345 33.5766 32.22 30.9875 29.8467 28.747 27.8579 26.9968 26.2338 25.4879 24.7902 24.1782 23.5752 22.9949 22.4363 21.8862 21.3118 20.7321 20.1606 19.6288 19.1145 18.6082 18.079 17.5247 16.9781 16.505 16.0466 15.6016 15.1771 14.7597 14.4291 14.1545 13.9214 13.8838 13.8531 13.9413 14.0453 14.4025 14.8232 15.4316 16.1787 17.0651 17.8594 19.3176 20.7839 22.0533 24.2682 26.4672 26.7519 26.5609 26.3756 26.196 26.0219 25.8533 25.6902 25.5325 25.3801 25.233 25.0911 24.9544 24.8228 24.6962 24.5747 24.4581 24.3465 24.2396 24.1376 
71.3675 70.34 69.33 68.3372 67.3613 66.402 65.459 64.532 63.6206 62.7247 61.8439 60.978 60.1268 59.2901 58.4675 57.6589 56.8641 56.0829 55.315 54.5602 53.8184 53.0893 52.3728 51.6686 50.9766 50.2966 49.6284 48.9719 47.868 45.1329 42.9575 40.8298 38.7635 37.0947 35.6668 34.1015 32.7376 31.4977 30.3498 29.243 28.3469 27.479 26.7092 25.9565 25.2522 24.6337 24.0242 23.4376 22.8727 22.3164 21.7359 21.1501 20.5727 20.035 19.5149 19.0028 18.4679 17.908 17.3559 16.8773 16.4135 15.9632 15.5333 15.1108 14.7751 14.4953 14.2571 14.2146 14.179 14.2623 14.3614 14.7139 15.1299 15.7336 16.4761 17.3579 18.1478 19.6015 21.0634 22.3284 24.539 26.7337 27.0143 26.8191 26.6297 26.4459 26.2678 26.0952 25.9281 25.7664 25.6102 25.4595 25.3135 25.173 25.0377 24.9075 24.7823 24.6621 24.5468 24.4365 24.3309 
72.2472 71.2066 70.1838 69.1784 68.1902 67.2187 66.2638 65.3251 64.4022 63.495 62.6031 61.7263 60.8644 60.017 59.1841 58.3653 57.5605 56.7693 55.9917 55.2273 54.4761 53.7377 53.012 52.2989 51.598 50.9093 50.2325 49.5675 48.4553 45.7119 43.5284 41.3928 39.3186 37.6419 36.2064 34.6335 33.2621 32.0149 30.8597 29.7458 28.8426 27.9677 27.1911 26.4316 25.7206 25.0955 24.4795 23.8865 23.3152 22.7526 22.166 21.574 20.9906 20.4469 19.9209 19.4031 18.8624 18.2969 17.7391 17.255 16.7857 16.33 15.8948 15.4669 15.126 14.8411 14.5979 14.5503 14.5097 14.5881 14.6824 15.03 15.4413 16.0402 16.7781 17.6553 18.4407 19.8899 21.3473 22.6079 24.8142 27.0046 27.2808 27.0814 26.8878 26.7004 26.5177 26.3411 26.17 26.0044 25.8442 25.6894 25.5398 25.3956 25.2565 25.1225 24.9936 24.8698 24.7509 24.6369 24.5279 
73.1393 72.0855 71.0496 70.0314 69.0306 68.0468 67.0798 66.1292 65.1947 64.2759 63.3728 62.4849 61.612 60.754 59.9105 59.0813 58.2663 57.4651 56.6776 55.9035 55.1426 54.3949 53.6599 52.9376 52.2278 51.5302 50.8447 50.1712 49.0505 46.2988 44.107 41.9633 39.8811 38.1965 36.7532 35.1727 33.7937 32.5391 31.3765 30.2554 29.345 28.4631 27.6795 26.9132 26.1954 25.5636 24.941 24.3415 23.7638 23.1949 22.602 22.0039 21.4143 20.8646 20.3327 19.8089 19.2625 18.6912 18.1278 17.6381 17.1632 16.7021 16.2615 15.8283 15.4821 15.192 14.9436 14.891 14.8453 14.9187 15.0081 15.3509 15.7573 16.3516 17.0847 17.9573 18.7381 20.1827 21.6357 22.8918 25.0937 27.2797 27.5517 27.348 27.1502 26.9582 26.7718 26.5911 26.416 26.2464 26.0822 25.9235 25.7701 25.622 25.479 25.3413 25.2087 25.0812 24.9586 24.8411 24.7284 
74.0439 72.9766 71.9275 70.8963 69.8828 68.8865 67.9072 66.9445 65.998 65.0676 64.153 63.2538 62.3699 61.5009 60.6467 59.807 58.9816 58.1702 57.3727 56.5888 55.8182 55.0609 54.3165 53.585 52.866 52.1595 51.4651 50.7829 49.6536 46.8934 44.6934 42.5414 40.4511 38.7586 37.3075 35.7192 34.3326 33.0703 31.9004 30.7719 29.8543 28.9653 28.1746 27.4013 26.6768 26.0382 25.4089 24.8028 24.2186 23.6433 23.044 22.4397 21.844 21.2882 20.7502 20.2205 19.6682 19.0911 18.522 18.0266 17.5462 17.0795 16.6335 16.1949 15.8434 15.548 15.2944 15.2366 15.1859 15.2543 15.3387 15.6766 16.0782 16.6676 17.396 18.2639 19.04 20.4801 21.9285 23.1802 25.3776 27.5592 27.8269 27.6189 27.4168 27.2206 27.0301 26.8452 26.666 26.4924 26.3242 26.1615 26.0042 25.8522 25.7055 25.564 25.4276 25.2963 25.1701 25.0489 24.9327 
74.9612 73.8802 72.8177 71.7733 70.7468 69.7378 68.746 67.771 66.8125 65.8702 64.9439 64.0333 63.1381 62.2581 61.393 60.5426 59.7067 58.885 58.0772 57.2833 56.5029 55.7358 54.982 54.241 53.5128 52.7971 52.0939 51.4028 50.2648 47.4961 45.2876 43.1273 41.0288 39.3282 37.8691 36.273 34.8788 33.6088 32.4313 31.2953 30.3705 29.4742 28.6764 27.8961 27.1646 26.5192 25.8832 25.2704 24.6796 24.0978 23.4922 22.8815 22.2795 21.7176 21.1736 20.6379 20.0796 19.4967 18.9217 18.4206 17.9348 17.4624 17.0108 16.5668 16.2098 15.9091 15.6503 15.5873 15.5315 15.5948 15.6742 16.0071 16.4038 16.9884 17.7121 18.5752 19.3466 20.782 22.2259 23.473 25.6659 27.8431 28.1064 27.8941 27.6877 27.4872 27.2925 27.1036 26.9202 26.7425 26.5703 26.4036 26.2423 26.0864 25.9358 25.7904 25.6503 25.5153 25.3854 25.2605 25.1406 
75.8915 74.7966 73.7204 72.6626 71.6229 70.6009 69.5964 68.6089 67.6381 66.6838 65.7457 64.8234 63.9168 63.0256 62.1494 61.2882 60.4415 59.6093 58.7913 57.9871 57.1968 56.4199 55.6563 54.9058 54.1682 53.4433 52.731 52.0309 50.8841 48.1067 45.8897 43.721 41.6142 39.9054 38.4382 36.8341 35.4319 34.1544 32.9692 31.8258 30.8935 29.9899 29.185 28.3976 27.659 27.0067 26.3639 25.7444 25.1469 24.5586 23.9465 23.3294 22.7211 22.153 21.6028 21.061 20.4968 19.9079 19.3271 18.8202 18.3284 17.8506 17.3935 16.944 16.5816 16.276 16.0114 15.9434 15.8821 15.9403 16.0146 16.3425 16.7343 17.3139 18.0327 18.8911 19.6578 21.0885 22.5278 23.7703 25.9588 28.1314 28.3902 28.1736 27.9629 27.7581 27.5591 27.3659 27.1785 26.9966 26.8204 26.6496 26.4844 26.3245 26.17 26.0208 25.8768 25.738 25.6044 25.4757 25.3522 
76.8348 75.7257 74.6356 73.5642 72.5111 71.476 70.4586 69.4584 68.4751 67.5086 66.5584 65.6243 64.7061 63.8034 62.9161 62.0438 61.1863 60.3434 59.5149 58.7004 57.8999 57.113 56.3396 55.5795 54.8324 54.0981 53.3765 52.6674 51.5117 48.7255 46.4997 44.3225 42.2073 40.4903 39.0149 37.4028 35.9926 34.7073 33.5144 32.3634 31.4236 30.5126 29.7004 28.9058 28.1601 27.5008 26.8511 26.2247 25.6206 25.0256 24.4069 23.7834 23.1687 22.5943 22.0379 21.49 20.9197 20.3248 19.7383 19.2254 18.7278 18.2443 17.7815 17.3264 16.9586 16.6471 16.3776 16.3041 16.2378 16.2908 16.36 16.6828 17.0696 17.6443 18.3582 19.2118 19.9736 21.3997 22.8342 24.0722 26.256 28.4242 28.6785 28.4574 28.2424 28.0332 27.83 27.6326 27.4409 27.2549 27.0745 26.8997 26.7305 26.5666 26.4082 26.2551 26.1072 25.9646 25.8271 25.6948 25.5675 
77.7914 76.6679 75.5637 74.4784 73.4117 72.3633 71.3327 70.3196 69.3237 68.3446 67.3822 66.4361 65.5061 64.5918 63.6931 62.8096 61.9411 61.0874 60.2482 59.4233 58.6125 57.8155 57.0321 56.2621 55.5054 54.7616 54.0307 53.3123 52.1476 49.3524 47.1179 44.932 42.8083 41.0829 39.5992 37.9789 36.5608 35.2675 34.0668 32.9081 31.9607 31.0423 30.2226 29.4208 28.668 28.0016 27.3448 26.7116 26.1006 25.499 24.8737 24.2436 23.6225 23.0417 22.479 21.9248 21.3484 20.7475 20.1548 19.6362 19.1328 18.6435 18.175 17.7143 17.3409 17.0239 16.749 16.6701 16.5985 16.6463 16.7104 17.0281 17.4098 17.9795 18.6885 19.5372 20.2942 21.7154 23.1453 24.3786 26.5578 28.7214 28.9712 28.7457 28.5262 28.3127 28.1051 27.9034 27.7075 27.5173 27.3328 27.1539 26.9806 26.8127 26.6503 26.4933 26.3415 26.195 26.0538 25.9176 25.7866 
78.7615 77.6233 76.5048 75.4054 74.3249 73.2628 72.2188 71.1926 70.1838 69.1921 68.2173 67.259 66.317 65.3909 64.4806 63.5857 62.7061 61.8413 60.9913 60.1558 59.3345 58.5272 57.7338 56.9538 56.1873 55.4339 54.6935 53.9658 52.7918 49.9877 47.7442 45.5496 43.4172 41.6833 40.1913 38.5627 37.1364 35.8351 34.6266 33.4601 32.505 31.579 30.7519 29.9426 29.1826 28.509 27.8452 27.205 26.5872 25.9787 25.3467 24.71 24.0824 23.4951 22.926 22.3656 21.783 21.176 20.5772 20.0527 19.5434 19.0483 18.574 18.1077 17.7286 17.4061 17.1257 17.0414 16.9645 17.007 17.0658 17.3784 17.7549 18.3197 19.0236 19.8674 20.6195 22.0359 23.461 24.6896 26.8642 29.0232 29.2684 29.0384 28.8144 28.5965 28.3846 28.1785 27.9783 27.7839 27.5953 27.4122 27.2348 27.0629 26.8964 26.7354 26.5797 26.4294 26.2842 26.1443 26.0095 
79.7452 78.5922 77.459 76.3453 75.2507 74.1748 73.1172 72.0776 71.0557 70.0512 69.0637 68.093 67.1388 66.2008 65.2787 64.3723 63.4812 62.6054 61.7444 60.8981 60.0662 59.2485 58.4447 57.6547 56.8782 56.1151 55.365 54.6279 53.4446 50.6312 48.3787 46.1752 44.0341 42.2916 40.7911 39.1542 37.7197 36.4102 35.1937 34.0193 33.0565 32.1228 31.2881 30.4714 29.704 29.0232 28.3522 27.705 27.0802 26.4649 25.8261 25.1827 24.5485 23.9547 23.3792 22.8124 22.2235 21.6104 21.0055 20.4749 19.9596 19.4586 18.9786 18.5065 18.1218 17.7937 17.5077 17.418 17.3356 17.3728 17.4263 17.7336 18.1051 18.6647 19.3636 20.2024 20.9496 22.3612 23.7815 25.0053 27.1751 29.3295 29.5701 29.3355 29.107 28.8847 28.6683 28.4579 28.2534 28.0548 27.8619 27.6747 27.4931 27.3171 27.1466 26.9816 26.8219 26.6676 26.5186 26.3748 26.2362 
80.7428 79.5747 78.4267 77.2984 76.1894 75.0994 74.028 72.9748 71.9396 70.9219 69.9216 68.9383 67.9717 67.0216 66.0875 65.1694 64.2668 63.3796 62.5075 61.6502 60.8075 59.9792 59.1651 58.3648 57.5782 56.8052 56.0453 55.2986 54.1058 51.2832 49.0216 46.8091 44.6591 42.9079 41.3988 39.7535 38.3106 36.9929 35.7683 34.5859 33.6152 32.6738 31.8314 31.0072 30.2324 29.5442 28.866 28.2116 27.5798 26.9575 26.3119 25.6617 25.0208 24.4205 23.8384 23.2653 22.6701 22.0506 21.4396 20.9028 20.3816 19.8747 19.3887 18.9108 18.5204 18.1866 17.8951 17.7998 17.712 17.7438 17.792 18.094 18.4602 19.0147 19.7086 20.5423 21.2846 22.6912 24.1066 25.3256 27.4907 29.6403 29.8764 29.6371 29.4041 29.1773 28.9565 28.7417 28.5328 28.3298 28.1327 27.9412 27.7555 27.5754 27.4008 27.2317 27.0681 26.9098 26.7569 26.6092 26.4667 
81.7546 80.571 79.4079 78.2647 77.1411 76.0367 74.9512 73.8843 72.8355 71.8046 70.7912 69.7951 68.8159 67.8534 66.9072 65.9771 65.0628 64.1641 63.2807 62.4123 61.5587 60.7196 59.8949 59.0842 58.2874 57.5043 56.7346 55.9781 54.7758 51.9437 49.6728 47.4512 45.2923 43.5322 42.0144 40.3605 38.9092 37.5832 36.3504 35.1599 34.1813 33.232 32.3819 31.5501 30.7677 30.0721 29.3866 28.725 28.086 27.4567 26.8041 26.1472 25.4995 24.8925 24.3039 23.7242 23.1226 22.4968 21.8796 21.3367 20.8095 20.2964 19.8045 19.3207 18.9245 18.585 18.2878 18.1869 18.0936 18.1199 18.1628 18.4595 18.8205 19.3697 20.0585 20.8871 21.6243 23.026 24.4365 25.6506 27.8109 29.9558 30.1872 29.9433 29.7057 29.4743 29.249 29.0298 28.8165 28.6092 28.4077 28.212 28.0221 27.8378 27.6591 27.4859 27.3182 27.156 26.9991 26.8475 26.7011 
82.7807 81.5814 80.4028 79.2444 78.1059 76.987 75.8871 74.8061 73.7436 72.6991 71.6725 70.6634 69.6714 68.6963 67.7378 66.7956 65.8694 64.959 64.0641 63.1844 62.3197 61.4698 60.6343 59.8131 59.0059 58.2126 57.4328 56.6665 55.4544 52.6128 50.3325 48.1017 45.9337 44.1647 42.6381 40.9755 39.5156 38.1813 36.9401 35.7415 34.7548 33.7975 32.9396 32.1 31.31 30.6069 29.914 29.2451 28.5989 27.9625 27.3029 26.6391 25.9846 25.3708 24.7756 24.1894 23.5812 22.949 22.3255 21.7764 21.2429 20.7238 20.226 19.7363 19.3342 18.9889 18.686 18.5795 18.4806 18.5014 18.5388 18.8301 19.1858 19.7298 20.4133 21.2368 21.9691 23.3657 24.7712 25.9804 28.1359 30.276 30.5026 30.254 30.0118 29.7758 29.546 29.3223 29.1046 28.8929 28.687 28.4871 28.2928 28.1043 27.9215 27.7442 27.5724 27.4062 27.2453 27.0897 26.9394 
83.8213 82.6059 81.4115 80.2377 79.084 77.9502 76.8359 75.7406 74.664 73.6058 72.5657 71.5433 70.5384 69.5505 68.5795 67.625 66.6867 65.7645 64.8579 63.9667 63.0908 62.2297 61.3834 60.5515 59.7338 58.9301 58.1401 57.3637 56.1418 53.2905 51.0008 48.7606 46.5835 44.8054 43.2699 41.5985 40.13 38.7871 37.5375 36.3306 35.3357 34.3704 33.5046 32.6572 31.8595 31.1488 30.4484 29.7721 29.1186 28.475 27.8084 27.1375 26.4761 25.8555 25.2535 24.6607 24.046 23.4074 22.7774 22.222 21.6823 21.1571 20.6532 20.1575 19.7495 19.3984 19.0897 18.9775 18.8729 18.8882 18.9201 19.206 19.5563 20.095 20.7733 21.5916 22.3186 23.7102 25.1108 26.315 28.4656 30.6009 30.8227 30.5694 30.3225 30.0818 29.8474 29.6193 29.397 29.1809 28.9707 28.7664 28.5678 28.3751 28.188 28.0066 27.8307 27.6604 27.4954 27.3359 27.1817 
84.8764 83.6446 82.4342 81.2446 80.0756 78.9267 77.7975 76.6877 75.5969 74.5247 73.4709 72.4351 71.4169 70.4161 69.4323 68.4653 67.5148 66.5805 65.6621 64.7593 63.8719 62.9996 62.1422 61.2994 60.471 59.6568 58.8566 58.07 56.8382 53.9771 51.6778 49.4282 47.2417 45.4544 43.9099 42.2296 40.7523 39.4008 38.1427 36.9274 35.9243 34.9508 34.077 33.2217 32.4162 31.6978 30.9898 30.306 29.6452 28.9943 28.3204 27.6425 26.9741 26.3466 25.7379 25.1383 24.517 23.8718 23.2354 22.6736 22.1276 21.5962 21.0862 20.5844 20.1704 19.8134 19.4989 19.3809 19.2707 19.2803 19.3066 19.5871 19.9319 20.4653 21.1383 21.9513 22.6732 24.0597 25.4552 26.6545 28.8001 30.9305 31.1474 30.8895 30.6377 30.3924 30.1534 29.9206 29.6939 29.4733 29.2586 29.0499 28.8471 28.6501 28.4588 28.2731 28.0931 27.9186 27.7496 27.5861 27.4279 
85.9461 84.6977 83.4709 82.2654 81.0807 79.9164 78.7722 77.6476 76.5423 75.4559 74.3882 73.3387 72.3071 71.2931 70.2965 69.3168 68.3538 67.4072 66.4767 65.5621 64.6631 63.7794 62.9108 62.057 61.2178 60.393 59.5822 58.7854 57.5435 54.6726 52.3635 50.1043 47.9084 46.1118 44.5581 42.8689 41.3827 40.0224 38.7557 37.5319 36.5204 35.5388 34.6568 33.7935 32.9801 32.2539 31.5382 30.8469 30.1786 29.5204 28.8392 28.1541 27.4787 26.8442 26.2286 25.6222 24.9943 24.3424 23.6995 23.1313 22.5789 22.0413 21.525 21.0171 20.5971 20.2341 19.9137 19.7899 19.674 19.6779 19.6986 19.9735 20.3128 20.8408 21.5084 22.3162 23.0329 24.4141 25.8045 26.9988 29.1394 31.2648 31.4769 31.214 30.9576 30.7076 30.4639 30.2265 29.9952 29.7701 29.551 29.3379 29.1307 28.9293 28.7337 28.5439 28.3596 28.181 28.0079 27.8403 27.6781 
87.0306 85.7652 84.5219 83.3001 82.0994 80.9195 79.76 78.6204 77.5004 76.3996 75.3177 74.2543 73.2091 72.1817 71.1719 70.1793 69.2037 68.2447 67.302 66.3754 65.4646 64.5694 63.6894 62.8244 61.9742 61.1386 60.3173 59.5102 58.2581 55.3771 53.0581 50.7892 48.5837 46.7778 45.2148 43.5164 42.0213 40.6521 39.3767 38.1443 37.1244 36.1343 35.2441 34.3727 33.5513 32.8173 32.0938 31.3948 30.719 30.0533 29.3648 28.6725 27.9899 27.3484 26.7258 26.1126 25.4778 24.8193 24.1698 23.5951 23.0363 22.4923 21.9698 21.4557 21.0296 20.6605 20.3342 20.2045 20.0827 20.0809 20.0959 20.3652 20.699 21.2215 21.8837 22.6862 23.3976 24.7738 26.1588 27.348 29.4836 31.604 31.8112 31.5434 31.2822 31.0274 30.779 30.5369 30.3011 30.0714 29.8478 29.6302 29.4186 29.2128 29.0129 28.8188 28.6304 28.4476 28.2703 28.0986 27.9323 
88.13 86.8473 85.5871 84.3487 83.1319 81.9361 80.761 79.6061 78.4712 77.3557 76.2594 75.1819 74.1229 73.0819 72.0588 71.0531 70.0646 69.093 68.1379 67.1992 66.2764 65.3694 64.4779 63.6016 62.7403 61.8938 61.0619 60.2443 58.9818 56.0907 53.7618 51.483 49.2678 47.4523 45.88 44.1723 42.6681 41.2899 40.0057 38.7646 37.7361 36.7376 35.8391 34.9595 34.13 33.388 32.6567 31.9499 31.2664 30.5932 29.8973 29.1976 28.5078 27.8592 27.2296 26.6094 25.9678 25.3025 24.6464 24.065 23.4997 22.9493 22.4205 21.9001 21.4678 21.0927 20.7603 20.6247 20.497 20.4894 20.4987 20.7623 21.0906 21.6075 22.2643 23.0614 23.7674 25.1382 26.5182 27.7022 29.8327 31.9481 32.1503 31.8776 31.6115 31.3519 31.0988 30.8522 30.6115 30.3772 30.149 29.9269 29.7109 29.5007 29.2965 29.098 28.9053 28.7183 28.5369 28.361 28.1907 
89.2442 87.944 86.6666 85.4114 84.1781 82.9662 81.7752 80.6049 79.4547 78.3244 77.2135 76.1216 75.0485 73.9938 72.9571 71.9381 70.9366 69.9522 68.9845 68.0334 67.0985 66.1797 65.2765 64.3889 63.5164 62.6589 61.8162 60.9879 59.715 56.8136 54.4745 52.1858 49.9608 48.1356 46.5537 44.8367 43.3232 41.936 40.6429 39.393 38.3557 37.3487 36.4418 35.5538 34.7162 33.9661 33.2268 32.5122 31.821 31.1402 30.4368 29.7297 29.0325 28.3767 27.7399 27.1128 26.4642 25.7921 25.1292 24.5412 23.9694 23.4124 22.8772 22.3506 21.912 21.5307 21.1923 21.0506 20.917 20.9035 20.907 21.1649 21.4875 21.9989 22.6501 23.4417 24.1424 25.5079 26.8826 28.0614 30.1867 32.2971 32.4942 32.2166 31.9456 31.6812 31.4232 31.1717 30.9265 30.6875 30.4548 30.2281 30.0076 29.793 29.5843 29.3815 29.1845 28.9932 28.8076 28.6276 28.4531 
90.3731 89.0552 87.7603 86.4881 85.238 84.0097 82.8027 81.6166 80.451 79.3056 78.1798 77.0734 75.986 74.9173 73.8669 72.8344 71.8197 70.8222 69.8419 68.8784 67.9313 67.0005 66.0856 65.1864 64.3026 63.434 62.5803 61.7412 60.4577 57.5458 55.1964 52.8976 50.6627 48.8277 47.2362 45.5097 43.9869 42.5905 41.2882 40.0294 38.9834 37.9677 37.0522 36.1559 35.3099 34.5517 33.8044 33.0819 32.3828 31.6943 30.9832 30.2686 29.5641 28.901 28.257 27.6228 26.9672 26.2882 25.6184 25.0237 24.4452 23.8817 23.34 22.807 22.3621 21.9746 21.63 21.4823 21.3427 21.3233 21.3209 21.5731 21.89 22.3959 23.0413 23.8274 24.5226 25.8827 27.2522 28.4257 30.5459 32.6511 32.8431 32.5605 32.2845 32.0152 31.7524 31.496 31.2461 31.0025 30.7651 30.5339 30.3088 30.0897 29.8766 29.6694 29.4681 29.2725 29.0826 28.8984 28.7197 
91.5166 90.1806 88.8681 87.5785 86.3115 85.0666 83.8433 82.6412 81.46 80.2992 79.1584 78.0372 76.9354 75.8525 74.7882 73.7422 72.7141 71.7037 70.7106 69.7345 68.7751 67.8321 66.9053 65.9944 65.0991 64.2192 63.3543 62.5043 61.21 58.2876 55.9278 53.6187 51.3737 49.5288 47.9275 46.1914 44.6591 43.2534 41.942 40.6741 39.6192 38.5947 37.6706 36.7658 35.9114 35.1449 34.3895 33.6589 32.9519 32.2556 31.5369 30.8147 30.1026 29.4321 28.7809 28.1394 27.4768 26.7908 26.1142 25.5126 24.9274 24.3573 23.809 23.2695 22.8183 22.4245 22.0737 21.9198 21.7741 21.7488 21.7405 21.9868 22.2979 22.7979 23.4379 24.2185 24.9082 26.2628 27.6269 28.7951 30.9101 33.0101 33.197 32.9093 32.6283 32.3541 32.0864 31.8252 31.5704 31.3221 31.08 30.8442 30.6145 30.3909 30.1733 29.9617 29.756 29.5561 29.3619 29.1734 28.9906 
92.6745 91.3202 89.9898 88.6827 87.3986 86.1368 84.8971 83.6789 82.4819 81.3056 80.1497 79.0137 77.8973 76.8002 75.7219 74.6622 73.6206 72.5969 71.5908 70.602 69.63 68.6748 67.7359 66.8131 65.9061 65.0146 64.1385 63.2774 61.9722 59.039 56.6687 54.3492 52.0939 50.239 48.6278 46.882 45.3401 43.9249 42.6042 41.3272 40.2632 39.2299 38.297 37.3835 36.5207 35.7458 34.9821 34.2434 33.5285 32.8242 32.0977 31.3678 30.6482 29.9702 29.3117 28.6629 27.9931 27.3 26.6164 26.008 25.416 24.8392 24.2843 23.7383 23.2806 22.8804 22.5233 22.3632 22.2114 22.18 22.1658 22.4062 22.7114 23.2057 23.8403 24.6149 25.2991 26.6483 28.0069 29.1698 31.2794 33.3742 33.556 33.2632 32.9771 32.6979 32.4252 32.1592 31.8996 31.6465 31.3997 31.1592 30.9249 30.6967 30.4746 30.2585 30.0484 29.8441 29.6456 29.4529 29.2658 
93.8489 92.476 91.1273 89.8025 88.5009 87.2221 85.9656 84.7311 83.518 82.326 81.1547 80.0036 78.8725 77.7608 76.6683 75.5946 74.5393 73.5022 72.4829 71.4811 70.4964 69.5286 68.5774 67.6426 66.7237 65.8206 64.933 64.0606 62.7444 59.8003 57.4193 55.0892 52.8236 50.9585 49.3373 47.5815 46.0299 44.6052 43.2751 41.9888 40.9157 39.8733 38.9316 38.0094 37.138 36.3546 35.5826 34.8356 34.1125 33.4003 32.6659 31.9282 31.201 30.5154 29.8494 29.1933 28.5163 27.816 27.1254 26.51 25.9111 25.3275 24.7659 24.2133 23.7491 23.3425 22.979 22.8127 22.6547 22.6172 22.5969 22.8313 23.1307 23.6191 24.2477 25.0169 25.6955 27.0391 28.3924 29.5498 31.6541 33.7436 33.9201 33.6221 33.331 33.0467 32.7691 32.4981 32.2336 31.9757 31.7241 31.4789 31.24 31.0072 30.7806 30.56 30.3454 30.1367 29.9339 29.7368 29.5455 
95.0414 93.6493 92.282 90.9389 89.6194 88.3232 87.0497 85.7984 84.569 83.361 82.1739 81.0075 79.8612 78.7348 77.6278 76.5399 75.4707 74.4199 73.3871 72.3721 71.3745 70.394 69.4304 68.4832 67.5523 66.6374 65.7381 64.8543 63.5268 60.5717 58.1798 55.8391 53.5629 51.6875 50.0561 48.2903 46.7289 45.2944 43.9547 42.659 41.5767 40.5252 39.5745 38.6435 37.7633 36.9714 36.1909 35.4356 34.7043 33.984 33.2416 32.4961 31.7611 31.0679 30.3943 29.7308 29.0464 28.3389 27.6411 27.0187 26.4128 25.8224 25.2541 24.6947 24.224 23.8108 23.4409 23.2683 23.104 23.0603 23.0339 23.2623 23.5558 24.0383 24.6611 25.4246 26.0975 27.4355 28.7832 29.9352 32.0341 34.1183 34.2895 33.9863 33.6901 33.4007 33.118 32.842 32.5727 32.3099 32.0536 31.8036 31.56 31.3226 31.0914 30.8663 30.6472 30.4341 30.2269 30.0255 29.8299 
96.2542 94.8422 93.4555 92.0935 90.7557 89.4414 88.1503 86.8819 85.6357 84.4113 83.2082 82.026 80.8643 79.7228 78.601 77.4986 76.4152 75.3504 74.304 73.2755 72.2648 71.2713 70.295 69.3354 68.3922 67.4653 66.5542 65.6588 64.3199 61.3535 58.9505 56.599 54.3122 52.4262 50.7845 49.0086 47.4371 45.9928 44.6435 43.3382 42.2465 41.1858 40.226 39.286 38.397 37.5964 36.8073 36.0436 35.304 34.5754 33.825 33.0715 32.3286 31.6277 30.9465 30.2754 29.5836 28.8688 28.1638 27.5342 26.9214 26.324 25.7488 25.1828 24.7053 24.2856 23.9092 23.7301 23.5596 23.5096 23.4771 23.6994 23.9868 24.4634 25.0804 25.8381 26.5053 27.8377 29.1797 30.3262 32.4196 34.4985 34.6644 34.356 34.0545 33.76 33.4723 33.1913 32.917 32.6494 32.3882 32.1335 31.8852 31.6431 31.4073 31.1777 30.9542 30.7367 30.5252 30.3197 30.12 
107.076 105.536 94.6529 93.2704 91.9128 90.5796 89.2701 87.9837 86.7201 85.4786 84.2589 83.0605 81.883 80.7259 79.5889 78.4717 77.3737 76.2947 75.2342 74.1921 73.1679 72.1613 71.1719 70.1996 69.244 68.3048 67.3817 66.4744 65.1239 62.1461 59.7319 57.3694 55.0717 53.1751 51.5229 49.7366 48.155 46.701 45.3416 44.0267 42.9254 41.8553 40.8863 39.9372 39.0393 38.2298 37.4321 36.6598 35.9118 35.1749 34.4163 33.6547 32.9039 32.1951 31.5062 30.8275 30.1282 29.406 28.6937 28.0569 27.437 26.8326 26.2505 25.6776 25.1934 24.767 24.3841 24.1985 24.0216 23.9653 23.9266 24.1427 24.4241 24.8947 25.5058 26.2576 26.919 28.2457 29.5822 30.7231 32.8111 34.8845 35.0451 34.7314 34.4248 34.1251 33.8323 33.5464 33.2672 32.9946 32.7287 32.4693 32.2164 31.9699 31.7298 31.4961 31.2689 31.0549 30.9031 40.9252 40.759 
1e+10 1e+10 1e+10 1e+10 1e+10 1e+10 100.162 98.7257 97.3539 96.0245 85.3306 84.1148 82.9204 81.747 80.5941 79.4613 78.3482 77.2544 76.1795 75.1232 74.0851 73.065 72.0624 71.077 70.1086 69.1569 68.2215 67.3021 65.9398 62.9503 60.5247 58.1509 55.8422 53.9347 52.2718 50.4751 48.8832 47.4187 46.0496 44.7248 43.6139 42.5343 41.5559 40.5976 39.6906 38.8722 38.0656 37.2847 36.5281 35.7828 35.0159 34.2462 33.4873 32.7706 32.0738 31.3875 30.6806 29.9509 29.2311 28.5871 27.9599 27.3485 26.7594 26.1796 25.6886 25.2555 24.866 24.6739 24.4905 24.4279 24.3828 24.5928 24.8681 25.3327 25.9378 26.6838 27.3394 28.6604 29.9912 31.1266 33.2092 35.2772 35.4325 35.1136 34.8019 34.4973 34.1997 33.9092 33.6257 33.3502 33.101 42.9067 42.6832 42.4689 42.267 1e+10 1e+10 1e+10 1e+10 1e+10 1e+10 
1e+10 1e+10 1e+10 1e+10 1e+10 1e+10 1e+10 1e+10 1e+10 1e+10 1e+10 1e+10 1e+10 1e+10 91.4682 90.1624 88.9481 87.7757 86.6351 85.522 75.0208 73.9862 72.9695 71.9705 70.9887 70.0239 69.0757 68.1439 66.7693 63.7678 61.3304 58.9451 56.6251 54.7064 53.0326 51.2251 49.6227 48.1479 46.7685 45.4338 44.313 43.2237 42.2358 41.2681 40.3518 39.5243 38.7088 37.9192 37.1538 36.4 35.6247 34.8467 34.0796 33.3549 32.6502 31.956 31.2414 30.5042 29.777 29.1256 28.4912 27.8725 27.2764 26.6897 26.1918 25.752 25.3558 25.1572 24.9674 24.8984 24.8471 25.0509 25.3201 25.7788 26.3781 27.1184 27.7685 29.0842 30.41 31.5409 33.6218 45.5585 45.7376 45.4443 45.1608 44.8892 44.641 1e+10 1e+10 1e+10 1e+10 1e+10 1e+10 1e+10 1e+10 1e+10 1e+10 1e+10 1e+10 1e+10 1e+10 
1e+10 1e+10 1e+10 1e+10 1e+10 1e+10 1e+10 1e+10 1e+10 1e+10 1e+10 1e+10 1e+10 1e+10 1e+10 1e+10 1e+10 1e+10 1e+10 1e+10 1e+10 1e+10 1e+10 1e+10 1e+10 1e+10 79.6993 78.6744 77.2354 74.1824 71.7014 69.2782 66.9249 64.9766 63.2763 51.9914 50.3778 48.8921 47.5021 46.1569 45.0259 43.9266 42.9289 41.9515 41.0258 40.189 39.3643 38.5656 37.7915 37.029 36.2451 35.4587 34.6834 33.9506 33.2379 32.5359 31.8136 31.0687 30.3341 29.6754 29.0339 28.4083 27.8054 27.2121 26.708 26.2624 35.5135 35.3282 35.1528 35.0996 35.0657 35.2888 35.58 36.065 36.701 1e+10 1e+10 1e+10 1e+10 1e+10 1e+10 1e+10 1e+10 1e+10 1e+10 1e+10 1e+10 1e+10 1e+10 1e+10 1e+10 1e+10 1e+10 1e+10 1e+10 1e+10 1e+10 1e+10 1e+10 1e+10 1e+10 
1e+10 1e+10 1e+10 1e+10 1e+10 1e+10 1e+10 1e+10 1e+10 1e+10 1e+10 1e+10 1e+10 1e+10 1e+10 1e+10 1e+10 1e+10 1e+10 1e+10 1e+10 1e+10 1e+10 1e+10 1e+10 1e+10 1e+10 1e+10 1e+10 1e+10 1e+10 1e+10 1e+10 1e+10 1e+10 1e+10 1e+10 1e+10 1e+10 1e+10 1e+10 1e+10 1e+10 1e+10 1e+10 1e+10 1e+10 1e+10 1e+10 1e+10 1e+10 1e+10 1e+10 1e+10 1e+10 1e+10 1e+10 1e+10 1e+10 1e+10 1e+10 1e+10 1e+10 1e+10 1e+10 1e+10 1e+10 1e+10 1e+10 1e+10 1e+10 1e+10 1e+10 1e+10 1e+10 1e+10 1e+10 1e+10 1e+10 1e+10 1e+10 1e+10 1e+10 1e+10 1e+10 1e+10 1e+10 1e+10 1e+10 1e+10 1e+10 1e+10 1e+10 1e+10 1e+10 1e+10 1e+10 1e+10 1e+10 1e+10 1e+10 
1e+10 1e+10 1e+10 1e+10 1e+10 1e+10 1e+10 1e+10 1e+10 1e+10 1e+10 1e+10 1e+10 1e+10 1e+10 1e+10 1e+10 1e+10 1e+10 1e+10 1e+10 1e+10 1e+10 1e+10 1e+10 1e+10 1e+10 1e+10 1e+10 1e+10 1e+10 1e+10 1e+10 1e+10 1e+10 1e+10 1e+10 1e+10 1e+10 1e+10 1e+10 1e+10 1e+10 1e+10 1e+10 1e+10 1e+10 1e+10 1e+10 1e+10 1e+10 1e+10 1e+10 1e+10 1e+10 1e+10 1e+10 1e+10 1e+10 1e+10 1e+10 1e+10 1e+10 1e+10 1e+10 1e+10 1e+10 1e+10 1e+10 1e+10 1e+10 1e+10 1e+10 1e+10 1e+10 1e+10 1e+10 1e+10 1e+10 1e+10 1e+10 1e+10 1e+10 1e+10 1e+10 1e+10 1e+10 1e+10 1e+10 1e+10 1e+10 1e+10 1e+10 1e+10 1e+10 1e+10 1e+10 1e+10 1e+10 1e+10 1e+10 
1e+10 1e+10 1e+10 1e+10 1e+10 1e+10 1e+10 1e+10 1e+10 1e+10 1e+10 1e+10 1e+10 1e+10 1e+10 1e+10 1e+10 1e+10 1e+10 1e+10 1e+10 1e+10 1e+10 1e+10 1e+10 1e+10 1e+10 1e+10 1e+10 1e+10 1e+10 1e+10 1e+10 1e+10 1e+10 1e+10 1e+10 1e+10 1e+10 1e+10 1e+10 1e+10 1e+10 1e+10 1e+10 1e+10 1e+10 1e+10 1e+10 1e+10 1e+10 1e+10 1e+10 1e+10 1e+10 1e+10 1e+10 1e+10 1e+10 1e+10 1e+10 1e+10 1e+10 1e+10 1e+10 1e+10 1e+10 1e+10 1e+10 1e+10 1e+10 1e+10 1e+10 1e+10 1e+10 1e+10 1e+10 1e+10 1e+10 1e+10 1e+10 1e+10 1e+10 1e+10 1e+10 1e+10 1e+10 1e+10 1e+10 1e+10 1e+10 1e+10 1e+10 1e+10 1e+10 1e+10 1e+10 1e+10 1e+10 1e+10 1e+10 
1e+10 1e+10 1e+10 1e+10 1e+10 1e+10 1e+10 1e+10 1e+10 1e+10 1e+10 1e+10 1e+10 1e+10 1e+10 1e+10 1e+10 1e+10 1e+10 1e+10 1e+10 1e+10 1e+10 1e+10 1e+10 1e+10 1e+10 1e+10 1e+10 1e+10 1e+10 1e+10 1e+10 1e+10 1e+10 1e+10 1e+10 1e+10 1e+10 1e+10 1e+10 1e+10 1e+10 1e+10 1e+10 1e+10 1e+10 1e+10 1e+10 1e+10 1e+10 1e+10 1e+10 1e+10 1e+10 1e+10 1e+10 1e+10 1e+10 1e+10 1e+10 1e+10 1e+10 1e+10 1e+10 1e+10 1e+10 1e+10 1e+10 1e+10 1e+10 1e+10 1e+10 1e+10 1e+10 1e+10 1e+10 1e+10 1e+10 1e+10 1e+10 1e+10 1e+10 1e+10 1e+10 1e+10 1e+10 1e+10 1e+10 1e+10 1e+10 1e+10 1e+10 1e+10 1e+10 1e+10 1e+10 1e+10 1e+10 1e+10 1e+10 
1e+10 1e+10 1e+10 1e+10 1e+10 1e+10 1e+10 1e+10 1e+10 1e+10 1e+10 1e+10 1e+10 1e+10 1e+10 1e+10 1e+10 1e+10 1e+10 1e+10 1e+10 1e+10 1e+10 1e+10 1e+10 1e+10 1e+10 1e+10 1e+10 1e+10 1e+10 1e+10 1e+10 1e+10 1e+10 1e+10 1e+10 1e+10 1e+10 1e+10 1e+10 1e+10 1e+10 1e+10 1e+10 1e+10 1e+10 1e+10 1e+10 1e+10 1e+10 1e+10 1e+10 1e+10 1e+10 1e+10 1e+10 1e+10 1e+10 1e+10 1e+10 1e+10 1e+10 1e+10 1e+10 1e+10 1e+10 1e+10 1e+10 1e+10 1e+10 1e+10 1e+10 1e+10 1e+10 1e+10 1e+10 1e+10 1e+10 1e+10 1e+10 1e+10 1e+10 1e+10 1e+10 1e+10 1e+10 1e+10 1e+10 1e+10 1e+10 1e+10 1e+10 1e+10 1e+10 1e+10 1e+10 1e+10 1e+10 1e+10 1e+10 
1e+10 1e+10 1e+10 1e+10 1e+10 1e+10 1e+10 1e+10 1e+10 1e+10 1e+10 1e+10 1e+10 1e+10 1e+10 1e+10 1e+10 1e+10 1e+10 1e+10 1e+10 1e+10 1e+10 1e+10 1e+10 1e+10 1e+10 1e+10 1e+10 1e+10 1e+10 1e+10 1e+10 1e+10 1e+10 1e+10 1e+10 1e+10 1e+10 1e+10 1e+10 1e+10 1e+10 1e+10 1e+10 1e+10 1e+10 1e+10 1e+10 1e+10 1e+10 1e+10 1e+10 1e+10 1e+10 1e+10 1e+10 1e+10 1e+10 1e+10 1e+10 1e+10 1e+10 1e+10 1e+10 1e+10 1e+10 1e+10 1e+10 1e+10 1e+10 1e+10 1e+10 1e+10 1e+10 1e+10 1e+10 1e+10 1e+10 1e+10 1e+10 1e+10 1e+10 1e+10 1e+10 1e+10 1e+10 1e+10 1e+10 1e+10 1e+10 1e+10 1e+10 1e+10 1e+10 1e+10 1e+10 1e+10 1e+10 1e+10 1e+10 
1e+10 1e+10 1e+10 1e+10 1e+10 1e+10 1e+10 1e+10 1e+10 1e+10 1e+10 1e+10 1e+10 1e+10 1e+10 1e+10 1e+10 1e+10 1e+10 1e+10 1e+10 1e+10 1e+10 1e+10 1e+10 1e+10 1e+10 1e+10 1e+10 1e+10 1e+10 1e+10 1e+10 1e+10 1e+10 1e+10 1e+10 1e+10 1e+10 1e+10 1e+10 1e+10 1e+10 1e+10 1e+10 1e+10 1e+10 1e+10 1e+10 1e+10 1e+10 1e+10 1e+10 1e+10 1e+10 1e+10 1e+10 1e+10 1e+10 1e+10 1e+10 1e+10 1e+10 1e+10 1e+10 1e+10 1e+10 1e+10 1e+10 1e+10 1e+10 1e+10 1e+10 1e+10 1e+10 1e+10 1e+10 1e+10 1e+10 1e+10 1e+10 1e+10 1e+10 1e+10 1e+10 1e+10 1e+10 1e+10 1e+10 1e+10 1e+10 1e+10 1e+10 1e+10 1e+10 1e+10 1e+10 1e+10 1e+10 1e+10 1e+10 
1e+10 1e+10 1e+10 1e+10 1e+10 1e+10 1e+10 1e+10 1e+10 1e+10 1e+10 1e+10 1e+10 1e+10 1e+10 1e+10 1e+10 1e+10 1e+10 1e+10 1e+10 1e+10 1e+10 1e+10 1e+10 1e+10 1e+10 1e+10 1e+10 1e+10 1e+10 1e+10 1e+10 1e+10 1e+10 1e+10 1e+10 1e+10 1e+10 1e+10 1e+10 1e+10 1e+10 1e+10 1e+10 1e+10 1e+10 1e+10 1e+10 1e+10 1e+10 1e+10 1e+10 1e+10 1e+10 1e+10 1e+10 1e+10 1e+10 1e+10 1e+10 1e+10 1e+10 1e+10 1e+10 1e+10 1e+10 1e+10 1e+10 1e+10 1e+10 1e+10 1e+10 1e+10 1e+10 1e+10 1e+10 1e+10 1e+10 1e+10 1e+10 1e+10 1e+10 1e+10 1e+10 1e+10 1e+10 1e+10 1e+10 1e+10 1e+10 1e+10 1e+10 1e+10 1e+10 1e+10 1e+10 1e+10 1e+10 1e+10 1e+10 
