# Please cite arXiv:2008.01110
# The chisq test statistic between a given point in parameter space and the data including pulls from Daya Bay and KamLAND and marginalization over the other four oscillation parameters and the sign of cos(delta) for a fixed MO
# The first two rows define the grid:
#   J
#   s23sq
# The remaining rows are the chisq test statistic where the first row is at the smallest value of the Jarlskog and at increasing values of s23sq. The remaining rows are increasing values of delta.
-0.04 -0.0392 -0.0384 -0.0376 -0.0368 -0.036 -0.0352 -0.0344 -0.0336 -0.0328 -0.032 -0.0312 -0.0304 -0.0296 -0.0288 -0.028 -0.0272 -0.0264 -0.0256 -0.0248 -0.024 -0.0232 -0.0224 -0.0216 -0.0208 -0.02 -0.0192 -0.0184 -0.0176 -0.0168 -0.016 -0.0152 -0.0144 -0.0136 -0.0128 -0.012 -0.0112 -0.0104 -0.0096 -0.0088 -0.008 -0.0072 -0.0064 -0.0056 -0.0048 -0.004 -0.0032 -0.0024 -0.0016 -0.0008 0 0.0008 0.0016 0.0024 0.0032 0.004 0.0048 0.0056 0.0064 0.0072 0.008 0.0088 0.0096 0.0104 0.0112 0.012 0.0128 0.0136 0.0144 0.0152 0.016 0.0168 0.0176 0.0184 0.0192 0.02 0.0208 0.0216 0.0224 0.0232 0.024 0.0248 0.0256 0.0264 0.0272 0.028 0.0288 0.0296 0.0304 0.0312 0.032 0.0328 0.0336 0.0344 0.0352 0.036 0.0368 0.0376 0.0384 0.0392 0.04 
0.3 0.304 0.308 0.312 0.316 0.32 0.324 0.328 0.332 0.336 0.34 0.344 0.348 0.352 0.356 0.36 0.364 0.368 0.372 0.376 0.38 0.384 0.388 0.392 0.396 0.4 0.404 0.408 0.412 0.416 0.42 0.424 0.428 0.432 0.436 0.44 0.444 0.448 0.452 0.456 0.46 0.464 0.468 0.472 0.476 0.48 0.484 0.488 0.492 0.496 0.5 0.504 0.508 0.512 0.516 0.52 0.524 0.528 0.532 0.536 0.54 0.544 0.548 0.552 0.556 0.56 0.564 0.568 0.572 0.576 0.58 0.584 0.588 0.592 0.596 0.6 0.604 0.608 0.612 0.616 0.62 0.624 0.628 0.632 0.636 0.64 0.644 0.648 0.652 0.656 0.66 0.664 0.668 0.672 0.676 0.68 0.684 0.688 0.692 0.696 0.7 
1e+10 1e+10 1e+10 1e+10 1e+10 1e+10 1e+10 1e+10 1e+10 1e+10 1e+10 1e+10 1e+10 1e+10 1e+10 1e+10 1e+10 1e+10 1e+10 1e+10 1e+10 1e+10 1e+10 1e+10 1e+10 1e+10 1e+10 1e+10 1e+10 1e+10 1e+10 1e+10 1e+10 1e+10 1e+10 1e+10 1e+10 1e+10 1e+10 1e+10 1e+10 1e+10 1e+10 1e+10 1e+10 1e+10 1e+10 1e+10 1e+10 1e+10 1e+10 1e+10 1e+10 1e+10 1e+10 1e+10 1e+10 1e+10 1e+10 1e+10 1e+10 1e+10 1e+10 1e+10 1e+10 1e+10 1e+10 1e+10 1e+10 1e+10 1e+10 1e+10 1e+10 1e+10 1e+10 1e+10 1e+10 1e+10 1e+10 1e+10 1e+10 1e+10 1e+10 1e+10 1e+10 1e+10 1e+10 1e+10 1e+10 1e+10 1e+10 1e+10 1e+10 1e+10 1e+10 1e+10 1e+10 1e+10 1e+10 1e+10 1e+10 
1e+10 1e+10 1e+10 1e+10 1e+10 1e+10 1e+10 1e+10 1e+10 1e+10 1e+10 1e+10 1e+10 1e+10 1e+10 1e+10 1e+10 1e+10 1e+10 1e+10 1e+10 1e+10 1e+10 1e+10 1e+10 1e+10 1e+10 1e+10 1e+10 1e+10 1e+10 1e+10 1e+10 1e+10 1e+10 1e+10 1e+10 1e+10 1e+10 1e+10 1e+10 1e+10 1e+10 1e+10 1e+10 1e+10 1e+10 1e+10 1e+10 1e+10 1e+10 1e+10 1e+10 1e+10 1e+10 1e+10 1e+10 1e+10 1e+10 1e+10 1e+10 1e+10 1e+10 1e+10 1e+10 1e+10 1e+10 1e+10 1e+10 1e+10 1e+10 1e+10 1e+10 1e+10 1e+10 1e+10 1e+10 1e+10 1e+10 1e+10 1e+10 1e+10 1e+10 1e+10 1e+10 1e+10 1e+10 1e+10 1e+10 1e+10 1e+10 1e+10 1e+10 1e+10 1e+10 1e+10 1e+10 1e+10 1e+10 1e+10 1e+10 
1e+10 1e+10 1e+10 1e+10 1e+10 1e+10 1e+10 1e+10 1e+10 1e+10 1e+10 1e+10 1e+10 1e+10 1e+10 1e+10 1e+10 1e+10 1e+10 1e+10 1e+10 1e+10 1e+10 1e+10 1e+10 1e+10 1e+10 1e+10 1e+10 1e+10 1e+10 1e+10 1e+10 1e+10 1e+10 1e+10 1e+10 1e+10 1e+10 1e+10 1e+10 1e+10 1e+10 1e+10 1e+10 1e+10 1e+10 1e+10 1e+10 1e+10 1e+10 1e+10 1e+10 1e+10 1e+10 1e+10 1e+10 1e+10 1e+10 1e+10 1e+10 1e+10 1e+10 1e+10 1e+10 1e+10 1e+10 1e+10 1e+10 1e+10 1e+10 1e+10 1e+10 1e+10 1e+10 1e+10 1e+10 1e+10 1e+10 1e+10 1e+10 1e+10 1e+10 1e+10 1e+10 1e+10 1e+10 1e+10 1e+10 1e+10 1e+10 1e+10 1e+10 1e+10 1e+10 1e+10 1e+10 1e+10 1e+10 1e+10 1e+10 
1e+10 1e+10 1e+10 1e+10 1e+10 1e+10 1e+10 1e+10 1e+10 1e+10 1e+10 1e+10 1e+10 1e+10 1e+10 1e+10 1e+10 1e+10 1e+10 1e+10 1e+10 1e+10 1e+10 1e+10 1e+10 1e+10 1e+10 1e+10 1e+10 1e+10 1e+10 1e+10 1e+10 1e+10 1e+10 1e+10 1e+10 1e+10 1e+10 1e+10 1e+10 1e+10 1e+10 1e+10 1e+10 1e+10 1e+10 1e+10 1e+10 1e+10 1e+10 1e+10 1e+10 1e+10 1e+10 1e+10 1e+10 1e+10 1e+10 1e+10 1e+10 1e+10 1e+10 1e+10 1e+10 1e+10 1e+10 1e+10 1e+10 1e+10 1e+10 1e+10 1e+10 1e+10 1e+10 1e+10 1e+10 1e+10 1e+10 1e+10 1e+10 1e+10 1e+10 1e+10 1e+10 1e+10 1e+10 1e+10 1e+10 1e+10 1e+10 1e+10 1e+10 1e+10 1e+10 1e+10 1e+10 1e+10 1e+10 1e+10 1e+10 
1e+10 1e+10 1e+10 1e+10 1e+10 1e+10 1e+10 1e+10 1e+10 1e+10 1e+10 1e+10 1e+10 1e+10 1e+10 1e+10 1e+10 1e+10 1e+10 1e+10 1e+10 1e+10 1e+10 1e+10 1e+10 1e+10 1e+10 1e+10 1e+10 1e+10 1e+10 1e+10 1e+10 1e+10 1e+10 1e+10 1e+10 1e+10 1e+10 1e+10 1e+10 1e+10 1e+10 1e+10 1e+10 1e+10 1e+10 1e+10 1e+10 1e+10 1e+10 1e+10 1e+10 1e+10 1e+10 1e+10 1e+10 1e+10 1e+10 1e+10 1e+10 1e+10 1e+10 1e+10 1e+10 1e+10 1e+10 1e+10 1e+10 1e+10 1e+10 1e+10 1e+10 1e+10 1e+10 1e+10 1e+10 1e+10 1e+10 1e+10 1e+10 1e+10 1e+10 1e+10 1e+10 1e+10 1e+10 1e+10 1e+10 1e+10 1e+10 1e+10 1e+10 1e+10 1e+10 1e+10 1e+10 1e+10 1e+10 1e+10 1e+10 
1e+10 1e+10 1e+10 1e+10 1e+10 1e+10 1e+10 1e+10 1e+10 1e+10 1e+10 1e+10 1e+10 1e+10 1e+10 1e+10 1e+10 1e+10 1e+10 1e+10 1e+10 1e+10 1e+10 1e+10 1e+10 1e+10 1e+10 1e+10 1e+10 1e+10 1e+10 1e+10 1e+10 1e+10 1e+10 1e+10 1e+10 1e+10 1e+10 1e+10 1e+10 1e+10 1e+10 1e+10 1e+10 1e+10 1e+10 1e+10 1e+10 1e+10 1e+10 1e+10 1e+10 1e+10 1e+10 1e+10 1e+10 1e+10 1e+10 1e+10 1e+10 1e+10 1e+10 1e+10 1e+10 1e+10 1e+10 1e+10 1e+10 1e+10 1e+10 1e+10 1e+10 1e+10 1e+10 1e+10 1e+10 1e+10 1e+10 1e+10 1e+10 1e+10 1e+10 1e+10 1e+10 1e+10 1e+10 1e+10 1e+10 1e+10 1e+10 1e+10 1e+10 1e+10 1e+10 1e+10 1e+10 1e+10 1e+10 1e+10 1e+10 
1e+10 1e+10 1e+10 1e+10 1e+10 1e+10 1e+10 1e+10 1e+10 1e+10 1e+10 1e+10 1e+10 1e+10 1e+10 1e+10 1e+10 1e+10 1e+10 1e+10 1e+10 1e+10 1e+10 1e+10 1e+10 1e+10 1e+10 1e+10 1e+10 1e+10 1e+10 1e+10 1e+10 1e+10 1e+10 1e+10 1e+10 1e+10 1e+10 1e+10 1e+10 1e+10 1e+10 1e+10 1e+10 1e+10 1e+10 1e+10 1e+10 1e+10 1e+10 1e+10 1e+10 1e+10 1e+10 1e+10 1e+10 1e+10 1e+10 1e+10 1e+10 1e+10 1e+10 1e+10 1e+10 1e+10 1e+10 1e+10 1e+10 1e+10 1e+10 1e+10 1e+10 1e+10 1e+10 1e+10 1e+10 1e+10 1e+10 1e+10 1e+10 1e+10 1e+10 1e+10 1e+10 1e+10 1e+10 1e+10 1e+10 1e+10 1e+10 1e+10 1e+10 1e+10 1e+10 1e+10 1e+10 1e+10 1e+10 1e+10 1e+10 
1e+10 1e+10 1e+10 1e+10 1e+10 1e+10 1e+10 1e+10 1e+10 1e+10 1e+10 1e+10 1e+10 1e+10 1e+10 1e+10 1e+10 1e+10 1e+10 1e+10 1e+10 1e+10 1e+10 1e+10 1e+10 1e+10 1e+10 1e+10 1e+10 1e+10 1e+10 1e+10 1e+10 1e+10 1e+10 1e+10 1e+10 1e+10 1e+10 1e+10 1e+10 1e+10 1e+10 1e+10 1e+10 1e+10 1e+10 1e+10 1e+10 1e+10 1e+10 1e+10 1e+10 1e+10 1e+10 1e+10 1e+10 1e+10 1e+10 1e+10 1e+10 1e+10 1e+10 1e+10 1e+10 1e+10 1e+10 1e+10 1e+10 1e+10 1e+10 1e+10 1e+10 1e+10 1e+10 1e+10 1e+10 1e+10 1e+10 1e+10 1e+10 1e+10 1e+10 1e+10 1e+10 1e+10 1e+10 1e+10 1e+10 1e+10 1e+10 1e+10 1e+10 1e+10 1e+10 1e+10 1e+10 1e+10 1e+10 1e+10 1e+10 
1e+10 1e+10 1e+10 1e+10 1e+10 1e+10 1e+10 1e+10 1e+10 1e+10 1e+10 1e+10 1e+10 1e+10 1e+10 1e+10 1e+10 1e+10 1e+10 1e+10 1e+10 1e+10 1e+10 1e+10 1e+10 1e+10 34.8763 31.9519 29.5662 27.0195 24.7893 22.866 20.9085 19.3833 18.3786 14.6861 13.491 12.6069 11.8787 11.2997 10.8057 10.4354 10.0903 9.81428 9.55699 9.39972 9.29679 9.21188 9.18718 9.17254 9.17322 9.18456 9.20433 9.1546 9.10886 9.06952 9.03729 9.02028 9.03915 9.07296 9.12974 9.21068 9.32327 9.54432 9.79421 10.1264 13.5812 14.1121 14.7084 15.3519 16.1256 17.0447 18.106 19.4022 20.9796 1e+10 1e+10 1e+10 1e+10 1e+10 1e+10 1e+10 1e+10 1e+10 1e+10 1e+10 1e+10 1e+10 1e+10 1e+10 1e+10 1e+10 1e+10 1e+10 1e+10 1e+10 1e+10 1e+10 1e+10 1e+10 1e+10 
1e+10 1e+10 1e+10 1e+10 1e+10 1e+10 1e+10 1e+10 1e+10 1e+10 1e+10 1e+10 1e+10 1e+10 53.7177 51.3629 49.2094 47.229 45.4091 43.7399 40.049 38.5809 37.2513 36.0498 34.9659 33.9894 32.3279 29.3789 26.9621 24.3813 22.1144 20.1523 18.1541 16.5864 15.5373 14.2671 13.109 12.2465 11.5343 10.9664 10.4789 10.1113 9.76525 9.48499 9.22037 9.05281 8.93672 8.83575 8.79201 8.75522 8.73043 8.71268 8.69941 8.61228 8.52435 8.43754 8.35198 8.27511 8.22679 8.18531 8.15789 8.14484 8.15274 8.25751 8.37863 8.56885 8.78905 9.24795 9.77638 10.3583 11.0787 11.9547 12.9839 14.2582 15.8158 17.3895 19.4004 21.6431 24.3601 26.9379 29.7717 36.8519 40.2566 43.5556 44.8683 46.3062 47.9093 1e+10 1e+10 1e+10 1e+10 1e+10 1e+10 1e+10 1e+10 1e+10 1e+10 1e+10 1e+10 1e+10 1e+10 
1e+10 1e+10 1e+10 1e+10 1e+10 1e+10 79.4718 75.3974 71.5942 68.0405 62.727 59.5775 56.6555 53.9435 51.4279 49.0969 46.9404 44.949 43.1135 41.4255 39.8767 38.4592 37.1653 35.9875 34.9188 33.9523 32.2973 29.3529 26.9394 24.3608 22.0955 20.1345 18.1369 16.5694 15.5204 14.2501 13.093 12.2209 11.4993 10.9221 10.4257 10.0491 9.69425 9.40529 9.13204 8.95592 8.83131 8.72184 8.6696 8.6243 8.59096 8.5646 8.54264 8.44671 8.34982 8.25388 8.15896 8.07246 8.01425 7.96244 7.92414 7.89951 7.89493 7.98609 8.09206 8.26503 8.46504 8.89954 9.39752 9.94067 10.6116 11.4249 12.3761 13.555 14.9977 16.435 18.2861 20.3438 22.849 25.1872 27.7535 30.875 34.2418 37.526 38.85 40.3238 41.9591 43.7675 45.7612 47.9527 50.3551 56.8795 59.2844 61.8749 64.6739 1e+10 1e+10 1e+10 1e+10 1e+10 1e+10 
109.479 103.68 96.3083 91.1067 86.2215 81.631 77.3189 73.2719 69.4775 65.9243 62.6015 59.4984 56.605 53.9114 51.4081 49.0858 46.9355 44.9484 43.116 41.4301 39.8827 38.4658 37.1721 35.9942 34.925 33.9576 32.3017 29.356 26.9412 24.3611 22.0942 20.1315 18.1322 16.5629 15.512 14.2398 13.0833 12.2052 11.4754 10.8902 10.3859 10.0015 9.639 9.34242 9.06164 8.87805 8.74604 8.62922 8.56969 8.51713 8.47656 8.44301 8.41387 8.31077 8.20672 8.1036 8.00149 7.90777 7.84232 7.78329 7.7377 7.70568 7.69362 7.77715 7.87534 8.04033 8.23216 8.65821 9.14745 9.68147 10.3429 11.146 12.0865 13.2538 14.684 16.1074 17.9428 19.9824 22.466 24.7775 27.3088 30.3819 33.6807 36.871 38.0701 39.3838 40.8201 42.3877 44.0965 45.9583 47.9887 50.2076 52.6358 55.2919 58.1927 61.3541 64.7925 68.5245 72.5674 80.8041 84.8688 
107.429 101.652 96.1959 91.0475 86.1944 81.6247 77.3271 73.2902 69.5031 65.9551 62.6359 59.5353 56.6434 53.9506 51.4475 49.1248 46.9738 44.9857 43.152 41.4646 39.9154 38.4967 37.2009 36.0208 34.9493 33.9796 32.3213 29.3731 26.9557 24.3731 22.1036 20.1382 18.1363 16.5644 15.5108 14.2359 13.0768 12.1979 11.4606 10.8679 10.3562 9.96453 9.59475 9.29104 9.00319 8.8126 8.67366 8.54997 8.48363 8.42432 8.37704 8.33683 8.30107 8.19138 8.08077 7.97112 7.86249 7.76228 7.69034 7.62485 7.57286 7.53444 7.51595 7.59301 7.6847 7.84314 8.02835 8.44771 8.93016 9.45731 10.1117 10.9078 11.8409 13.0008 14.4233 15.8387 17.6659 19.697 22.1716 24.4736 26.9948 30.0572 33.3444 36.522 37.7069 39.0044 40.422 41.9671 43.6475 45.4714 47.447 49.583 51.8885 54.373 57.0467 59.9206 63.0076 66.3241 69.8933 73.7451 77.908 
107.476 101.709 96.2597 91.1159 86.266 81.6985 77.4019 73.3654 69.578 66.0294 62.709 59.6069 56.7133 54.0185 51.5131 49.1882 47.0346 45.0438 43.2074 41.5171 39.965 38.5432 37.2444 36.0613 34.9866 34.0138 32.3523 29.401 26.9804 24.3946 22.1219 20.1534 18.1483 16.5732 15.5166 14.2386 13.0764 12.1988 11.4542 10.8543 10.3354 9.93673 9.56 9.2494 8.95475 8.75743 8.61182 8.48153 8.40866 8.34286 8.28916 8.24257 8.20048 8.08451 7.96765 7.8518 7.73701 7.63066 7.55261 7.48102 7.423 7.37863 7.35418 7.42529 7.51102 7.6635 7.84272 8.25608 8.73249 9.25357 9.90185 10.6917 11.6187 12.7722 14.1884 15.5973 17.418 19.4423 21.9101 24.2051 26.7191 29.7741 33.0536 36.2233 37.3999 38.6888 40.0972 41.6326 43.3027 45.1153 47.0787 49.2012 51.4914 53.9583 56.611 59.4588 62.5116 65.7793 69.2723 73.0014 76.9779 
107.589 101.823 96.3729 91.2283 86.3772 81.8079 77.5094 73.4706 69.6807 66.1293 62.806 59.7009 56.8041 54.106 51.5974 49.2689 47.1119 45.1176 43.2776 41.5837 40.028 38.6026 37.3001 36.1133 35.035 34.0585 32.3934 29.4384 27.0143 24.4248 22.1486 20.1765 18.1678 16.5893 15.5292 14.2477 13.0821 12.2076 11.4558 10.8489 10.3231 9.91752 9.534 9.21669 8.9154 8.71152 8.55941 8.42269 8.34344 8.27133 8.21137 8.15858 8.11035 7.98828 7.86538 7.74352 7.62276 7.51048 7.42654 7.3491 7.28525 7.23513 7.20501 7.27046 7.35053 7.49736 7.67094 8.07866 8.54943 9.06485 9.70746 10.4917 11.4129 12.5607 13.9711 15.3742 17.189 19.2075 21.6693 23.9582 26.4661 29.5148 32.788 35.9512 37.1212 38.4033 39.8048 41.333 42.9957 44.8006 46.756 48.8702 51.1516 53.6091 56.2518 59.089 62.1301 65.3849 68.8635 72.576 76.5331 
107.738 101.969 96.5163 91.3688 86.5145 81.9419 77.6399 73.5974 69.8038 66.2486 62.9215 59.8124 56.9116 54.2095 51.6967 49.3642 47.2031 45.2047 43.3606 41.6625 40.1027 38.6732 37.3667 36.1758 35.0934 34.1129 32.4438 29.4848 27.0567 24.4634 22.1832 20.2073 18.1948 16.6124 15.5486 14.2634 13.0941 12.2242 11.4654 10.8516 10.3189 9.90657 9.51637 9.19245 8.88463 8.67429 8.51578 8.37274 8.28723 8.20892 8.14282 8.08395 8.02969 7.90164 7.77281 7.64507 7.51848 7.40042 7.31073 7.22758 7.15806 7.1023 7.06664 7.12661 7.20122 7.3426 7.51076 7.91305 8.37842 8.88844 9.52565 10.3045 11.2203 12.3627 13.7676 15.1653 16.9747 18.9876 21.4439 23.7272 26.2296 29.2727 32.5401 35.6975 36.8617 38.1379 39.5333 41.0554 42.7118 44.5104 46.4593 48.5667 50.8413 53.2917 55.9271 58.7566 61.7897 65.0362 68.5059 72.2091 76.1561 
107.912 102.139 96.6827 91.531 86.6724 82.0955 77.7891 73.7422 69.9441 66.3843 63.0526 59.939 57.0336 54.3269 51.8096 49.4725 47.3068 45.3038 43.4551 41.7526 40.1883 38.7544 37.4434 36.2481 35.1614 34.1765 32.503 29.5398 27.1075 24.51 22.2257 20.2456 18.229 16.6426 15.5748 14.2856 13.1124 12.2444 11.4828 10.8621 10.3227 9.90364 9.50683 9.1764 8.8621 8.64537 8.48055 8.33125 8.23955 8.15512 8.08296 8.01808 7.95787 7.82393 7.68926 7.55573 7.42339 7.29963 7.20429 7.11552 7.04043 6.97914 6.938 6.9926 7.06188 7.19795 7.36082 7.75784 8.21795 8.72273 9.35472 10.1283 11.0389 12.1761 13.5758 14.9683 16.7725 18.7802 21.2312 23.5093 26.0064 29.0442 32.3063 35.4584 36.6171 37.8879 39.2778 40.7943 42.445 44.2379 46.181 48.2825 50.5511 52.9954 55.6246 58.4477 61.4743 64.714 68.1768 71.8728 75.8123 
108.107 102.33 96.8683 91.7116 86.848 82.2661 77.9546 73.9026 70.0995 66.5346 63.1979 60.0792 57.1688 54.4571 51.9348 49.5927 47.4221 45.4142 43.561 41.8533 40.2841 38.8455 37.5298 36.3298 35.2384 34.2489 32.571 29.6032 27.1664 24.5645 22.2758 20.2914 18.2705 16.6799 15.6078 14.3145 13.1372 12.2651 11.5079 10.8804 10.3343 9.90861 9.50524 9.1683 8.84761 8.62454 8.45345 8.29794 8.20011 8.1096 8.03143 7.96059 7.89448 7.7547 7.61425 7.47498 7.33697 7.20757 7.10663 7.01233 6.93173 6.86498 6.81842 6.86767 6.9317 7.06256 7.22024 7.61209 8.06706 8.56672 9.19359 9.96209 10.8676 11.9998 13.3944 14.7819 16.5809 18.5836 21.0296 23.3027 25.7946 28.8274 32.0844 35.2314 36.385 37.6506 39.0353 40.5465 42.192 43.9795 45.9172 48.0133 50.2764 52.7152 55.3387 58.1562 61.1769 64.4108 67.8675 71.5573 75.4905 
108.321 102.538 97.071 91.9088 87.0396 82.4521 78.1351 74.0776 70.2689 66.6986 63.3563 60.2322 57.3164 54.5993 52.0716 49.7243 47.5484 45.5353 43.6767 41.9642 40.3899 38.9462 37.6256 36.4206 35.3244 34.3301 32.6473 29.6749 27.2334 24.6268 22.3335 20.3446 18.3192 16.7242 15.6477 14.3501 13.1685 12.2922 11.5407 10.9065 10.3536 9.92137 9.51147 9.16808 8.841 8.61162 8.43428 8.27261 8.16866 8.07211 7.98796 7.91121 7.83923 7.69365 7.54744 7.40249 7.25882 7.12383 7.01735 6.91755 6.8315 6.75934 6.70741 6.75133 6.81014 6.93585 7.0884 7.47517 7.92506 8.41968 9.04153 9.80503 10.7055 11.8327 13.2224 14.6049 16.3991 18.3968 20.8379 23.1061 25.5931 28.6209 31.8731 35.0151 36.1638 37.4244 38.8041 40.3103 41.9508 43.7332 45.6658 47.7568 50.0147 52.4483 55.0665 57.8787 60.8941 64.1225 67.5737 71.2579 75.1855 
108.552 102.763 97.2896 92.1213 87.2461 82.6525 78.3295 74.2661 70.4515 66.8753 63.5273 60.3974 57.4758 54.7531 52.2198 49.8669 47.6855 45.6669 43.8028 42.085 40.5054 39.0565 37.7306 36.5205 35.4192 34.4198 32.7321 29.7547 27.3083 24.6969 22.3988 20.4052 18.3752 16.7755 15.6945 14.3924 13.2063 12.3256 11.5813 10.9402 10.3807 9.94186 9.52544 9.17561 8.84217 8.60649 8.42293 8.2551 8.1457 8.04249 7.95237 7.86972 7.79191 7.64054 7.48861 7.33798 7.1887 7.04814 6.93615 6.83087 6.73941 6.66187 6.60461 6.64323 6.6968 6.81739 6.96487 7.34659 7.79148 8.2811 8.89799 9.65655 10.5522 11.6745 13.0593 14.4369 16.2262 18.2191 20.6554 22.9187 25.401 28.424 31.6713 34.8085 35.9524 37.2083 38.5831 40.0845 41.72 43.4976 45.4252 47.5113 49.7642 52.1929 54.8061 57.6132 60.6235 63.8468 67.2928 70.9718 74.8941 
108.799 103.002 97.523 92.3482 87.4666 82.8667 78.5373 74.4676 70.6468 67.0644 63.7102 60.5743 57.6467 54.918 52.3788 50.0201 47.8329 45.8086 43.9389 42.2154 40.6304 39.1759 37.8447 36.6292 35.5226 34.518 32.8251 29.8426 27.3912 24.7748 22.4718 20.4733 18.4384 16.834 15.7482 14.4415 13.2508 12.3655 11.6293 10.9817 10.4155 9.97004 9.54711 9.19084 8.85103 8.60906 8.41928 8.2453 8.12918 8.02059 7.92452 7.83598 7.75234 7.5952 7.43756 7.28127 7.12639 6.98028 6.86279 6.75206 6.6552 6.5723 6.50973 6.54309 6.59143 6.70686 6.84931 7.22602 7.66593 8.15061 8.76259 9.51626 10.407 11.5245 12.9044 14.2773 16.0618 18.05 20.4815 22.74 25.2176 28.2359 31.4785 34.611 35.7502 37.0013 38.3715 39.8681 41.4988 43.2716 45.1945 47.2758 49.5239 51.9477 54.5561 57.3583 60.3638 63.5821 67.0232 70.6972 74.6145 
109.06 103.257 97.7707 92.5891 87.7007 83.094 78.758 74.6817 70.8543 67.2655 63.9049 60.7626 57.8288 55.0939 52.5486 50.1838 47.9906 45.9604 44.0848 42.3555 40.7647 39.3046 37.9677 36.7468 35.6347 34.6247 32.9264 29.9386 27.482 24.8604 22.5523 20.5487 18.5089 16.8995 15.809 14.4974 13.302 12.412 11.6729 11.0307 10.4579 10.0059 9.57643 9.21372 8.86754 8.61928 8.42328 8.24314 8.12094 8.00633 7.90431 7.80988 7.72041 7.55751 7.39415 7.23221 7.07173 6.92008 6.7971 6.68093 6.57867 6.49044 6.42257 6.45068 6.49381 6.60407 6.74145 7.11319 7.54815 8.02792 8.635 9.38381 10.2697 11.3824 12.7576 14.1257 15.9055 17.8889 20.3157 22.5696 25.0424 28.0561 31.294 34.4219 35.5565 36.8029 38.1685 39.6605 41.2866 43.0547 44.9729 47.0494 49.2929 51.712 54.3156 57.1131 60.1138 63.3274 66.7638 70.433 74.3453 
109.336 103.526 98.0321 92.8434 87.9479 83.3342 78.9912 74.908 71.0739 67.4783 64.1111 60.9622 58.0219 55.2805 52.7289 50.3578 48.1584 46.122 44.2403 42.5051 40.9084 39.4424 38.0997 36.873 35.7553 34.7397 33.0359 30.0427 27.5807 24.9537 22.6404 20.6317 18.5867 16.9723 15.8767 14.5602 13.3599 12.4651 11.7212 11.0871 10.5079 10.0494 9.61337 9.24421 8.89165 8.63709 8.43486 8.24856 8.12027 7.99964 7.89166 7.79133 7.69603 7.52735 7.35828 7.19069 7.02461 6.86742 6.73894 6.61734 6.50969 6.41611 6.34295 6.36582 6.40375 6.50885 6.64112 7.00788 7.43791 7.91278 8.515 9.25898 10.1401 11.2479 12.6184 13.9818 15.7568 17.7356 20.1577 22.407 24.8752 27.8842 31.1176 34.2408 35.3708 36.6128 37.9737 39.4612 41.0827 42.8462 44.7597 46.8317 49.0705 51.485 54.084 56.8769 59.873 63.082 66.5136 70.1781 74.0858 
109.626 103.808 98.3071 93.1108 88.2079 83.587 79.2368 75.1464 71.3052 67.7027 64.3286 61.1729 58.2258 55.4778 52.9196 50.542 48.3362 46.2935 44.4055 42.6641 41.0613 39.5893 38.2406 37.008 35.8845 34.8631 33.1537 30.1548 27.6873 25.0549 22.7361 20.7221 18.6719 17.0522 15.9515 14.6299 13.4246 12.5248 11.7761 11.1511 10.5653 10.1004 9.65792 9.28229 8.92334 8.66246 8.45398 8.26151 8.12711 8.00044 7.88649 7.78026 7.67911 7.50466 7.32987 7.15661 6.98493 6.82218 6.68821 6.56117 6.44813 6.34921 6.27076 6.28837 6.3211 6.42105 6.54821 6.90992 7.33503 7.80502 8.40239 9.14154 10.0179 11.121 12.4867 13.8453 15.6157 17.5898 20.0073 22.2519 24.7156 27.72 30.9488 34.0675 35.193 36.4304 37.7869 39.2698 40.8868 42.6457 44.5547 46.6221 48.8564 51.2663 53.8608 56.6491 59.6406 62.845 66.2721 69.9321 73.8351 
109.93 104.104 98.5952 93.3912 88.4806 83.8521 79.4944 75.3967 71.5482 67.9384 64.5572 61.3945 58.4405 55.6856 53.1206 50.7363 48.5239 46.4747 44.5803 42.8325 41.2234 39.7452 38.3904 37.1517 36.0222 34.995 33.2797 30.2751 27.8018 25.1638 22.8395 20.82 18.7644 17.1394 16.0334 14.7066 13.4961 12.5913 11.8376 11.2225 10.6302 10.1588 9.70999 9.32794 8.96259 8.69536 8.48062 8.28195 8.14143 8.00871 7.88877 7.77661 7.66961 7.48936 7.30883 7.1299 6.95261 6.7843 6.64482 6.51233 6.39389 6.28962 6.20587 6.21823 6.24576 6.34055 6.46259 6.81923 7.23938 7.70448 8.29701 9.03135 9.90289 11.0012 12.3623 13.7162 15.4819 17.4514 19.8643 22.1043 24.5633 27.5632 30.7875 33.9017 35.0226 36.2555 37.6075 39.086 40.6985 42.4529 44.3574 46.4203 48.6501 51.0555 53.6455 56.4293 59.4164 62.6162 66.0388 69.6943 73.5928 
110.248 104.413 98.8963 93.6843 88.7658 84.1295 79.7641 75.6587 71.8027 68.1855 64.797 61.627 58.6658 55.9039 53.3319 50.9408 48.7215 46.6656 44.7646 43.0103 41.3947 39.9101 38.549 37.3042 36.1685 35.1352 33.4139 30.4034 27.9243 25.2806 22.9506 20.9255 18.8643 17.2339 16.1224 14.7903 13.5746 12.6646 11.9057 11.2919 10.7026 10.2247 9.7695 9.38111 9.00937 8.73578 8.51475 8.30987 8.1632 8.0244 7.89845 7.78036 7.66748 7.48141 7.29513 7.11051 6.92758 6.7537 6.6087 6.47074 6.34689 6.23727 6.1482 6.15531 6.17762 6.26724 6.38416 6.73572 7.15085 7.61106 8.19874 8.92827 9.79503 10.8886 12.2449 13.5942 15.3553 17.3201 19.7284 21.9638 24.4183 27.4136 30.6334 33.7431 34.8596 36.088 37.4355 38.9095 40.5176 42.2676 44.1676 46.226 48.4513 50.8523 53.4379 56.2172 59.1998 62.3952 65.8134 69.4643 73.3585 
110.578 104.736 99.2103 93.9901 89.0634 84.419 80.0457 75.9325 72.0687 68.4439 65.0478 61.8703 58.9018 56.1327 53.5535 51.1553 48.9291 46.8662 44.9584 43.1974 41.5752 40.084 38.7165 37.4654 36.3234 35.2839 33.5564 30.5399 28.0548 25.4052 23.0694 21.0385 18.9717 17.3356 16.2187 14.8811 13.66 12.7447 11.9805 11.3616 10.7825 10.2981 9.83644 9.44169 9.06365 8.78371 8.55636 8.34523 8.1924 8.04749 7.91551 7.79145 7.67267 7.48077 7.28872 7.09839 6.90981 6.73033 6.5798 6.43636 6.30726 6.19208 6.09769 6.09952 6.11661 6.20105 6.31284 6.65931 7.06939 7.52464 8.10748 8.8322 9.69418 10.783 12.1346 13.4792 15.2356 17.1958 19.5995 21.8304 24.2803 27.2711 30.4864 33.5916 34.7036 35.9275 37.2707 38.7403 40.3439 42.0895 43.9851 46.039 48.2599 50.6564 53.2376 56.0125 58.9907 62.1817 65.5954 69.242 73.1317 
110.923 105.071 99.5372 94.3084 89.3733 84.7206 80.3391 76.2178 72.3461 68.7134 65.3096 62.1245 59.1484 56.3718 53.7853 51.3798 49.1464 47.0766 45.1618 43.3939 41.7649 40.2671 38.8929 37.6352 36.4868 35.441 33.7073 30.6845 28.1934 25.5377 23.196 21.1592 19.0866 17.4448 16.3222 14.979 13.7524 12.8317 12.0622 11.4379 10.8699 10.3789 9.91082 9.50969 9.12533 8.83912 8.60544 8.38804 8.229 8.07797 7.93993 7.80988 7.68517 7.48741 7.28957 7.0935 6.89924 6.71415 6.55806 6.40912 6.2744 6.154 6.05427 6.05082 6.06266 6.14191 6.24855 6.58993 6.99495 7.44518 8.02313 8.74303 9.60023 10.6843 12.0312 13.3711 15.1229 17.0784 19.4775 21.7038 24.1492 27.1355 30.3463 33.447 34.5545 35.7741 37.1128 38.5779 40.1772 41.9185 43.8096 45.8592 48.0756 50.4677 53.0444 55.815 58.7887 61.9754 65.3847 69.0269 72.9122 
111.28 105.42 99.8767 94.6392 89.6955 85.0343 80.6444 76.5148 72.6349 68.9941 65.5823 62.3894 59.4056 56.6214 54.0273 51.6144 49.3737 47.2966 45.3747 43.5997 41.9638 40.4591 39.0782 37.8138 36.6589 35.6065 33.8664 30.8374 28.34 25.6782 23.3303 21.2876 19.209 17.5614 16.433 15.0842 13.8519 12.9256 12.1506 11.5209 10.9648 10.4673 9.99266 9.5851 9.1944 8.90191 8.66198 8.43828 8.27301 8.11582 7.97169 7.83562 7.70496 7.50131 7.29764 7.09581 6.89586 6.70513 6.54346 6.38899 6.2488 6.12299 6.01791 6.00914 6.01572 6.08977 6.19124 6.5275 6.92745 7.37266 7.94563 8.6607 9.51311 10.5925 11.9346 13.2698 15.0169 16.9679 19.3623 21.5841 24.0249 27.0067 30.213 33.3092 34.4123 35.6274 36.9617 38.4225 40.0174 41.7542 43.6411 45.6862 47.8982 50.2859 52.8583 55.6244 58.5938 61.7761 65.1811 68.8189 72.6999 
111.651 105.781 100.229 94.9824 90.0299 85.3599 80.9614 76.8233 72.935 69.286 65.8661 62.6651 59.6734 56.8813 54.2796 51.8591 49.6109 47.5264 45.5972 43.815 42.172 40.6603 39.2725 38.0013 36.8396 35.7806 34.034 30.9985 28.4947 25.8266 23.4725 21.4236 19.339 17.6855 16.5512 15.1965 13.9586 13.0266 12.246 11.6108 11.0571 10.5631 10.082 9.66794 9.27085 8.97206 8.72589 8.49595 8.32441 8.16103 8.01078 7.86866 7.73201 7.52245 7.31293 7.10531 6.89963 6.70324 6.53596 6.37595 6.23026 6.09902 5.98855 5.97445 5.97575 6.04457 6.14086 6.47199 6.86685 7.30701 7.87498 8.58514 9.43275 10.5073 11.8448 13.1753 14.9177 16.864 19.2539 21.471 23.9074 26.8846 30.0864 33.1781 34.2768 35.4875 36.8173 38.2737 39.8643 41.5968 43.4793 45.52 47.7276 50.111 52.6789 55.4407 58.4057 61.5837 64.9843 68.6178 72.4945 
112.034 106.155 100.594 95.3381 90.3765 85.6976 81.2902 77.1434 73.2466 69.5891 66.1608 62.9516 59.9518 57.1517 54.5421 52.1138 49.858 47.7659 45.8292 44.0397 42.3894 40.8706 39.4757 38.1976 37.029 35.9632 34.2099 31.1678 28.6575 25.983 23.6226 21.5675 19.4767 17.817 16.6768 15.3162 14.0724 13.1346 12.3483 11.7075 11.1482 10.6665 10.1787 9.75823 9.35471 9.04957 8.79713 8.56099 8.38321 8.2136 8.05719 7.90898 7.76633 7.55081 7.33541 7.12197 6.91054 6.70845 6.53554 6.36995 6.21875 6.08204 5.96616 5.94671 5.94272 6.00628 6.09737 6.42334 6.81309 7.24819 7.81114 8.51633 9.35909 10.4289 11.7616 13.0874 14.8252 16.7668 19.1521 21.3647 23.7964 26.7691 29.9664 33.0537 34.1479 35.3541 36.6796 38.1316 39.7178 41.4459 43.3241 45.3605 47.5637 49.9427 52.5063 55.2637 58.2244 61.398 64.7943 68.4235 72.2958 
112.431 106.542 100.971 95.7062 90.7353 86.0472 81.6308 77.4752 73.5695 69.9034 66.4665 63.249 60.2408 57.4326 54.8149 52.3787 50.115 48.0152 46.0709 44.2739 42.6162 41.0901 39.688 38.4027 37.2272 36.1545 34.3943 31.3455 28.8286 26.1475 23.7807 21.7191 19.6221 17.9562 16.8098 15.4432 14.1934 13.2497 12.4576 11.811 11.2461 10.7774 10.283 9.85596 9.44599 9.13446 8.87571 8.63334 8.44938 8.27353 8.11093 7.9566 7.80789 7.58639 7.36508 7.14579 6.92857 6.72075 6.54218 6.37099 6.21424 6.07205 5.95073 5.9259 5.91658 5.97486 6.06073 6.38152 6.76614 7.19616 7.75407 8.45426 9.2921 10.3571 11.685 13.0061 14.7392 16.6762 19.0569 21.2648 23.692 26.6602 29.853 32.9358 34.0255 35.2273 36.5484 37.996 39.5778 41.3016 43.1754 45.2075 47.4064 49.781 52.3402 55.0933 58.0496 61.2189 64.6109 68.2358 72.1038 
112.841 106.942 101.362 96.0868 91.1063 86.4089 81.9832 77.8185 73.9038 70.2289 66.7833 63.5571 60.5406 57.724 55.0981 52.6537 50.382 48.2744 46.3223 44.5176 42.8523 41.3188 39.9093 38.6168 37.4341 36.3544 34.5873 31.5316 29.0079 26.3201 23.9467 21.8787 19.7752 18.103 16.9504 15.5776 14.3217 13.372 12.574 11.9216 11.3509 10.8958 10.3948 9.96116 9.54469 9.22673 8.96164 8.71298 8.52283 8.34081 8.17198 8.0115 7.8567 7.62919 7.40192 7.17675 6.95371 6.74014 6.55587 6.37905 6.21672 6.06901 5.94224 5.912 5.89732 5.9503 6.03092 6.34651 6.72598 7.15089 7.70374 8.39891 9.23178 10.2919 11.6151 12.9314 14.6598 16.5921 18.9682 21.1715 23.5942 26.5578 29.746 32.8244 33.9096 35.107 36.4236 37.8669 39.4443 41.1637 43.0332 45.061 47.2556 49.6258 52.1806 54.9294 57.8814 61.0463 64.434 68.0545 71.9183 
113.264 107.355 101.765 96.4798 91.4897 86.7826 82.3475 78.1734 74.2496 70.5656 67.1112 63.8762 60.851 58.0259 55.3916 52.9389 50.6591 48.5434 46.5833 44.7708 43.0979 41.5567 40.1398 38.8398 37.6498 36.5629 34.7887 31.7261 29.1955 26.5009 24.1208 22.0461 19.9361 18.2575 17.0985 15.7194 14.4573 13.5016 12.6975 12.0391 11.4626 11.0071 10.5141 10.0739 9.65083 9.32641 9.05492 8.79995 8.60355 8.41536 8.24036 8.07368 7.91276 7.67919 7.44594 7.21485 6.98595 6.76659 6.5766 6.39411 6.22618 6.07292 5.94065 5.90498 5.88493 5.93259 6.00792 6.31828 6.69257 7.11234 7.66011 8.35025 9.17811 10.2333 11.5517 12.8633 14.5869 16.5146 18.886 21.0847 23.5027 26.4618 29.6455 32.7194 33.8002 34.9931 36.3053 37.7441 39.3172 41.0322 42.8974 44.9208 47.1112 49.477 52.0275 54.7719 57.7195 60.8801 64.2635 67.8797 71.7392 
113.701 107.781 102.18 96.8854 91.8853 87.1684 82.7237 78.5401 74.6069 70.9137 67.4501 64.2062 61.1721 58.3383 55.6955 53.2344 50.9462 48.8223 46.8542 45.0337 43.3529 41.8039 40.3794 39.0719 37.8745 36.7802 34.9988 31.929 29.3914 26.6899 24.303 22.2216 20.1049 18.4197 17.2542 15.8687 14.6004 13.6384 12.8282 12.1638 11.5812 11.1198 10.641 10.194 9.76443 9.43349 9.15557 8.89424 8.69156 8.49716 8.31602 8.14315 7.97606 7.7364 7.49712 7.26008 7.0253 6.80011 6.60436 6.41617 6.2426 6.08376 5.94597 5.90483 5.87937 5.92166 5.9917 6.29681 6.66589 7.08051 7.62317 8.30824 9.13109 10.1813 11.4948 12.8016 14.5205 16.4435 18.8102 21.0043 23.4178 26.3723 29.5514 32.6207 33.697 34.8855 36.1933 37.6277 39.1964 40.9071 42.7679 44.787 46.973 49.3346 51.8807 54.6207 57.564 60.7203 64.0993 67.7113 71.5664 
114.15 108.22 102.609 97.3035 92.2932 87.5664 83.1118 78.9185 74.9757 71.2731 67.8003 64.5472 61.5041 58.6614 56.0098 53.5401 51.2434 49.1112 47.1348 45.3062 43.6174 42.0605 40.6282 39.3131 38.1081 37.0064 35.2176 32.1405 29.5957 26.8872 24.4933 22.405 20.2816 18.5897 17.4177 16.0257 14.7509 13.7826 12.9661 12.2955 11.7069 11.2395 10.7754 10.3218 9.8855 9.548 9.2636 8.99587 8.78686 8.58621 8.3989 8.2199 8.04662 7.80083 7.55549 7.31245 7.07174 6.8407 6.63915 6.44522 6.26598 6.10153 5.95819 5.91155 5.88064 5.91755 5.98225 6.28208 6.64593 7.05537 7.59289 8.27288 9.09068 10.1359 11.4444 12.7464 14.4606 16.3788 18.7408 20.9303 23.3391 26.2891 29.4637 32.5285 33.6003 34.7843 36.0876 37.5176 39.0818 40.7882 42.6446 44.6594 46.8411 49.1984 51.7402 54.4758 57.4148 60.5667 63.9414 67.549 71.3999 
114.613 108.672 103.05 97.7343 92.7136 87.9765 83.5119 79.3087 75.3562 71.6439 68.1616 64.8992 61.847 58.9952 56.3347 53.8562 51.5509 49.4101 47.4253 45.5884 43.8914 42.3266 40.8863 39.5633 38.3506 37.2413 35.4451 32.3606 29.8086 27.0928 24.6918 22.5966 20.4663 18.7676 17.5888 16.1902 14.9089 13.9342 13.1114 12.4345 11.8397 11.3661 10.9155 10.457 10.0141 9.66996 9.37903 9.10485 8.88947 8.68253 8.48899 8.30384 8.12443 7.87247 7.62103 7.37196 7.12528 6.88834 6.68096 6.48126 6.29632 6.12622 5.97729 5.92513 5.88877 5.92024 5.97957 6.27409 6.63268 7.03691 7.56927 8.24413 9.05687 10.0971 11.4006 12.6977 14.4071 16.3206 18.6779 20.8627 23.2669 26.2122 29.3822 32.4425 33.5098 34.6893 35.9882 37.4137 38.9736 40.6755 42.5276 44.538 46.7154 49.0684 51.6059 54.3372 57.2718 60.4193 63.7897 67.393 71.2396 
115.089 109.137 103.504 98.1776 93.1464 88.399 83.924 79.7107 75.7483 72.0262 68.5343 65.2624 62.2007 59.3398 56.6702 54.1827 51.8686 49.7191 47.7258 45.8805 44.1751 42.6021 41.1537 39.8228 38.6022 37.4852 35.6813 32.5894 30.0299 27.3068 24.8986 22.7963 20.659 18.9534 17.7678 16.3624 15.0745 14.0932 13.2639 12.5807 11.9796 11.4998 11.0431 10.5998 10.1501 9.79938 9.50187 9.2212 8.9994 8.78612 8.58632 8.39498 8.20945 7.95133 7.69375 7.4386 7.18592 6.94305 6.7298 6.5243 6.33361 6.15783 6.00328 5.94555 5.90366 5.92971 5.98365 6.27282 6.62612 7.02511 7.55228 8.222 9.02964 10.0648 11.3633 12.6554 14.36 16.2687 18.6213 20.8014 23.2009 26.1416 29.3071 32.3628 33.4255 34.6006 35.8949 37.3161 38.8715 40.569 42.4167 44.4228 46.5958 48.9445 51.4777 54.2047 57.1349 60.2782 63.6442 67.2432 71.0854 
115.578 109.615 103.971 98.6337 93.5917 88.8337 84.3483 80.1247 76.1521 72.42 68.9183 65.6367 62.5655 59.6952 57.0163 54.5197 52.1966 50.0382 48.0362 46.1823 44.4685 42.8871 41.4305 40.0915 38.863 37.7381 35.9264 32.8268 30.2598 27.5293 25.1138 23.0042 20.8597 19.1471 17.9546 16.5424 15.2477 14.2598 13.4239 12.7342 12.1267 11.6406 11.1777 10.7502 10.2937 9.93628 9.63215 9.34493 9.11667 8.897 8.69089 8.49332 8.30163 8.0374 7.77365 7.5124 7.25367 7.00482 6.78566 6.57432 6.37785 6.19635 6.03615 5.97282 5.9254 5.94596 5.99448 6.27827 6.62625 7.01997 7.54191 8.20647 9.00898 10.0391 11.3325 12.6197 14.3193 16.2232 18.571 20.7465 23.1413 26.0774 29.2382 32.2893 33.3475 34.518 35.8079 37.2246 38.7756 40.4687 42.312 44.3137 46.4824 48.8267 51.3557 54.0784 57.0042 60.1431 63.5048 67.0994 70.9373 
116.081 110.107 104.451 99.1026 94.0496 89.2807 84.7847 80.5506 76.5677 72.8255 69.3137 66.0222 62.9413 60.0614 57.3731 54.8673 52.535 50.3676 48.3567 46.4941 44.7717 43.1818 41.7168 40.3696 39.1329 38 36.1805 33.073 30.4984 27.7603 25.3373 23.2204 21.0687 19.3489 18.1493 16.7302 15.4286 14.4339 13.5914 12.8951 12.2811 11.7886 11.3193 10.9082 10.4449 10.0807 9.76987 9.47606 9.24129 9.01519 8.80272 8.59887 8.40098 8.13062 7.86075 7.59334 7.32853 7.07367 6.84856 6.63133 6.42905 6.2418 6.0759 6.00694 5.95394 5.96899 6.01204 6.29043 6.63306 7.02148 7.53817 8.19752 8.99488 10.0199 11.3083 12.5904 14.285 16.184 18.5271 20.6978 23.088 26.0194 29.1756 32.2221 33.2757 34.4417 35.7271 37.1393 38.6858 40.3745 42.2134 44.2108 46.3751 48.7151 51.2397 53.9581 56.8796 60.0141 63.3715 66.9618 70.7953 
116.598 110.611 104.944 99.5843 94.5201 89.7402 85.2334 80.9886 76.9952 73.2426 69.7206 66.4191 63.3283 60.4386 57.7407 55.2254 52.8838 50.7073 48.6874 46.8158 45.0846 43.4861 42.0127 40.657 39.4121 38.271 36.4434 33.3281 30.7456 27.9999 25.5693 23.4449 21.2858 19.5588 18.352 16.9258 15.6173 14.6157 13.7664 13.0634 12.4428 11.9438 11.468 11.0597 10.6036 10.2326 9.91506 9.61461 9.37328 9.14069 8.92183 8.71165 8.5075 8.23097 7.95499 7.68144 7.41051 7.14959 6.91849 6.69534 6.4872 6.29416 6.12253 6.04791 5.9893 5.99879 6.03635 6.3093 6.64655 7.02963 7.54105 8.19517 8.98734 10.0072 11.2905 12.5676 14.2572 16.1513 18.4895 20.6555 23.0409 25.9676 29.1192 32.1611 33.2101 34.3715 35.6524 37.0601 38.6021 40.2864 42.1209 44.1138 46.2738 48.6094 51.1297 53.8438 56.7611 59.8912 63.2442 66.8301 70.6593 
117.128 111.129 105.45 100.079 95.0034 90.2123 85.6944 81.4387 77.4346 73.6715 70.1391 66.8273 63.7265 60.8269 58.1192 55.5943 53.2432 51.0573 49.0282 47.1476 45.4075 43.8002 42.3181 40.9539 39.7006 38.5512 36.7155 33.5921 31.0017 28.2481 25.8099 23.6778 21.5113 19.7768 18.5628 17.1294 15.8138 14.8052 13.949 13.2392 12.6119 12.1062 11.624 11.2092 10.77 10.3921 10.0677 9.76059 9.51265 9.27354 9.04822 8.83166 8.62122 8.33846 8.05634 7.7767 7.49961 7.23259 6.99546 6.76636 6.55232 6.35345 6.17605 6.09572 6.03147 6.03538 6.06741 6.33489 6.66671 7.04443 7.55053 8.19939 8.98635 10.001 11.2792 12.5512 14.2358 16.1249 18.4582 20.6194 23.0001 25.9221 29.069 32.1063 33.1507 34.3075 35.5839 36.987 38.5246 40.2044 42.0344 44.023 46.1785 48.5098 51.0257 53.7355 56.6485 59.7743 63.1229 66.7045 70.5293 
117.672 111.661 105.97 100.587 95.4996 90.697 86.1678 81.9011 77.886 74.1122 70.5692 67.2471 64.136 61.2263 58.5086 55.9739 53.6132 51.4178 49.3793 47.4895 45.7404 44.1241 42.6332 41.2603 39.9984 38.8407 36.9966 33.8651 31.2666 28.5051 26.059 23.9192 21.7451 20.0031 18.7817 17.341 16.0182 15.0025 14.1393 13.4225 12.7884 12.276 11.7871 11.3658 10.9439 10.5591 10.2279 9.91403 9.65943 9.41373 9.18191 8.95894 8.74215 8.45312 8.16481 7.87905 7.59585 7.32269 7.07949 6.84438 6.62441 6.41967 6.23647 6.15039 6.08046 6.07874 6.10521 6.36718 6.69356 7.06588 7.56663 8.21019 8.99191 10.0014 11.2744 12.5413 14.2209 16.105 18.4333 20.5896 22.9655 25.8828 29.025 32.0576 33.0974 34.2497 35.5214 36.9201 38.4531 40.1284 41.954 43.9382 46.0893 48.4162 50.9278 53.6332 56.5418 59.6634 63.0076 66.5848 70.4053 
118.229 112.206 106.503 101.108 96.0086 91.1944 86.6538 82.3757 78.3496 74.5648 71.0111 67.6783 64.5568 61.6368 58.9091 56.3644 53.9939 51.7888 49.7408 47.8416 46.0833 44.4579 42.958 41.5763 40.3058 39.1394 37.287 34.1471 31.5404 28.7709 26.3168 24.1692 21.9873 20.2377 19.0087 17.5606 16.2305 15.2076 14.3372 13.6135 12.9724 12.4533 11.9576 11.5297 11.1191 10.7337 10.3956 10.0749 9.81362 9.56129 9.32292 9.09348 8.8703 8.57496 8.2804 7.98848 7.69918 7.41988 7.17057 6.92942 6.70347 6.49282 6.30378 6.21192 6.13626 6.12891 6.14976 6.40619 6.72708 7.09397 7.58934 8.22758 9.00402 10.0083 11.2762 12.5379 14.2124 16.0914 18.4148 20.5661 22.9372 25.8497 28.9872 32.0152 33.0503 34.198 35.4651 36.8592 38.3877 40.0585 41.8797 43.8593 46.0061 48.3286 50.8357 53.5368 56.4411 59.5583 62.8983 66.4711 70.2872 
118.801 112.765 107.049 101.642 96.5308 91.7047 87.1523 82.8628 78.8254 75.0294 71.4648 68.1213 64.9891 62.0587 59.3206 56.7658 54.3853 52.1705 50.1128 48.2041 46.4363 44.8017 43.2927 41.9021 40.6226 39.4476 37.5866 34.4382 31.8232 29.0455 26.5833 24.4277 22.2379 20.4806 19.244 17.7884 16.4508 15.4206 14.543 13.8121 13.1641 12.6379 12.1355 11.7007 11.2835 10.9159 10.5709 10.2434 9.97526 9.71625 9.47128 9.23531 9.00569 8.70399 8.40314 8.105 7.80957 7.52418 7.26872 7.02148 6.78952 6.57292 6.37799 6.28031 6.1989 6.18583 6.20106 6.45191 6.76728 7.1287 7.61867 8.25155 9.02268 10.0217 11.2843 12.5409 14.2103 16.0842 18.4026 20.5489 22.9152 25.8229 28.9556 31.9789 33.0094 34.1523 35.4149 36.8044 38.3284 39.9947 41.8113 43.7865 45.9288 48.2469 50.7497 53.4464 56.3464 59.4592 62.7949 66.3633 70.1751 
119.387 113.338 107.61 102.19 97.0661 92.2279 87.6637 83.3624 79.3135 75.5062 71.9304 68.5759 65.433 62.4919 59.7434 57.1783 54.7876 52.5628 50.4953 48.5768 46.7995 45.1555 43.6373 42.2375 40.9491 39.7653 37.8955 34.7386 32.1151 29.329 26.8586 24.6949 22.4972 20.732 19.4876 18.0243 16.6792 15.6415 14.7566 14.0185 13.3633 12.8301 12.3207 11.8791 11.4552 11.1057 10.7537 10.4193 10.1444 9.87861 9.62698 9.38445 9.14834 8.84022 8.53304 8.22864 7.92702 7.63552 7.37394 7.12058 6.88255 6.65996 6.45911 6.35558 6.26837 6.24956 6.25912 6.50436 6.81417 7.1701 7.65461 8.2821 9.04789 10.0416 11.299 12.5504 14.2146 16.0835 18.3968 20.5381 22.8994 25.8023 28.9302 31.9487 32.9745 34.1129 35.3708 36.7557 38.2751 39.9369 41.749 43.7197 45.8575 48.1712 50.6696 53.3619 56.2575 59.366 62.6973 66.2615 70.0688 
119.987 113.925 108.183 102.751 97.6147 92.7641 88.1878 83.8747 79.814 75.9952 72.408 69.0424 65.8885 62.9366 60.1775 57.6019 55.2009 52.9659 50.8884 48.9601 47.1731 45.5195 43.9919 42.5829 41.2853 40.0925 38.2138 35.0482 32.4161 29.6215 27.1428 24.9709 22.765 20.9918 19.7396 18.2685 16.9158 15.8705 14.9782 14.2327 13.5703 13.0299 12.5135 12.0649 11.6341 11.3023 10.9442 10.6027 10.3209 10.0484 9.79006 9.5409 9.29825 8.98367 8.67011 8.35941 8.05156 7.7539 7.48623 7.22672 6.98259 6.75397 6.54715 6.43772 6.34468 6.3201 6.32395 6.56353 6.86775 7.21814 7.69718 8.31924 9.07966 10.068 11.3202 12.5664 14.2254 16.0891 18.3973 20.5336 22.8899 25.7878 28.911 31.9248 32.9459 34.0795 35.3328 36.713 38.2279 39.8851 41.6927 43.6589 45.7922 48.1014 50.5954 53.2833 56.1745 59.2787 62.6057 66.1655 69.9685 
120.601 114.526 108.771 103.325 98.1767 93.3136 88.7249 84.3997 80.3271 76.4966 72.8978 69.5208 66.3557 63.3929 60.6229 58.0367 55.6252 53.3799 51.2922 49.3539 47.557 45.8937 44.3565 42.9381 41.6313 40.4293 38.5417 35.3672 32.7264 29.9232 27.436 25.2557 23.0416 21.2603 20 18.5211 17.1605 16.1076 15.2077 14.4548 13.785 13.2374 12.7138 12.2582 11.8204 11.4817 11.1422 10.7938 10.505 10.2256 9.96054 9.7047 9.45546 9.13437 8.81437 8.49731 8.18318 7.87932 7.60552 7.33991 7.08964 6.85494 6.64212 6.52675 6.42783 6.39744 6.39554 6.62944 6.92803 7.27285 7.74637 8.36297 9.11798 10.101 11.3479 12.5888 14.2426 16.1012 18.4042 20.5355 22.8867 25.7797 28.898 31.9069 32.9233 34.0522 35.3008 36.6765 38.1867 39.8393 41.6423 43.604 45.7329 48.0376 50.5271 53.2106 56.0974 59.1972 62.5198 66.0753 69.874 
121.23 115.141 109.373 103.914 98.7522 93.8764 89.2752 84.9376 80.8528 77.0104 73.3999 70.0113 66.8349 63.8608 61.0799 58.4828 56.0607 53.8048 51.7068 49.7583 47.9514 46.2783 44.7314 43.3034 41.9871 40.7758 38.8791 35.6956 33.0459 30.234 27.7381 25.5494 23.3269 21.5374 20.269 18.782 17.4136 16.3529 15.4453 14.6848 14.0076 13.4526 12.9217 12.4589 12.0141 11.6684 11.3479 10.9923 10.6966 10.4103 10.1384 9.87586 9.61997 9.29231 8.96584 8.64237 8.32192 8.0118 7.73183 7.46011 7.20371 6.9629 6.74403 6.62267 6.51784 6.48161 6.47392 6.70209 6.99501 7.33422 7.8022 8.4133 9.16287 10.1405 11.382 12.6177 14.2662 16.1196 18.4175 20.5437 22.8898 25.7778 28.8912 31.8953 32.9069 34.0311 35.275 36.6459 38.1515 39.7995 41.598 43.5552 45.6795 47.9797 50.4648 53.1438 56.0262 59.1216 62.4399 65.991 69.7853 
121.873 115.77 109.989 104.516 99.3414 94.4526 89.8386 85.4884 81.3913 77.5367 73.9143 70.514 67.326 64.3406 61.5484 58.9403 56.5073 54.2408 52.1323 50.1735 48.3564 46.6732 45.1164 43.6787 42.3529 41.1322 39.2262 36.0335 33.3748 30.554 28.0494 25.8521 23.6211 21.8232 20.5466 19.0515 17.675 16.6064 15.691 14.9229 14.238 13.6756 13.1373 12.6673 12.2152 11.8625 11.5612 11.1985 10.8958 10.6025 10.3237 10.0544 9.7918 9.45753 9.12453 8.79461 8.46778 8.15137 7.86517 7.5873 7.32481 7.07784 6.85288 6.72551 6.61472 6.5726 6.55908 6.78149 7.06871 7.40227 7.86466 8.47024 9.21433 10.1866 11.4227 12.653 14.2963 16.1445 18.4372 20.5582 22.8993 25.7822 28.8906 31.8898 32.8966 34.016 35.2552 36.6215 38.1224 39.7658 41.5597 43.5123 45.6321 47.9278 50.4084 53.0829 55.9609 59.0519 62.3658 65.9125 69.7025 
122.531 116.414 110.619 105.133 99.9444 95.0423 90.4153 86.0524 81.9427 78.0758 74.4412 71.029 67.8292 64.8322 62.0286 59.4093 56.9654 54.688 52.5688 50.5995 48.772 47.0787 45.5119 44.0643 42.7287 41.4985 39.583 36.381 33.7132 30.8834 28.3699 26.1638 23.9242 22.1178 20.8328 19.3295 17.9449 16.8683 15.945 15.169 14.4764 13.9064 13.3607 12.8833 12.424 12.064 11.7578 11.4124 11.1025 10.8022 10.5165 10.2403 9.97098 9.63005 9.29045 8.95403 8.62078 8.29802 8.00555 7.72149 7.45287 7.19978 6.96869 6.83526 6.71847 6.67042 6.65104 6.86765 7.14913 7.47701 7.93378 8.53379 9.27237 10.2391 11.4699 12.6948 14.3328 16.1757 18.4633 20.5791 22.9151 25.793 28.8963 31.8905 32.8925 34.0071 35.2415 36.6031 38.0994 39.7381 41.5273 43.4753 45.5906 47.8818 50.3578 53.0279 55.9015 58.988 62.2975 65.8399 69.6255 
123.205 117.073 111.263 105.763 100.561 95.6458 91.0056 86.6296 82.5072 78.6277 74.9807 71.5563 68.3446 65.3358 62.5207 59.89 57.4349 55.1465 53.0164 51.0364 49.1985 47.4948 45.9177 44.4601 43.1147 41.8747 39.9496 36.7383 34.0611 31.2222 28.6997 26.4847 24.2363 22.4213 21.1278 19.6161 18.2232 17.1385 16.2072 15.4233 14.7229 14.1452 13.5919 13.107 12.6403 12.2731 11.9597 11.6338 11.3168 11.0094 10.7167 10.4337 10.1575 9.80986 9.46364 9.12066 8.78094 8.45178 8.153 7.86269 7.58791 7.32872 7.09147 6.95193 6.82911 6.77509 6.74981 6.96058 7.23628 7.55844 8.00955 8.60396 9.337 10.2983 11.5236 12.7432 14.3758 16.2134 18.4957 20.6064 22.9372 25.81 28.9083 31.8975 32.8945 34.0043 35.234 36.5908 38.0823 39.7164 41.501 43.4444 45.5551 47.8417 50.3133 52.9789 55.8479 58.93 62.235 65.773 69.5542 
123.893 117.747 111.922 106.408 101.192 96.2631 91.6094 87.2203 83.0848 79.1925 75.533 72.0962 68.8723 65.8516 63.0247 60.3825 57.9159 55.6163 53.4752 51.4844 49.6357 47.9215 46.3342 44.8663 43.5109 42.261 40.3262 37.1053 34.4187 31.5704 29.0388 26.8148 24.5576 22.7338 21.4316 19.9114 18.5102 17.4172 16.4777 15.6858 14.9775 14.392 13.831 13.3385 12.8643 12.4897 12.169 11.863 11.5387 11.2242 10.9245 10.6344 10.3514 9.99701 9.6441 9.29452 8.94827 8.61267 8.30752 8.01093 7.72992 7.46459 7.22123 7.07554 6.94665 6.88662 6.85539 7.06028 7.33016 7.64658 8.09199 8.68076 9.40822 10.364 11.5838 12.798 14.4253 16.2576 18.5346 20.64 22.9657 25.8333 28.9265 31.9107 32.9027 34.0076 35.2325 36.5845 38.0714 39.7007 41.4807 43.4195 45.5255 47.8076 50.2746 52.9357 55.8002 58.8779 62.1784 65.712 69.4888 
124.596 118.435 112.596 107.068 101.838 96.8944 92.227 87.8244 83.6757 79.7704 76.0981 72.6488 69.4125 66.3796 63.5408 60.8868 58.4086 56.0977 53.9454 51.9435 50.084 48.3591 46.7612 45.283 43.9174 42.6575 40.7128 37.4821 34.786 31.9283 29.3874 27.1542 24.8879 23.0553 21.7444 20.2155 18.8058 17.7044 16.7567 15.9566 15.2403 14.6469 14.078 13.5778 13.096 12.714 12.3859 12.0754 11.7682 11.4465 11.1397 10.8427 10.5528 10.1915 9.83185 9.47561 9.12279 8.7807 8.46913 8.1662 7.87894 7.60742 7.35795 7.20611 7.07109 7.00501 6.9678 7.16677 7.4308 7.74142 8.1811 8.7642 9.48605 10.4362 11.6506 12.8593 14.4812 16.3081 18.5799 20.68 23.0005 25.863 28.951 31.9301 32.9171 34.0171 35.2371 36.5844 38.0665 39.6911 41.4664 43.4005 45.5019 47.7794 50.2418 52.8984 55.7584 58.8316 62.1277 65.6568 69.4292 
125.315 119.139 113.285 107.742 102.497 97.5399 92.8586 88.4422 84.2801 80.3615 76.6762 73.2141 69.9652 66.92 64.069 61.403 58.9131 56.5906 54.4269 52.4138 50.5433 48.8076 47.199 45.7103 44.3343 43.0642 41.1095 37.869 35.1631 32.2958 29.7455 27.503 25.2276 23.3859 22.0661 20.5285 19.1102 18.0002 17.0441 16.2358 15.5114 14.9099 14.3331 13.8251 13.3356 12.9459 12.6103 12.2924 12.0054 11.6765 11.3625 11.0584 10.7615 10.3934 10.0269 9.66396 9.30452 8.95588 8.63785 8.32854 8.03497 7.75722 7.50158 7.34363 7.20246 7.13028 7.08705 7.28006 7.5382 7.84299 8.2769 8.8543 9.57049 10.5151 11.7239 12.9271 14.5436 16.3652 18.6316 20.7265 23.0417 25.899 28.9819 31.9559 32.9378 34.0328 35.2479 36.5903 38.0676 39.6875 41.4581 43.3875 45.4843 47.7572 50.215 52.867 55.7225 58.7912 62.0828 65.6075 69.3755 
126.05 119.858 113.989 108.431 103.171 98.1997 93.5042 89.0739 84.8981 80.966 77.2675 73.7924 70.5307 67.4729 64.6096 61.9314 59.4296 57.0953 54.92 52.8956 51.0139 49.2671 47.6477 46.1483 44.7618 43.4813 41.5165 38.2659 35.5501 32.6731 30.1132 27.8613 25.5766 23.7257 22.397 20.8505 19.4233 18.3048 17.3402 16.5235 15.7908 15.1811 14.5963 14.0804 13.5831 13.1857 12.8425 12.5171 12.2502 11.914 11.5928 11.2816 10.9777 10.6026 10.2293 9.85959 9.49347 9.13824 8.8137 8.49795 8.19803 7.914 7.65216 7.48807 7.34075 7.26244 7.21315 7.40017 7.65237 7.95129 8.3794 8.95105 9.66156 10.6005 11.8038 13.0015 14.6125 16.4286 18.6897 20.7793 23.0892 25.9413 29.019 31.9879 32.9647 34.0546 35.2648 36.6024 38.0749 39.69 41.4558 43.3806 45.4727 47.7409 50.1941 52.8416 55.6925 58.7567 62.0438 65.564 69.3275 
126.8 120.593 114.708 109.135 103.86 98.8739 94.164 89.7196 85.5298 81.5841 77.8721 74.3837 71.1091 68.0385 65.1626 62.4721 59.9581 57.6118 55.4248 53.3888 51.4957 49.7377 48.1073 46.5971 45.1999 43.9089 41.9337 38.673 35.9472 33.0603 30.4906 28.2292 25.935 24.0749 22.737 21.1814 19.7454 18.6181 17.6449 16.8197 16.0786 15.4607 14.8677 14.3437 13.8385 13.4333 13.0824 12.7493 12.4762 12.1592 11.8307 11.5123 11.2013 10.8192 10.439 10.0625 9.68966 9.32779 8.99669 8.67446 8.36813 8.07777 7.80968 7.63942 7.48598 7.40151 7.34611 7.52709 7.77332 8.06634 8.48861 9.05447 9.75926 10.6926 11.8902 13.0823 14.6879 16.4986 18.7542 20.8385 23.1431 25.9899 29.0625 32.0262 32.9979 34.0828 35.2879 36.6205 38.0882 39.6985 41.4596 43.3796 45.467 47.7306 50.1792 52.822 55.6684 58.728 62.0106 65.5264 69.2854 
127.567 121.343 115.443 109.854 104.564 99.5628 94.8382 90.3793 86.1754 82.2158 78.4901 74.9883 71.7004 68.6169 65.7282 63.0251 60.4988 58.1404 55.9414 53.8936 51.989 50.2196 48.578 47.0567 45.6488 44.3471 42.3614 39.0903 36.3543 33.4574 30.8779 28.6067 26.303 24.4334 23.0862 21.5215 20.0765 18.9403 17.9583 17.1245 16.3749 15.7486 15.1474 14.6152 14.102 13.6888 13.3301 12.9893 12.7085 12.412 12.0762 11.7506 11.4324 11.0433 10.6561 10.2727 9.89311 9.52455 9.18683 8.85807 8.5453 8.24857 7.97418 7.7977 7.63811 7.54748 7.48594 7.66084 7.90107 8.18815 8.60453 9.16458 9.86362 10.7912 11.9834 13.1698 14.7698 16.575 18.8252 20.9041 23.2034 26.045 29.1123 32.0708 33.0374 34.1171 35.3172 36.6448 38.1076 39.7131 41.4694 43.3847 45.4674 47.7263 50.1703 52.8085 55.6503 58.7053 61.9834 65.4946 69.2492 
128.349 122.109 116.193 110.588 105.283 100.267 95.527 91.0535 86.8351 82.8613 79.1217 75.6062 72.3049 69.2082 66.3065 63.5907 61.0517 58.681 56.4699 54.4102 52.4938 50.7129 49.0599 47.5275 46.1085 44.796 42.7996 39.518 36.7717 33.8646 31.2751 28.9941 26.6806 24.8015 23.4448 21.8709 20.4167 19.2715 18.2806 17.438 16.6798 16.045 15.4354 14.895 14.3735 13.9523 13.5857 13.2371 12.9486 12.6697 12.3293 11.9964 11.671 11.2748 10.8806 10.4903 10.1038 9.72853 9.38415 9.04881 8.72954 8.42639 8.14566 7.96291 7.79713 7.70037 7.63265 7.80145 8.03563 8.31672 8.72719 9.28139 9.97463 10.8965 12.0828 13.2638 14.8582 16.6579 18.9027 20.9762 23.2701 26.1064 29.1684 32.1217 33.0831 34.1578 35.3527 36.6753 38.1332 39.7339 41.4853 43.3958 45.4738 47.728 50.1673 52.8008 55.638 58.6885 61.962 65.4687 69.2188 
129.149 122.892 116.959 111.338 106.017 100.985 96.2305 91.7421 87.509 83.5208 79.7671 76.2377 72.9228 69.8125 66.8976 64.1689 61.6172 59.2339 57.0105 54.9386 53.0103 51.2176 49.5531 48.0093 46.5791 45.2557 43.2484 39.9562 37.1994 34.282 31.6823 29.3912 27.068 25.1791 23.8129 22.2295 20.7661 19.6117 18.6118 17.7603 16.9933 16.3499 15.7318 15.183 14.6533 14.2239 13.8492 13.4927 13.1964 12.9098 12.59 12.2497 11.9171 11.5137 11.1125 10.7152 10.3219 9.93975 9.58866 9.2467 8.92087 8.61126 8.32414 8.13508 7.96306 7.86014 7.78626 7.9489 8.177 8.45207 8.85659 9.4049 10.0923 11.0084 12.189 13.3643 14.9532 16.7473 18.9866 21.0547 23.3433 26.1742 29.2309 32.179 33.1352 34.2047 35.3945 36.7121 38.1649 39.7607 41.5073 43.413 45.4862 47.7357 50.1703 52.7992 55.6318 58.6776 61.9466 65.4487 69.1943 
129.964 123.691 117.741 112.104 106.767 101.719 96.949 92.4454 88.1974 84.1946 80.4264 76.8829 73.554 70.4302 67.5018 64.7599 62.1952 59.7992 57.5632 55.4791 53.5386 51.734 50.0578 48.5024 47.0609 45.7262 43.708 40.405 37.6376 34.7097 32.0996 29.7984 27.4651 25.5664 24.1905 22.5976 21.1247 19.9611 18.952 18.0915 17.3156 16.6635 16.0367 15.4794 14.9413 14.5037 14.1208 13.7563 13.452 13.1576 12.8584 12.5107 12.1708 11.7602 11.3518 10.9475 10.5472 10.1582 9.80038 9.45174 9.11932 8.80319 8.50964 8.31421 8.13591 8.02679 7.94677 8.10323 8.32521 8.59422 8.99275 9.53513 10.2167 11.127 12.3018 13.4715 15.0547 16.8433 19.0771 21.1396 23.4228 26.2484 29.2998 32.2426 33.1936 34.2579 35.4426 36.7551 38.2028 39.7936 41.5354 43.4363 45.5047 47.7494 50.1793 52.8036 55.6315 58.6727 61.9371 65.4347 69.1757 
130.797 124.506 118.539 112.886 107.532 102.469 97.6826 93.1635 88.9004 84.8826 81.0999 77.5419 74.1989 71.0612 68.1192 65.3638 62.786 60.377 58.1283 56.0316 54.0789 52.2622 50.574 49.0069 47.5539 46.2079 44.1785 40.8645 38.0863 35.1477 32.5272 30.2157 27.8722 25.9635 24.5778 22.9751 21.4927 20.3196 19.3013 18.4317 17.6468 16.9858 16.3503 15.7843 15.2377 14.7917 14.4006 14.0278 13.7155 13.4132 13.1258 12.7793 12.432 12.0141 11.5986 11.1872 10.7799 10.384 10.0193 9.66395 9.32489 9.0022 8.70216 8.50034 8.31571 8.20034 8.11414 8.26444 8.48025 8.74318 9.13568 9.6721 10.3478 11.2522 12.4213 13.5852 15.1628 16.9458 19.174 21.2311 23.5088 26.329 29.3751 32.3126 33.2583 34.3174 35.497 36.8043 38.247 39.8327 41.5696 43.4657 45.5293 47.7692 50.1944 52.8139 55.6372 58.6738 61.9336 65.4265 69.163 
131.647 125.338 119.354 113.684 108.314 103.234 98.4316 93.8967 89.6182 85.5852 81.7876 78.215 74.8577 71.7058 68.75 65.9809 63.3897 60.9676 58.7059 56.5965 54.6312 52.8022 51.1019 49.523 48.0582 46.7007 44.66 41.3348 38.5456 35.5963 32.9651 30.6431 28.2894 26.3705 24.9748 23.3623 21.8701 20.6876 19.6598 18.7809 17.9869 17.3168 16.6725 16.0978 15.5425 15.088 14.6885 14.3075 13.987 13.6766 13.3813 13.0555 12.7007 12.2755 11.8528 11.4342 11.0199 10.617 10.2455 9.88336 9.5376 9.2083 8.90174 8.69347 8.50247 8.3808 8.28839 8.43253 8.64215 8.89895 9.28539 9.81581 10.4855 11.3841 12.5474 13.7056 15.2774 17.0548 19.2775 21.329 23.6013 26.416 29.4567 32.3889 33.3294 34.3833 35.5576 36.8598 38.2974 39.8781 41.61 43.5011 45.56 47.7951 50.2155 52.8303 55.6489 58.6809 61.936 65.4244 69.1563 
132.514 126.187 120.186 114.498 109.111 104.014 99.1961 94.6452 90.3509 86.3026 82.4898 78.9023 75.5304 72.3641 69.3942 66.6113 64.0065 61.571 59.2962 57.1738 55.1958 53.3543 51.6417 50.0507 48.574 47.2048 45.1526 41.8161 39.0158 36.0554 33.4135 31.0809 28.7167 26.7875 25.3816 23.7591 22.2572 21.0649 20.0276 19.1393 18.336 17.6568 17.0034 16.4199 15.8559 15.3927 14.9847 14.5953 14.2666 13.948 13.6446 13.3393 12.9771 12.5445 12.1144 11.6887 11.2672 10.8574 10.479 10.11 9.75747 9.42151 9.10838 8.89361 8.6962 8.56819 8.46952 8.60747 8.81092 9.06155 9.44189 9.96628 10.63 11.5227 12.6802 13.8326 15.3987 17.1704 19.3875 21.4334 23.7002 26.5095 29.5448 32.4717 33.4068 34.4554 35.6246 36.9216 38.3541 39.9297 41.6565 43.5428 45.5968 47.8271 50.2427 52.8528 55.6667 58.6939 61.9444 65.4282 69.1556 
133.399 127.054 121.035 115.329 109.925 104.811 99.9763 95.4092 91.0989 87.0349 83.2066 79.6041 76.2172 73.0364 70.0522 67.2552 64.6365 62.1874 59.8992 57.7637 55.7728 53.9186 52.1935 50.5902 49.1015 47.7204 45.6565 42.3085 39.4968 36.5254 33.8725 31.5291 29.1543 27.2146 25.7984 24.1658 22.6539 21.4518 20.4048 19.5069 18.6942 18.0058 17.3433 16.7507 16.1778 15.706 15.2893 14.8914 14.5542 14.2274 13.9158 13.6144 13.261 12.821 12.3836 11.9506 11.522 11.1051 10.7197 10.3438 9.98452 9.64185 9.32209 9.10079 8.89692 8.76253 8.65755 8.78928 8.98657 9.231 9.60521 10.1235 10.7813 11.6681 12.8196 13.9662 15.5266 17.2926 19.504 21.5444 23.8056 26.6095 29.6394 32.5608 33.4907 34.534 35.6979 36.9898 38.4171 39.9876 41.7093 43.5906 45.6397 47.8652 50.2761 52.8814 55.6905 58.7131 61.9589 65.4381 69.1609 
134.301 127.938 121.9 116.177 110.755 105.624 100.773 96.1889 91.8623 87.7823 83.9384 80.3204 76.9185 73.7228 70.724 67.9127 65.2799 62.817 60.5152 58.3663 56.3623 54.4952 52.7574 51.1417 49.6407 48.2475 46.1718 42.8121 39.9889 37.0062 34.3422 31.9878 29.6022 27.652 26.2254 24.5825 23.0604 21.8483 20.7915 19.8839 19.0617 18.3639 17.6921 17.0904 16.5085 16.0277 15.6023 15.1958 14.8501 14.5149 14.195 13.8855 13.5526 13.1051 12.6602 12.2199 11.7841 11.3601 10.9677 10.5849 10.2188 9.86933 9.54291 9.31502 9.10465 8.96383 8.85251 8.97796 9.16905 9.40731 9.77534 10.2876 10.9393 11.8201 12.9657 14.1065 15.6611 17.4214 19.6271 21.6619 23.9176 26.7159 29.7404 32.6564 33.5809 34.6189 35.7776 37.0642 38.4864 40.0518 41.7684 43.6446 45.6888 47.9095 50.3155 52.916 55.7205 58.7383 61.9795 65.454 69.1722 
135.222 128.84 122.784 117.042 111.603 106.454 101.585 96.9845 92.6414 88.5451 84.6853 81.0516 77.6343 74.4235 71.4099 68.584 65.937 63.4599 61.1443 58.9819 56.9645 55.0843 53.3337 51.7052 50.1918 48.7864 46.6986 43.327 40.4922 37.498 34.8227 32.4572 30.0607 28.0997 26.6625 25.0091 23.4768 22.2545 21.1878 20.2704 19.4385 18.7311 18.0499 17.439 16.848 16.3582 15.9239 15.5086 15.1543 14.8106 14.4823 14.1645 13.8518 13.3967 12.9444 12.4967 12.0537 11.6225 11.223 10.8332 10.4602 10.104 9.77083 9.53631 9.31939 9.17211 9.0544 9.17354 9.3584 9.59048 9.95232 10.4584 11.1041 11.9789 13.1186 14.2534 15.8022 17.5568 19.7568 21.786 24.0361 26.8289 29.8479 32.7585 33.6776 34.7103 35.8637 37.1451 38.562 40.1223 41.8339 43.705 45.7441 47.9599 50.3611 52.9569 55.7565 58.7697 62.0062 65.4761 69.1896 
136.162 129.76 123.685 117.924 112.467 107.301 102.414 97.7963 93.4363 89.3235 85.4474 81.7979 78.3649 75.1388 72.11 69.2694 66.6078 64.1164 61.7868 59.6106 57.5796 55.6861 53.9224 52.2811 50.755 49.3371 47.2371 43.8535 41.0069 38.001 35.3142 32.9375 30.5298 28.5579 27.1099 25.446 23.9032 22.6707 21.5938 20.6665 19.8247 19.1077 18.4169 17.7966 17.1963 16.6974 16.2541 15.83 15.4669 15.1146 14.7778 14.4515 14.133 13.6959 13.2361 12.781 12.3306 11.8923 11.4856 11.0888 10.7089 10.3458 10.0059 9.76469 9.54118 9.38739 9.26325 9.37604 9.55462 9.7805 10.1361 10.6361 11.2756 12.1444 13.2781 14.4071 15.95 17.6988 19.8931 21.9166 24.1611 26.9484 29.9618 32.867 33.7808 34.8081 35.9562 37.2323 38.6441 40.1992 41.9056 43.7717 45.8058 48.0166 50.413 53.0039 55.7988 58.8072 62.039 65.5043 69.2132 
137.12 130.698 124.604 118.825 113.349 108.164 103.26 98.6246 94.2474 90.1178 86.2252 82.5594 79.1105 75.8688 72.8247 69.9689 67.2925 64.7867 62.4428 60.2525 58.2078 56.3008 54.5238 52.8694 51.3304 49.8999 47.7875 44.3916 41.533 38.5153 35.8169 33.4287 31.0097 29.0267 27.5678 25.8931 24.3397 23.0968 22.0097 21.0722 20.2205 19.4936 18.7932 18.1633 17.5537 17.0455 16.5931 16.16 15.788 15.4269 15.0815 14.7467 14.4198 14.0027 13.5353 13.0728 12.615 12.1694 11.7556 11.3517 10.9648 10.5948 10.2481 10.0002 9.77002 9.60968 9.47906 9.58546 9.75772 9.97736 10.3268 10.8206 11.454 12.3167 13.4444 14.5675 16.1045 17.8475 20.0361 22.0539 24.2928 27.0744 30.0824 32.9821 33.8904 34.9124 36.0552 37.326 38.7325 40.2824 41.9838 43.8447 45.8738 48.0796 50.4711 53.0572 55.8473 58.851 62.0781 65.5386 69.2429 
138.097 131.656 125.542 119.743 114.248 109.045 104.123 99.4695 95.0749 90.9282 87.0187 83.3365 79.8714 76.6137 73.554 70.683 67.9915 65.4709 63.1125 60.908 58.8493 56.9285 55.138 53.4703 51.9183 50.4749 48.3498 44.9416 42.0707 39.041 36.3308 33.9309 31.5006 29.5063 28.0363 26.3507 24.7865 23.533 22.4355 21.4877 20.6259 19.8891 19.1789 18.5393 17.9201 17.4026 16.9409 16.4986 16.1177 15.7477 15.3935 15.0501 14.7147 14.3088 13.8421 13.3721 12.9069 12.4539 12.0329 11.6219 11.2279 10.851 10.4974 10.2428 10.0059 9.83899 9.70186 9.80183 9.96774 10.1811 10.5244 11.0119 11.6392 12.4958 13.6175 14.7346 16.2657 18.0029 20.1857 22.1978 24.431 27.207 30.2095 33.1037 34.0066 35.0232 36.1606 37.4262 38.8274 40.3721 42.0683 43.9242 45.9481 48.1489 50.5355 53.1168 55.9021 58.901 62.1234 65.5792 69.2789 
139.094 132.632 126.498 120.68 115.166 109.944 105.003 100.332 95.9191 91.7549 87.8284 84.1293 80.6477 77.3739 74.2983 71.4117 68.7049 66.1693 63.7961 61.5771 59.5042 57.5694 55.7652 54.084 52.5187 51.0623 48.9244 45.5036 42.6203 39.5784 36.8561 34.4445 32.0025 29.9967 28.5155 26.8188 25.2438 23.9795 22.8714 21.9132 21.0412 20.2942 19.574 18.9247 18.2958 17.7687 17.2977 16.8461 16.456 16.077 15.714 15.3618 15.0177 14.6033 14.1565 13.6788 13.2062 12.7458 12.3175 11.8994 11.4983 11.1144 10.7539 10.4925 10.2489 10.0753 9.93167 10.0252 10.1847 10.3917 10.7288 11.2101 11.8312 12.6817 13.7973 14.9084 16.4337 18.165 20.342 22.3483 24.5759 27.3463 30.3431 33.2319 34.1293 35.1405 36.2725 37.5328 38.9288 40.4683 42.1593 44.01 46.029 48.2247 50.6063 53.1827 55.9632 58.9574 62.175 65.6262 69.3211 
140.111 133.628 127.474 121.635 116.102 110.86 105.901 101.211 96.7803 92.5983 88.6544 84.9382 81.4399 78.1496 75.0578 72.1553 69.433 66.8821 64.4939 62.2602 60.1728 58.2239 56.4056 54.7107 53.132 51.6623 49.5114 46.0777 43.1818 40.1275 37.3931 34.9694 32.5156 30.4983 29.0056 27.2976 25.7115 24.4364 23.3175 22.3488 21.4663 20.7091 19.9788 19.3195 18.6808 18.1441 17.6635 17.2025 16.8032 16.415 16.043 15.6819 15.3291 14.906 14.4784 13.9931 13.513 13.0452 12.6096 12.1842 11.776 11.385 11.0177 10.7493 10.499 10.3188 10.1685 10.2555 10.4086 10.6093 10.94 11.4152 12.03 12.8744 13.984 15.089 16.6084 18.3338 20.5049 22.5055 24.7274 27.4922 30.4835 33.3666 34.2586 35.2643 36.391 37.6461 39.0367 40.571 42.2568 44.1024 46.1162 48.307 50.6835 53.255 56.0307 59.0201 62.233 65.6795 69.3698 
141.148 134.644 128.469 122.61 117.056 111.795 106.816 102.108 97.6588 93.4587 89.497 85.7634 82.248 78.941 75.8328 72.9141 70.176 67.6095 65.2062 62.9575 60.8554 58.892 57.0595 55.3507 53.7582 52.2751 50.1109 46.6642 43.7555 40.6886 37.9418 35.5059 33.0402 31.011 29.5067 27.7874 26.19 24.9038 23.774 22.7945 21.9015 21.1339 20.3933 19.7239 19.0753 18.5287 18.0384 17.5679 17.1592 16.7618 16.3806 16.0105 15.6488 15.2169 14.7879 14.315 13.8272 13.352 12.909 12.4763 12.0609 11.6629 11.2886 11.0133 10.7562 10.5693 10.4124 10.4928 10.6394 10.8337 11.1582 11.6271 12.2358 13.074 14.1774 15.2765 16.7898 18.5093 20.6747 22.6695 24.8856 27.6447 30.6304 33.5081 34.3945 35.3948 36.5162 37.7658 39.1512 40.6803 42.3609 44.2014 46.2101 48.3958 50.7673 53.3338 56.1046 59.0893 62.2975 65.7392 69.4249 
142.206 135.68 129.484 123.604 118.03 112.749 107.75 103.023 98.555 94.3364 90.3566 86.6053 83.0725 79.7484 76.6235 73.6884 70.9342 68.352 65.9331 63.6692 61.5521 59.574 57.7271 56.0041 54.3977 52.9009 50.7232 47.2633 44.3416 41.2619 38.5025 36.0543 33.5763 31.5352 30.0191 28.2881 26.6793 25.3819 24.241 23.2507 22.3469 21.5687 20.8177 20.138 19.4793 18.9228 18.4227 17.9425 17.5242 17.1174 16.7269 16.3477 15.9769 15.5362 15.0984 14.6443 14.1489 13.6662 13.2157 12.7758 12.3532 11.9481 11.5667 11.2845 11.0205 10.8268 10.6633 10.7371 10.8773 11.0652 11.3833 11.8459 12.4484 13.2804 14.3778 15.4707 16.9781 18.6917 20.8511 22.8402 25.0506 27.804 30.7841 33.6562 34.5371 35.532 36.6479 37.8922 39.2723 40.7961 42.4716 44.3069 46.3105 48.4911 50.8577 53.4192 56.1852 59.165 62.3685 65.8056 69.4866 
143.285 136.737 130.519 124.618 119.023 113.722 108.703 103.956 99.4691 95.2318 91.2335 87.4642 83.9136 80.5722 77.4303 74.4785 71.7079 69.1096 66.6749 64.3955 62.2633 60.2702 58.4087 56.6712 55.0506 53.5399 51.3486 47.8752 44.9402 41.8475 39.0753 36.6145 34.1242 32.0709 30.5428 28.8001 27.1797 25.8708 24.7187 23.7173 22.8026 22.0137 21.2521 20.562 19.893 19.3264 18.8163 18.3264 17.8985 17.482 17.0821 16.6936 16.3137 15.8639 15.4172 14.9752 14.4781 13.9878 13.5299 13.0826 12.6527 12.2404 11.852 11.5628 11.292 11.0915 10.9212 10.9885 11.1221 11.3035 11.6153 12.0716 12.6679 13.4937 14.5849 15.6718 17.1732 18.8808 21.0344 23.0176 25.2223 27.97 30.9445 33.811 34.6864 35.6758 36.7864 38.0253 39.4002 40.9187 42.589 44.4191 46.4177 48.5932 50.9547 53.5113 56.2723 59.2474 62.4461 65.8785 69.5549 
144.387 137.816 131.575 125.653 120.036 114.714 109.675 104.908 100.402 96.1452 92.1282 88.3404 84.7719 81.4128 78.2535 75.2848 72.4975 69.8828 67.4321 65.1369 62.9892 60.9809 59.1044 57.3523 55.7173 54.1924 51.9871 48.5001 45.5517 42.4458 39.6606 37.187 34.6841 32.6184 31.0782 29.3234 27.6913 26.3708 25.2073 24.1946 23.2688 22.469 21.6968 20.9961 20.3167 19.7397 19.2196 18.7196 18.2818 17.8558 17.4463 17.0483 16.6591 16.2002 15.7444 15.2935 14.8148 14.3168 13.8515 13.3967 12.9596 12.5401 12.1445 11.8484 11.5706 11.3633 11.1863 11.2469 11.3739 11.5489 11.8543 12.3043 12.8943 13.7139 14.799 15.8798 17.3751 19.0768 21.2245 23.2019 25.4008 28.1429 31.1117 33.9726 34.8425 35.8265 36.9316 38.1652 39.5347 41.0481 42.7131 44.5381 46.5316 48.7021 51.0586 53.6102 56.3663 59.3365 62.5305 65.9583 69.63 
145.51 138.916 132.653 126.708 121.07 115.727 110.667 105.88 101.353 97.0771 93.041 89.2345 85.6476 82.2705 79.0936 76.1076 73.3033 70.672 68.2049 65.8937 63.7301 61.7064 59.8147 58.0477 56.398 54.8587 52.6393 49.1383 46.1762 43.0568 40.2584 37.7718 35.2561 33.1779 31.6253 29.8584 28.2142 26.882 25.7068 24.6828 23.7458 22.9349 22.1517 21.4403 20.7503 20.1629 19.6325 19.1224 18.6746 18.2387 17.8196 17.412 17.0134 16.5451 16.0802 15.6202 15.1589 14.6533 14.1804 13.7182 13.2737 12.847 12.4443 12.1411 11.8564 11.6422 11.4585 11.5124 11.6328 11.8013 12.1002 12.5439 13.1277 13.9411 15.02 16.0947 17.584 19.2797 21.4215 23.3931 25.5862 28.3225 31.2857 34.1411 35.0054 35.984 37.0837 38.3119 39.6762 41.1842 42.8441 44.664 46.6523 48.8178 51.1693 53.716 56.4673 59.4326 62.6219 66.045 69.7121 
146.656 140.039 133.753 127.785 122.125 116.76 111.679 106.871 102.324 98.0281 93.9725 90.147 86.5413 83.1459 79.951 76.9473 74.1258 71.4774 68.9937 66.6661 64.4865 62.447 60.5399 58.7576 57.093 55.539 53.3052 49.7901 46.8141 43.681 40.8692 38.3694 35.8407 33.7496 32.1844 30.4052 28.7488 27.4046 26.2177 25.182 24.2336 23.4114 22.6172 21.8948 21.1941 20.5961 20.0552 19.5349 19.077 18.6311 18.2021 17.7848 17.3766 16.8989 16.4246 15.9554 15.4913 14.9972 14.5167 14.047 13.5952 13.1612 12.7513 12.4411 12.1494 11.9283 11.7377 11.785 11.8988 12.0607 12.3532 12.7905 13.368 14.1752 15.248 16.3165 17.7998 19.4895 21.6254 23.5912 25.7785 28.5091 31.4667 34.3165 35.1753 36.1484 37.2427 38.4655 39.8245 41.3274 42.9821 44.7968 46.7801 48.9406 51.2871 53.8289 56.5753 59.5358 62.7203 66.1388 69.8014 
147.827 141.185 134.875 128.884 123.202 117.815 112.712 107.882 103.315 98.9988 94.9233 91.0783 87.4536 84.0394 80.8262 77.8045 74.9653 72.2996 69.7989 67.4546 65.2587 63.2031 61.2802 59.4825 57.8027 56.2338 53.9853 50.4557 47.4656 44.3186 41.4931 38.9798 36.4379 34.3339 32.7559 30.964 29.2953 27.9389 26.74 25.6925 24.7324 23.8988 23.0933 22.3599 21.6482 21.0395 20.488 19.9572 19.489 19.033 18.5939 18.1668 17.7489 17.2615 16.7778 16.2993 15.826 15.3486 14.8604 14.3832 13.924 13.4827 13.0656 12.7482 12.4495 12.2215 12.0241 12.0646 12.1718 12.3272 12.6132 13.0442 13.6154 14.4164 15.4829 16.5454 18.0226 19.7063 21.8363 23.7962 25.9778 28.7027 31.6546 34.4988 35.3522 36.3198 37.4087 38.6262 39.9799 41.4776 43.1271 44.9368 46.915 49.0705 51.4121 53.949 56.6905 59.6463 62.8261 66.24 69.898 
149.022 142.355 136.021 130.007 124.301 118.891 113.767 108.915 104.327 99.9898 95.894 92.0291 88.3849 84.9516 81.7196 78.6796 75.8223 73.139 70.621 68.2597 66.0471 63.9752 62.0362 60.2227 58.5274 56.9433 54.6799 51.1356 48.1311 44.9699 42.1304 39.6035 37.0481 34.9309 33.3398 31.5352 29.8539 28.4851 27.274 26.2145 25.2426 24.3974 23.5804 22.8357 22.113 21.4933 20.931 20.3896 19.9109 19.4445 18.9953 18.5582 18.1303 17.6333 17.1399 16.6519 16.1692 15.6991 15.2115 14.7267 14.26 13.8114 13.3871 13.0626 12.7568 12.5219 12.3177 12.3514 12.452 12.6008 12.8803 13.3049 13.8698 14.6645 15.7249 16.7812 18.2524 19.9302 22.0543 24.0083 26.1841 28.9034 31.8497 34.6883 35.5361 36.4983 37.5819 38.7941 40.1426 41.635 43.2794 45.084 47.0572 49.2077 51.5445 54.0765 56.8133 59.7643 62.9394 66.3487 70.0023 
150.243 143.551 137.192 131.154 125.424 119.991 114.844 109.97 105.36 101.002 96.8854 93.0001 89.336 85.8831 82.632 79.5732 76.6976 73.9965 71.4605 69.0819 66.8523 64.7637 62.8083 60.9787 59.2676 57.668 55.3894 51.8302 48.8109 45.6353 42.7817 40.2408 37.6717 35.541 33.9367 32.119 30.4249 29.0435 27.82 26.7483 25.7644 24.9073 24.0787 23.3225 22.5885 21.9577 21.3845 20.8322 20.3429 19.866 19.4065 18.9591 18.5212 18.0142 17.511 17.0134 16.5212 16.0417 15.5699 15.0775 14.6034 14.1474 13.7158 13.3841 13.0714 12.8295 12.6184 12.6454 12.7392 12.8815 13.1545 13.5727 14.1312 14.9198 15.974 17.0242 18.4893 20.1611 22.2794 24.2276 26.3977 29.1112 32.0519 34.885 35.7274 36.6841 37.7623 38.9693 40.3126 41.7998 43.4391 45.2387 47.207 49.3526 51.6845 54.2118 56.9438 59.8902 63.0607 66.4655 70.1147 
151.491 144.773 138.389 132.326 126.572 121.115 115.945 111.049 106.416 102.036 97.8983 93.9921 90.3076 86.8348 83.5641 80.4861 77.5917 74.8719 72.3181 69.9218 67.6753 65.5692 63.5971 61.7511 60.0239 58.4085 56.1142 52.5398 49.5056 46.3153 43.4472 40.8921 38.309 36.1645 34.5468 32.7158 31.0087 29.6144 28.3782 27.2941 26.298 25.4289 24.5884 23.8206 23.075 22.4329 21.8485 21.2853 20.7851 20.2976 19.8275 19.3698 18.9217 18.4046 17.8914 17.3839 16.8821 16.393 15.9355 15.4356 14.954 14.4906 14.0517 13.7129 13.3931 13.1442 12.9263 12.9465 13.0336 13.1693 13.4358 13.8476 14.3998 15.1821 16.2302 17.2744 18.7334 20.3993 22.5117 24.4541 26.6185 29.3264 32.2614 35.089 35.926 36.8774 37.9503 39.152 40.4901 41.9723 43.6066 45.4012 47.3645 49.5053 51.8325 54.3551 57.0825 60.0243 63.1904 66.5907 70.2356 
152.769 146.024 139.614 133.525 127.746 122.265 117.07 112.151 107.496 103.093 98.9337 95.0062 91.3008 87.8075 84.5168 81.4192 78.5055 75.7669 73.1946 70.7802 68.5154 66.3923 64.4031 62.5404 60.7967 59.1651 56.8551 53.2651 50.2157 47.0102 44.1274 41.5578 38.9605 36.802 35.1705 33.326 31.6055 30.1982 28.9492 27.8524 26.8438 25.9624 25.1099 24.3302 23.5729 22.9192 22.3235 21.7491 21.2379 20.7395 20.2587 19.7904 19.3319 18.8045 18.2812 17.7637 17.252 16.7532 16.2871 15.801 15.3118 14.841 14.3949 14.0489 13.722 13.4662 13.2413 13.2547 13.3353 13.4643 13.7244 14.1297 14.6757 15.4517 16.4937 17.5318 18.9848 20.6448 22.7513 24.688 26.8467 29.549 32.4785 35.3007 36.1322 37.0783 38.146 39.3425 40.6755 42.1527 43.782 45.5718 47.5303 49.6664 51.9889 54.5069 57.2298 60.1672 63.3289 66.725 70.3657 
154.079 147.306 140.868 134.753 128.948 123.442 118.223 113.279 108.6 104.175 99.9931 96.0436 92.3167 88.8024 85.4911 82.3733 79.44 76.682 74.0908 71.6578 69.3749 67.2339 65.2273 63.3474 61.5869 59.9388 57.6125 54.0066 50.9415 47.7208 44.8229 42.2385 39.6267 37.4539 35.8084 33.9501 32.216 30.7953 29.5332 28.4235 27.4022 26.5083 25.6435 24.8516 24.0824 23.417 22.8097 22.2239 21.7015 21.192 20.7003 20.2212 19.7521 19.2143 18.6807 18.153 17.6312 17.1225 16.6466 16.1735 15.6768 15.1986 14.7452 14.392 14.0581 13.7953 13.5636 13.5702 13.6441 13.7666 14.0201 14.4191 14.9588 15.7286 16.7645 17.7965 19.2437 20.8978 22.9985 24.9295 27.0825 29.7793 32.7033 35.5201 36.3463 37.2872 38.3497 39.5412 40.8692 42.3414 43.9659 45.7509 47.7048 49.8363 52.1542 54.6678 57.3864 60.3196 63.4772 66.8692 70.506 
155.423 148.621 142.155 136.012 130.181 124.648 119.404 114.435 109.732 105.283 101.078 97.1059 93.3569 89.821 86.4885 83.35 80.3963 77.6185 75.0079 72.5559 70.2543 68.095 66.0705 64.173 62.3953 60.7303 58.3874 54.7652 51.6841 48.4478 45.5344 42.9349 40.3082 38.1209 36.461 34.5886 32.8406 31.4063 30.1308 29.0079 27.9736 27.067 26.1896 25.3853 24.6039 23.9266 23.3075 22.71 22.1761 21.6554 21.1525 20.6625 20.1825 19.6341 19.0899 18.5519 18.0198 17.501 17.0152 16.5403 16.049 15.5634 15.1027 14.7424 14.4013 14.1316 13.8931 13.893 13.9602 14.0761 14.3232 14.7159 15.2493 16.013 17.0428 18.0688 19.5101 21.1584 23.2534 25.1787 27.3262 30.0175 32.9362 35.7477 36.5687 37.5044 38.5619 39.7485 41.0716 42.5391 44.1589 45.9393 47.8887 50.0158 52.3295 54.8389 57.5534 60.4826 63.6364 67.0247 70.6579 
156.806 149.973 143.478 137.306 131.447 125.887 120.616 115.622 110.894 106.42 102.191 98.1953 94.4233 90.865 87.5107 84.3508 81.3763 78.578 75.9473 73.4757 71.1549 68.9769 66.9339 65.0184 63.2229 61.5406 59.1807 55.5418 52.4443 49.1919 46.2628 43.6478 41.0059 38.8036 37.129 35.2422 33.4801 32.0318 30.7426 29.6062 28.5587 27.639 26.7487 25.9319 25.1381 24.4484 23.8173 23.2079 22.6624 22.1301 21.6159 21.1147 20.6236 20.0643 19.5094 18.9607 18.4182 17.8891 17.393 16.9081 16.4282 15.9353 15.4673 15.0998 14.7518 14.4751 14.2298 14.223 14.2836 14.393 14.6337 15.0201 15.5473 16.3049 17.3287 18.3488 19.7843 21.4269 23.5163 25.4361 27.5782 30.2641 33.1776 35.9839 36.7999 37.7306 38.7833 39.9651 41.2835 42.7465 44.3619 46.1379 48.0831 50.2061 52.5158 55.0215 57.7323 60.658 63.8085 67.1937 70.824 
158.234 151.369 144.842 138.64 132.751 127.163 121.864 116.843 112.088 107.589 103.335 99.3145 95.5188 91.9372 88.5602 85.3782 82.382 79.5625 76.9111 74.4193 72.0787 69.8812 67.8192 65.8851 64.0714 62.3712 59.9938 56.3378 53.2235 49.9545 47.0092 44.3783 41.7208 39.5031 37.8135 35.9118 34.1352 32.6726 31.3693 30.2192 29.1581 28.225 27.3216 26.4919 25.6853 24.9832 24.3396 23.7182 23.1606 22.6165 22.0907 21.578 21.0757 20.5052 19.9393 19.3798 18.8266 18.2869 17.7804 17.2852 16.8081 16.3141 15.839 15.4644 15.1093 14.8258 14.5737 14.5603 14.6143 14.7174 14.9518 15.3319 15.853 16.6046 17.6225 18.6369 20.0667 21.7037 23.7877 25.7021 27.8389 30.5197 33.4281 36.2295 37.0406 37.9667 39.0147 40.192 41.5062 42.9649 44.5762 46.3484 48.2898 50.4092 52.7156 55.218 57.9259 60.8489 63.9969 67.38 71.0086 
159.72 152.819 146.258 140.023 134.102 128.483 123.154 118.104 113.321 108.795 104.514 100.468 96.6474 93.0414 89.6406 86.4354 83.4166 80.5751 77.9021 75.3892 73.028 70.8104 68.7287 66.7753 64.9428 63.2241 60.8286 57.1548 54.0231 50.7371 47.7751 45.1278 42.4542 40.2208 38.5156 36.5988 34.8072 33.3299 32.0122 30.8478 29.7728 28.8261 27.9092 27.0661 26.2465 25.5315 24.8754 24.2414 23.6716 23.1154 22.5777 22.0532 21.5393 20.9574 20.3803 19.8096 19.2455 18.6949 18.1777 17.6719 17.1844 16.6998 16.2175 15.836 15.474 15.1837 14.925 14.905 14.9526 15.0494 15.2776 15.6516 16.1667 16.9125 17.9247 18.9335 20.3578 21.9895 24.0682 25.9775 28.1093 30.7852 33.6889 36.4856 37.2923 38.2141 39.2579 40.4313 41.7416 43.1967 44.8046 46.5736 48.5121 50.6289 52.933 55.4335 58.1399 61.0619 64.2095 67.593 71.2228 
161.283 154.342 147.741 141.469 135.512 129.859 124.497 119.416 114.602 110.046 105.737 101.663 97.8158 94.1838 90.7577 87.5279 84.4851 81.6203 78.9246 76.3896 74.0067 71.7681 69.6658 67.6922 65.84 64.1021 61.6878 57.9955 54.8458 51.5421 48.5628 45.8985 43.2082 40.9584 39.2373 37.3047 35.4977 34.0053 32.6727 31.4937 30.4043 29.4434 28.5126 27.6559 26.8228 26.0946 25.4254 24.7786 24.1962 23.6276 23.0776 22.5411 22.0152 21.4216 20.8328 20.2508 19.6753 19.1136 18.5854 18.0687 17.5704 17.0905 16.6029 16.2145 15.8458 15.5489 15.2836 15.2573 15.2987 15.3892 15.6115 15.9796 16.489 17.2291 18.2358 19.2393 20.6585 22.2852 24.359 26.2636 28.3908 31.0624 33.9619 36.7546 37.5575 38.4756 39.5162 40.6865 41.994 43.4468 45.0527 46.8202 48.7578 50.8743 53.179 55.6811 58.3906 61.3177 64.4732 67.869 71.519 
165.626 158.515 149.331 143.011 137.01 131.315 125.915 120.796 115.947 111.358 107.017 102.913 99.0353 95.3748 91.9211 88.6646 85.596 82.706 79.986 77.4272 75.0213 72.7602 70.636 68.6411 66.7681 65.0098 62.5757 58.8641 55.6953 52.3731 49.3756 46.6936 43.9859 41.7192 39.9813 38.0323 36.2093 34.7011 33.353 32.1589 31.0545 30.079 29.1338 28.263 27.416 26.6741 25.9914 25.3314 24.7358 24.1544 23.5917 23.0427 22.5045 21.8987 21.298 20.7041 20.1169 19.5436 19.004 18.476 17.9666 17.4757 16.9949 16.5998 16.2246 15.9213 15.6498 15.6173 15.6527 15.7375 15.954 16.3166 16.8206 17.5556 18.5573 19.556 20.9707 22.5929 24.6626 26.5633 28.6869 31.3551 34.2514 37.0415 37.8421 38.7585 39.7978 40.9676 42.2756 43.7299 45.339 47.1118 49.0581 51.1889 53.5188 56.0706 58.8762 61.9637 65.3541 71.5321 75.2112 
1e+10 1e+10 1e+10 1e+10 1e+10 1e+10 130.125 124.804 119.808 115.096 108.388 104.245 100.331 96.6366 93.1504 89.8629 86.7646 83.8463 81.0989 78.5138 76.0825 73.7968 71.6487 69.6307 67.7352 65.9551 63.4997 59.7674 56.5784 53.2365 50.2198 47.5189 44.7929 42.5081 40.7526 38.7864 36.9464 35.4217 34.0573 32.8472 31.7272 30.7364 29.7761 28.8904 28.0289 27.2727 26.5759 25.9021 25.2929 24.698 24.1221 23.5601 23.0091 22.3905 21.7773 21.171 20.5717 19.9864 19.4348 18.895 18.3739 17.8714 17.3932 16.9918 16.6104 16.3012 16.0238 15.9857 16.0157 16.0952 16.3067 16.6645 17.1639 17.8946 18.8924 19.8876 21.299 22.9185 24.9859 26.8849 29.0075 31.6756 34.5732 37.3661 38.172 39.0978 40.1541 41.3568 42.728 44.2882 46.0532 50.4814 52.4668 54.6368 57.0086 1e+10 1e+10 1e+10 1e+10 1e+10 1e+10 
1e+10 1e+10 1e+10 1e+10 1e+10 1e+10 1e+10 1e+10 1e+10 1e+10 1e+10 1e+10 1e+10 1e+10 97.0457 93.5297 90.2917 87.261 84.4167 81.7449 77.2222 74.906 72.7291 70.6835 68.7616 66.9562 64.4764 60.7206 57.509 54.1451 51.107 48.3854 45.6393 43.3349 41.5603 39.5755 37.7173 36.1748 34.7931 33.566 32.4294 31.4222 30.4459 29.5445 28.6676 27.8962 27.1845 26.4959 25.8724 25.2632 24.6733 24.0974 23.5328 22.9008 22.2743 21.6549 21.0425 20.4444 19.8801 19.3276 18.7939 18.2789 17.7888 17.39 17.0034 16.6891 16.407 16.3645 16.3904 16.4662 16.6745 17.0299 17.5278 18.2581 19.2571 20.2557 21.6746 23.3101 25.4098 27.3652 29.5731 34.6365 37.5733 40.4065 41.2541 42.2244 43.3403 1e+10 1e+10 1e+10 1e+10 1e+10 1e+10 1e+10 1e+10 1e+10 1e+10 1e+10 1e+10 1e+10 1e+10 
1e+10 1e+10 1e+10 1e+10 1e+10 1e+10 1e+10 1e+10 1e+10 1e+10 1e+10 1e+10 1e+10 1e+10 1e+10 1e+10 1e+10 1e+10 1e+10 1e+10 1e+10 1e+10 1e+10 1e+10 1e+10 1e+10 67.6574 63.7787 60.4762 57.0357 53.9304 51.1483 48.347 45.9921 44.171 40.4307 38.5507 36.9871 35.5851 34.3382 33.1825 32.1567 31.1624 30.2434 29.3492 28.561 27.8329 27.1282 26.4888 25.8642 25.259 24.6681 24.0886 23.442 22.801 22.1672 21.5406 20.9282 20.3497 19.783 19.2349 18.7054 18.2003 17.7982 17.4241 17.1319 18.8812 18.8627 18.9119 19.0128 19.248 19.6321 20.1608 20.9244 21.9618 1e+10 1e+10 1e+10 1e+10 1e+10 1e+10 1e+10 1e+10 1e+10 1e+10 1e+10 1e+10 1e+10 1e+10 1e+10 1e+10 1e+10 1e+10 1e+10 1e+10 1e+10 1e+10 1e+10 1e+10 1e+10 1e+10 
1e+10 1e+10 1e+10 1e+10 1e+10 1e+10 1e+10 1e+10 1e+10 1e+10 1e+10 1e+10 1e+10 1e+10 1e+10 1e+10 1e+10 1e+10 1e+10 1e+10 1e+10 1e+10 1e+10 1e+10 1e+10 1e+10 1e+10 1e+10 1e+10 1e+10 1e+10 1e+10 1e+10 1e+10 1e+10 1e+10 1e+10 1e+10 1e+10 1e+10 1e+10 1e+10 1e+10 1e+10 1e+10 1e+10 1e+10 1e+10 1e+10 1e+10 1e+10 1e+10 1e+10 1e+10 1e+10 1e+10 1e+10 1e+10 1e+10 1e+10 1e+10 1e+10 1e+10 1e+10 1e+10 1e+10 1e+10 1e+10 1e+10 1e+10 1e+10 1e+10 1e+10 1e+10 1e+10 1e+10 1e+10 1e+10 1e+10 1e+10 1e+10 1e+10 1e+10 1e+10 1e+10 1e+10 1e+10 1e+10 1e+10 1e+10 1e+10 1e+10 1e+10 1e+10 1e+10 1e+10 1e+10 1e+10 1e+10 1e+10 1e+10 
1e+10 1e+10 1e+10 1e+10 1e+10 1e+10 1e+10 1e+10 1e+10 1e+10 1e+10 1e+10 1e+10 1e+10 1e+10 1e+10 1e+10 1e+10 1e+10 1e+10 1e+10 1e+10 1e+10 1e+10 1e+10 1e+10 1e+10 1e+10 1e+10 1e+10 1e+10 1e+10 1e+10 1e+10 1e+10 1e+10 1e+10 1e+10 1e+10 1e+10 1e+10 1e+10 1e+10 1e+10 1e+10 1e+10 1e+10 1e+10 1e+10 1e+10 1e+10 1e+10 1e+10 1e+10 1e+10 1e+10 1e+10 1e+10 1e+10 1e+10 1e+10 1e+10 1e+10 1e+10 1e+10 1e+10 1e+10 1e+10 1e+10 1e+10 1e+10 1e+10 1e+10 1e+10 1e+10 1e+10 1e+10 1e+10 1e+10 1e+10 1e+10 1e+10 1e+10 1e+10 1e+10 1e+10 1e+10 1e+10 1e+10 1e+10 1e+10 1e+10 1e+10 1e+10 1e+10 1e+10 1e+10 1e+10 1e+10 1e+10 1e+10 
1e+10 1e+10 1e+10 1e+10 1e+10 1e+10 1e+10 1e+10 1e+10 1e+10 1e+10 1e+10 1e+10 1e+10 1e+10 1e+10 1e+10 1e+10 1e+10 1e+10 1e+10 1e+10 1e+10 1e+10 1e+10 1e+10 1e+10 1e+10 1e+10 1e+10 1e+10 1e+10 1e+10 1e+10 1e+10 1e+10 1e+10 1e+10 1e+10 1e+10 1e+10 1e+10 1e+10 1e+10 1e+10 1e+10 1e+10 1e+10 1e+10 1e+10 1e+10 1e+10 1e+10 1e+10 1e+10 1e+10 1e+10 1e+10 1e+10 1e+10 1e+10 1e+10 1e+10 1e+10 1e+10 1e+10 1e+10 1e+10 1e+10 1e+10 1e+10 1e+10 1e+10 1e+10 1e+10 1e+10 1e+10 1e+10 1e+10 1e+10 1e+10 1e+10 1e+10 1e+10 1e+10 1e+10 1e+10 1e+10 1e+10 1e+10 1e+10 1e+10 1e+10 1e+10 1e+10 1e+10 1e+10 1e+10 1e+10 1e+10 1e+10 
1e+10 1e+10 1e+10 1e+10 1e+10 1e+10 1e+10 1e+10 1e+10 1e+10 1e+10 1e+10 1e+10 1e+10 1e+10 1e+10 1e+10 1e+10 1e+10 1e+10 1e+10 1e+10 1e+10 1e+10 1e+10 1e+10 1e+10 1e+10 1e+10 1e+10 1e+10 1e+10 1e+10 1e+10 1e+10 1e+10 1e+10 1e+10 1e+10 1e+10 1e+10 1e+10 1e+10 1e+10 1e+10 1e+10 1e+10 1e+10 1e+10 1e+10 1e+10 1e+10 1e+10 1e+10 1e+10 1e+10 1e+10 1e+10 1e+10 1e+10 1e+10 1e+10 1e+10 1e+10 1e+10 1e+10 1e+10 1e+10 1e+10 1e+10 1e+10 1e+10 1e+10 1e+10 1e+10 1e+10 1e+10 1e+10 1e+10 1e+10 1e+10 1e+10 1e+10 1e+10 1e+10 1e+10 1e+10 1e+10 1e+10 1e+10 1e+10 1e+10 1e+10 1e+10 1e+10 1e+10 1e+10 1e+10 1e+10 1e+10 1e+10 
1e+10 1e+10 1e+10 1e+10 1e+10 1e+10 1e+10 1e+10 1e+10 1e+10 1e+10 1e+10 1e+10 1e+10 1e+10 1e+10 1e+10 1e+10 1e+10 1e+10 1e+10 1e+10 1e+10 1e+10 1e+10 1e+10 1e+10 1e+10 1e+10 1e+10 1e+10 1e+10 1e+10 1e+10 1e+10 1e+10 1e+10 1e+10 1e+10 1e+10 1e+10 1e+10 1e+10 1e+10 1e+10 1e+10 1e+10 1e+10 1e+10 1e+10 1e+10 1e+10 1e+10 1e+10 1e+10 1e+10 1e+10 1e+10 1e+10 1e+10 1e+10 1e+10 1e+10 1e+10 1e+10 1e+10 1e+10 1e+10 1e+10 1e+10 1e+10 1e+10 1e+10 1e+10 1e+10 1e+10 1e+10 1e+10 1e+10 1e+10 1e+10 1e+10 1e+10 1e+10 1e+10 1e+10 1e+10 1e+10 1e+10 1e+10 1e+10 1e+10 1e+10 1e+10 1e+10 1e+10 1e+10 1e+10 1e+10 1e+10 1e+10 
1e+10 1e+10 1e+10 1e+10 1e+10 1e+10 1e+10 1e+10 1e+10 1e+10 1e+10 1e+10 1e+10 1e+10 1e+10 1e+10 1e+10 1e+10 1e+10 1e+10 1e+10 1e+10 1e+10 1e+10 1e+10 1e+10 1e+10 1e+10 1e+10 1e+10 1e+10 1e+10 1e+10 1e+10 1e+10 1e+10 1e+10 1e+10 1e+10 1e+10 1e+10 1e+10 1e+10 1e+10 1e+10 1e+10 1e+10 1e+10 1e+10 1e+10 1e+10 1e+10 1e+10 1e+10 1e+10 1e+10 1e+10 1e+10 1e+10 1e+10 1e+10 1e+10 1e+10 1e+10 1e+10 1e+10 1e+10 1e+10 1e+10 1e+10 1e+10 1e+10 1e+10 1e+10 1e+10 1e+10 1e+10 1e+10 1e+10 1e+10 1e+10 1e+10 1e+10 1e+10 1e+10 1e+10 1e+10 1e+10 1e+10 1e+10 1e+10 1e+10 1e+10 1e+10 1e+10 1e+10 1e+10 1e+10 1e+10 1e+10 1e+10 
1e+10 1e+10 1e+10 1e+10 1e+10 1e+10 1e+10 1e+10 1e+10 1e+10 1e+10 1e+10 1e+10 1e+10 1e+10 1e+10 1e+10 1e+10 1e+10 1e+10 1e+10 1e+10 1e+10 1e+10 1e+10 1e+10 1e+10 1e+10 1e+10 1e+10 1e+10 1e+10 1e+10 1e+10 1e+10 1e+10 1e+10 1e+10 1e+10 1e+10 1e+10 1e+10 1e+10 1e+10 1e+10 1e+10 1e+10 1e+10 1e+10 1e+10 1e+10 1e+10 1e+10 1e+10 1e+10 1e+10 1e+10 1e+10 1e+10 1e+10 1e+10 1e+10 1e+10 1e+10 1e+10 1e+10 1e+10 1e+10 1e+10 1e+10 1e+10 1e+10 1e+10 1e+10 1e+10 1e+10 1e+10 1e+10 1e+10 1e+10 1e+10 1e+10 1e+10 1e+10 1e+10 1e+10 1e+10 1e+10 1e+10 1e+10 1e+10 1e+10 1e+10 1e+10 1e+10 1e+10 1e+10 1e+10 1e+10 1e+10 1e+10 
1e+10 1e+10 1e+10 1e+10 1e+10 1e+10 1e+10 1e+10 1e+10 1e+10 1e+10 1e+10 1e+10 1e+10 1e+10 1e+10 1e+10 1e+10 1e+10 1e+10 1e+10 1e+10 1e+10 1e+10 1e+10 1e+10 1e+10 1e+10 1e+10 1e+10 1e+10 1e+10 1e+10 1e+10 1e+10 1e+10 1e+10 1e+10 1e+10 1e+10 1e+10 1e+10 1e+10 1e+10 1e+10 1e+10 1e+10 1e+10 1e+10 1e+10 1e+10 1e+10 1e+10 1e+10 1e+10 1e+10 1e+10 1e+10 1e+10 1e+10 1e+10 1e+10 1e+10 1e+10 1e+10 1e+10 1e+10 1e+10 1e+10 1e+10 1e+10 1e+10 1e+10 1e+10 1e+10 1e+10 1e+10 1e+10 1e+10 1e+10 1e+10 1e+10 1e+10 1e+10 1e+10 1e+10 1e+10 1e+10 1e+10 1e+10 1e+10 1e+10 1e+10 1e+10 1e+10 1e+10 1e+10 1e+10 1e+10 1e+10 1e+10 
