# Please cite arXiv:2008.xxxxx
# The chisq test statistic between a given point in parameter space and the data including pulls from Daya Bay and KamLAND and marginalization over the other four oscillation parameters and the sign of cos(delta) for a fixed MO
# The first two rows define the grid:
#   J
#   s23sq
# The remaining rows are the chisq test statistic where the first row is at the smallest value of the Jarlskog and at increasing values of s23sq. The remaining rows are increasing values of delta.
-0.04 -0.0392 -0.0384 -0.0376 -0.0368 -0.036 -0.0352 -0.0344 -0.0336 -0.0328 -0.032 -0.0312 -0.0304 -0.0296 -0.0288 -0.028 -0.0272 -0.0264 -0.0256 -0.0248 -0.024 -0.0232 -0.0224 -0.0216 -0.0208 -0.02 -0.0192 -0.0184 -0.0176 -0.0168 -0.016 -0.0152 -0.0144 -0.0136 -0.0128 -0.012 -0.0112 -0.0104 -0.0096 -0.0088 -0.008 -0.0072 -0.0064 -0.0056 -0.0048 -0.004 -0.0032 -0.0024 -0.0016 -0.0008 0 0.0008 0.0016 0.0024 0.0032 0.004 0.0048 0.0056 0.0064 0.0072 0.008 0.0088 0.0096 0.0104 0.0112 0.012 0.0128 0.0136 0.0144 0.0152 0.016 0.0168 0.0176 0.0184 0.0192 0.02 0.0208 0.0216 0.0224 0.0232 0.024 0.0248 0.0256 0.0264 0.0272 0.028 0.0288 0.0296 0.0304 0.0312 0.032 0.0328 0.0336 0.0344 0.0352 0.036 0.0368 0.0376 0.0384 0.0392 0.04 
0.3 0.304 0.308 0.312 0.316 0.32 0.324 0.328 0.332 0.336 0.34 0.344 0.348 0.352 0.356 0.36 0.364 0.368 0.372 0.376 0.38 0.384 0.388 0.392 0.396 0.4 0.404 0.408 0.412 0.416 0.42 0.424 0.428 0.432 0.436 0.44 0.444 0.448 0.452 0.456 0.46 0.464 0.468 0.472 0.476 0.48 0.484 0.488 0.492 0.496 0.5 0.504 0.508 0.512 0.516 0.52 0.524 0.528 0.532 0.536 0.54 0.544 0.548 0.552 0.556 0.56 0.564 0.568 0.572 0.576 0.58 0.584 0.588 0.592 0.596 0.6 0.604 0.608 0.612 0.616 0.62 0.624 0.628 0.632 0.636 0.64 0.644 0.648 0.652 0.656 0.66 0.664 0.668 0.672 0.676 0.68 0.684 0.688 0.692 0.696 0.7 
1e+10 1e+10 1e+10 1e+10 1e+10 1e+10 1e+10 1e+10 1e+10 1e+10 1e+10 1e+10 1e+10 1e+10 1e+10 1e+10 1e+10 1e+10 1e+10 1e+10 1e+10 1e+10 1e+10 1e+10 1e+10 1e+10 1e+10 1e+10 1e+10 1e+10 1e+10 1e+10 1e+10 1e+10 1e+10 1e+10 1e+10 1e+10 1e+10 1e+10 1e+10 1e+10 1e+10 1e+10 1e+10 1e+10 1e+10 1e+10 1e+10 1e+10 1e+10 1e+10 1e+10 1e+10 1e+10 1e+10 1e+10 1e+10 1e+10 1e+10 1e+10 1e+10 1e+10 1e+10 1e+10 1e+10 1e+10 1e+10 1e+10 1e+10 1e+10 1e+10 1e+10 1e+10 1e+10 1e+10 1e+10 1e+10 1e+10 1e+10 1e+10 1e+10 1e+10 1e+10 1e+10 1e+10 1e+10 1e+10 1e+10 1e+10 1e+10 1e+10 1e+10 1e+10 1e+10 1e+10 1e+10 1e+10 1e+10 1e+10 1e+10 
1e+10 1e+10 1e+10 1e+10 1e+10 1e+10 1e+10 1e+10 1e+10 1e+10 1e+10 1e+10 1e+10 1e+10 1e+10 1e+10 1e+10 1e+10 1e+10 1e+10 1e+10 1e+10 1e+10 1e+10 1e+10 1e+10 1e+10 1e+10 1e+10 1e+10 1e+10 1e+10 1e+10 1e+10 1e+10 1e+10 1e+10 1e+10 1e+10 1e+10 1e+10 1e+10 1e+10 1e+10 1e+10 1e+10 1e+10 1e+10 1e+10 1e+10 1e+10 1e+10 1e+10 1e+10 1e+10 1e+10 1e+10 1e+10 1e+10 1e+10 1e+10 1e+10 1e+10 1e+10 1e+10 1e+10 1e+10 1e+10 1e+10 1e+10 1e+10 1e+10 1e+10 1e+10 1e+10 1e+10 1e+10 1e+10 1e+10 1e+10 1e+10 1e+10 1e+10 1e+10 1e+10 1e+10 1e+10 1e+10 1e+10 1e+10 1e+10 1e+10 1e+10 1e+10 1e+10 1e+10 1e+10 1e+10 1e+10 1e+10 1e+10 
1e+10 1e+10 1e+10 1e+10 1e+10 1e+10 1e+10 1e+10 1e+10 1e+10 1e+10 1e+10 1e+10 1e+10 1e+10 1e+10 1e+10 1e+10 1e+10 1e+10 1e+10 1e+10 1e+10 1e+10 1e+10 1e+10 1e+10 1e+10 1e+10 1e+10 1e+10 1e+10 1e+10 1e+10 1e+10 1e+10 1e+10 1e+10 1e+10 1e+10 1e+10 1e+10 1e+10 1e+10 1e+10 1e+10 1e+10 1e+10 1e+10 1e+10 1e+10 1e+10 1e+10 1e+10 1e+10 1e+10 1e+10 1e+10 1e+10 1e+10 1e+10 1e+10 1e+10 1e+10 1e+10 1e+10 1e+10 1e+10 1e+10 1e+10 1e+10 1e+10 1e+10 1e+10 1e+10 1e+10 1e+10 1e+10 1e+10 1e+10 1e+10 1e+10 1e+10 1e+10 1e+10 1e+10 1e+10 1e+10 1e+10 1e+10 1e+10 1e+10 1e+10 1e+10 1e+10 1e+10 1e+10 1e+10 1e+10 1e+10 1e+10 
1e+10 1e+10 1e+10 1e+10 1e+10 1e+10 1e+10 1e+10 1e+10 1e+10 1e+10 1e+10 1e+10 1e+10 1e+10 1e+10 1e+10 1e+10 1e+10 1e+10 1e+10 1e+10 1e+10 1e+10 1e+10 1e+10 1e+10 1e+10 1e+10 1e+10 1e+10 1e+10 1e+10 1e+10 1e+10 1e+10 1e+10 1e+10 1e+10 1e+10 1e+10 1e+10 1e+10 1e+10 1e+10 1e+10 1e+10 1e+10 1e+10 1e+10 1e+10 1e+10 1e+10 1e+10 1e+10 1e+10 1e+10 1e+10 1e+10 1e+10 1e+10 1e+10 1e+10 1e+10 1e+10 1e+10 1e+10 1e+10 1e+10 1e+10 1e+10 1e+10 1e+10 1e+10 1e+10 1e+10 1e+10 1e+10 1e+10 1e+10 1e+10 1e+10 1e+10 1e+10 1e+10 1e+10 1e+10 1e+10 1e+10 1e+10 1e+10 1e+10 1e+10 1e+10 1e+10 1e+10 1e+10 1e+10 1e+10 1e+10 1e+10 
1e+10 1e+10 1e+10 1e+10 1e+10 1e+10 1e+10 1e+10 1e+10 1e+10 1e+10 1e+10 1e+10 1e+10 1e+10 1e+10 1e+10 1e+10 1e+10 1e+10 1e+10 1e+10 1e+10 1e+10 1e+10 1e+10 1e+10 1e+10 1e+10 1e+10 1e+10 1e+10 1e+10 1e+10 1e+10 1e+10 1e+10 1e+10 1e+10 1e+10 1e+10 1e+10 1e+10 1e+10 1e+10 1e+10 1e+10 1e+10 1e+10 1e+10 1e+10 1e+10 1e+10 1e+10 1e+10 1e+10 1e+10 1e+10 1e+10 1e+10 1e+10 1e+10 1e+10 1e+10 1e+10 1e+10 1e+10 1e+10 1e+10 1e+10 1e+10 1e+10 1e+10 1e+10 1e+10 1e+10 1e+10 1e+10 1e+10 1e+10 1e+10 1e+10 1e+10 1e+10 1e+10 1e+10 1e+10 1e+10 1e+10 1e+10 1e+10 1e+10 1e+10 1e+10 1e+10 1e+10 1e+10 1e+10 1e+10 1e+10 1e+10 
1e+10 1e+10 1e+10 1e+10 1e+10 1e+10 1e+10 1e+10 1e+10 1e+10 1e+10 1e+10 1e+10 1e+10 1e+10 1e+10 1e+10 1e+10 1e+10 1e+10 1e+10 1e+10 1e+10 1e+10 1e+10 1e+10 1e+10 1e+10 1e+10 1e+10 1e+10 1e+10 1e+10 1e+10 1e+10 1e+10 1e+10 1e+10 1e+10 1e+10 1e+10 1e+10 1e+10 1e+10 1e+10 1e+10 1e+10 1e+10 1e+10 1e+10 1e+10 1e+10 1e+10 1e+10 1e+10 1e+10 1e+10 1e+10 1e+10 1e+10 1e+10 1e+10 1e+10 1e+10 1e+10 1e+10 1e+10 1e+10 1e+10 1e+10 1e+10 1e+10 1e+10 1e+10 1e+10 1e+10 1e+10 1e+10 1e+10 1e+10 1e+10 1e+10 1e+10 1e+10 1e+10 1e+10 1e+10 1e+10 1e+10 1e+10 1e+10 1e+10 1e+10 1e+10 1e+10 1e+10 1e+10 1e+10 1e+10 1e+10 1e+10 
1e+10 1e+10 1e+10 1e+10 1e+10 1e+10 1e+10 1e+10 1e+10 1e+10 1e+10 1e+10 1e+10 1e+10 1e+10 1e+10 1e+10 1e+10 1e+10 1e+10 1e+10 1e+10 1e+10 1e+10 1e+10 1e+10 1e+10 1e+10 1e+10 1e+10 1e+10 1e+10 1e+10 1e+10 1e+10 1e+10 1e+10 1e+10 1e+10 1e+10 1e+10 1e+10 1e+10 1e+10 1e+10 1e+10 1e+10 1e+10 1e+10 1e+10 1e+10 1e+10 1e+10 1e+10 1e+10 1e+10 1e+10 1e+10 1e+10 1e+10 1e+10 1e+10 1e+10 1e+10 1e+10 1e+10 1e+10 1e+10 1e+10 1e+10 1e+10 1e+10 1e+10 1e+10 1e+10 1e+10 1e+10 1e+10 1e+10 1e+10 1e+10 1e+10 1e+10 1e+10 1e+10 1e+10 1e+10 1e+10 1e+10 1e+10 1e+10 1e+10 1e+10 1e+10 1e+10 1e+10 1e+10 1e+10 1e+10 1e+10 1e+10 
1e+10 1e+10 1e+10 1e+10 1e+10 1e+10 1e+10 1e+10 1e+10 1e+10 1e+10 1e+10 1e+10 1e+10 1e+10 1e+10 1e+10 1e+10 1e+10 1e+10 1e+10 1e+10 1e+10 1e+10 1e+10 1e+10 1e+10 1e+10 1e+10 1e+10 1e+10 1e+10 1e+10 1e+10 1e+10 1e+10 1e+10 1e+10 1e+10 1e+10 1e+10 1e+10 1e+10 1e+10 1e+10 1e+10 1e+10 1e+10 1e+10 1e+10 1e+10 1e+10 1e+10 1e+10 1e+10 1e+10 1e+10 1e+10 1e+10 1e+10 1e+10 1e+10 1e+10 1e+10 1e+10 1e+10 1e+10 1e+10 1e+10 1e+10 1e+10 1e+10 1e+10 1e+10 1e+10 1e+10 1e+10 1e+10 1e+10 1e+10 1e+10 1e+10 1e+10 1e+10 1e+10 1e+10 1e+10 1e+10 1e+10 1e+10 1e+10 1e+10 1e+10 1e+10 1e+10 1e+10 1e+10 1e+10 1e+10 1e+10 1e+10 
1e+10 1e+10 1e+10 1e+10 1e+10 1e+10 1e+10 1e+10 1e+10 1e+10 1e+10 1e+10 1e+10 1e+10 1e+10 1e+10 1e+10 1e+10 1e+10 1e+10 1e+10 1e+10 1e+10 1e+10 1e+10 1e+10 10.118 9.60382 9.16772 8.79598 8.48504 8.23199 8.03192 7.88011 7.77204 5.85522 5.73275 5.64994 5.60221 5.58532 5.59534 5.62863 5.68188 5.75208 5.83651 5.93276 6.03871 6.15255 6.27275 6.39809 6.52762 6.66071 6.79701 6.93644 7.07925 7.22595 7.37737 7.53461 7.69907 7.87246 8.05678 8.25433 8.46771 8.69983 8.9539 9.23346 11.7407 11.9744 12.2302 12.5116 12.8227 13.1678 13.5523 13.9831 14.4745 1e+10 1e+10 1e+10 1e+10 1e+10 1e+10 1e+10 1e+10 1e+10 1e+10 1e+10 1e+10 1e+10 1e+10 1e+10 1e+10 1e+10 1e+10 1e+10 1e+10 1e+10 1e+10 1e+10 1e+10 1e+10 1e+10 
1e+10 1e+10 1e+10 1e+10 1e+10 1e+10 1e+10 1e+10 1e+10 1e+10 1e+10 1e+10 1e+10 1e+10 24.4397 22.4591 20.6579 19.0164 17.524 16.1715 13.1493 11.9055 10.7981 9.8174 8.95433 8.2001 7.54629 6.98484 6.50792 6.10764 5.77572 5.5045 5.28772 5.11995 4.99193 4.89887 4.83993 4.81131 4.80937 4.83068 4.87204 4.93045 5.00316 5.08761 5.18148 5.28266 5.38929 5.49972 5.61251 5.72648 5.84065 5.95429 6.06688 6.17814 6.28803 6.39672 6.50463 6.61243 6.72099 6.83147 6.94524 7.06398 7.18959 7.3243 7.47066 7.63159 7.81046 8.01114 8.2381 8.4963 8.79114 9.12828 9.5136 9.95322 10.4535 11.0211 11.663 12.3865 13.1993 14.1094 15.1251 18.7893 19.7835 20.875 22.073 23.3901 24.8632 1e+10 1e+10 1e+10 1e+10 1e+10 1e+10 1e+10 1e+10 1e+10 1e+10 1e+10 1e+10 1e+10 1e+10 
1e+10 1e+10 1e+10 1e+10 1e+10 1e+10 46.8157 43.1996 39.8362 36.7079 32.1048 29.243 26.6193 24.2197 22.0292 20.0315 18.2094 16.5484 15.0371 13.6657 12.4256 11.3086 10.307 9.41346 8.62077 7.92214 7.31097 6.78096 6.32599 5.94025 5.6181 5.35417 5.14332 4.98064 4.8537 4.75419 4.68919 4.65477 4.64725 4.66316 4.69925 4.7525 4.82013 4.89955 4.98842 5.08463 5.18628 5.29169 5.39944 5.5083 5.61728 5.72562 5.83278 5.93845 6.04256 6.14524 6.24688 6.34806 6.44962 6.55261 6.65833 6.76827 6.8842 7.00809 7.14213 7.28877 7.45067 7.63075 7.83213 8.0582 8.31258 8.59911 8.92193 9.28539 9.69414 10.1531 10.6676 11.2431 11.8857 12.6022 13.4001 14.2882 15.2771 16.3787 17.6053 18.9688 20.4805 22.1517 23.9942 26.0198 28.2409 33.2541 35.5096 37.945 40.5816 1e+10 1e+10 1e+10 1e+10 1e+10 1e+10 
73.7211 68.4501 61.8873 57.0352 52.5263 48.3386 44.4466 40.8244 37.4517 34.3135 31.3974 28.6922 26.1874 23.8731 21.7397 19.7779 17.9789 16.334 14.8347 13.4729 12.2407 11.1304 10.1346 9.24601 8.45778 7.76314 7.1556 6.62889 6.17697 5.79403 5.4745 5.21303 5.0045 4.84401 4.72029 4.61634 4.547 4.50834 4.49666 4.50849 4.54056 4.58986 4.65357 4.72912 4.81416 4.90655 5.00441 5.10605 5.21003 5.31512 5.42033 5.52488 5.62824 5.73008 5.83032 5.9291 6.02677 6.12394 6.22141 6.32023 6.42168 6.52725 6.63868 6.75792 6.88715 7.02879 7.18548 7.3601 7.55572 7.7757 8.02358 8.30315 8.61843 8.97367 9.37336 9.8222 10.3251 10.8874 11.5143 12.2117 12.9853 13.8414 14.7863 15.8269 16.9699 18.2228 19.5932 21.0892 22.7195 24.4937 26.4231 28.5214 30.8061 33.2969 36.0126 38.97 42.1853 45.6746 49.4541 55.9822 59.863 
71.356 66.0839 61.1248 56.4642 52.089 47.987 44.1466 40.5564 37.2056 34.0837 31.1802 28.4853 25.989 23.6819 21.5548 19.5985 17.8043 16.1637 14.6682 13.3099 12.0808 10.9734 9.98023 9.09413 8.30817 7.61565 7.01008 6.48522 6.03505 5.65376 5.33579 5.07581 4.86869 4.70956 4.59055 4.48284 4.4098 4.36752 4.35227 4.36057 4.38917 4.43504 4.49536 4.56755 4.64926 4.73836 4.83294 4.93132 5.03205 5.13391 5.2359 5.33723 5.43737 5.536 5.63302 5.72856 5.82298 5.91687 6.01105 6.10655 6.20464 6.30682 6.4148 6.53055 6.65623 6.79425 6.94725 7.11808 7.30984 7.52583 7.7696 8.04493 8.35581 8.70648 9.10139 9.54523 10.0429 10.5996 11.2206 11.9117 12.6785 13.5272 14.4641 15.4957 16.6287 17.8703 19.2276 20.7081 22.3196 24.0701 25.9677 28.0211 30.2391 32.6308 35.2059 37.9745 40.9473 44.1366 47.5566 51.2263 55.1712 
71.0675 65.8208 60.8805 56.2345 51.8711 47.7788 43.9466 40.3635 37.0188 33.9022 31.0035 28.3128 25.8203 23.5167 21.3926 19.4391 17.6475 16.0092 14.516 13.1597 11.9325 10.8268 9.83522 8.95063 8.16609 7.4749 6.87059 6.34691 5.89786 5.51764 5.20069 4.94168 4.7355 4.57727 4.46233 4.3531 4.27674 4.23117 4.21268 4.21779 4.24324 4.28598 4.34321 4.41235 4.49103 4.57713 4.66873 4.76416 4.86195 4.96089 5.05997 5.1584 5.25565 5.3514 5.44553 5.53819 5.62973 5.72074 5.81202 5.90462 5.99979 6.09904 6.20407 6.31684 6.43952 6.57451 6.72444 6.89216 7.08076 7.29354 7.53405 7.80606 8.11354 8.46074 8.85209 9.29227 9.78619 10.339 10.956 11.6428 12.4053 13.2495 14.1816 15.2082 16.336 17.5719 18.9232 20.3972 22.0017 23.7445 25.6337 27.6777 29.8851 32.2648 34.8257 37.5772 40.529 43.6908 47.0729 50.6857 54.54 
70.863 65.6241 60.6905 56.0503 51.692 47.6043 43.7761 40.1966 36.8553 33.7416 30.8456 28.1573 25.6671 23.3655 21.2433 19.2916 17.5016 15.8648 14.3729 13.0179 11.7919 10.6873 9.6968 8.81319 8.02957 7.33925 6.73575 6.21285 5.76453 5.38501 5.06872 4.81035 4.60477 4.44712 4.33275 4.22688 4.14741 4.09879 4.07728 4.07941 4.10191 4.14175 4.1961 4.26239 4.33825 4.42154 4.51037 4.60304 4.6981 4.79432 4.89069 4.98644 5.08101 5.17408 5.26556 5.35557 5.44446 5.53282 5.62146 5.71141 5.80393 5.90052 6.00289 6.11299 6.23298 6.36527 6.51247 6.67745 6.86329 7.07328 7.31097 7.58012 7.88471 8.22896 8.61733 9.05447 9.5453 10.0949 10.7087 11.3922 12.1513 12.992 13.9205 14.9434 16.0673 17.2992 18.6464 20.1161 21.716 23.454 25.3381 27.3768 29.5784 31.9519 34.5061 37.2504 40.1942 43.3472 46.7194 50.3209 54.1622 
70.6904 65.4556 60.5257 55.8888 51.5335 47.4485 43.6227 40.0455 36.7061 33.5944 30.7 28.0133 25.5245 23.2242 21.1033 19.1527 17.3637 15.7279 14.2369 12.8827 11.6574 10.5536 9.56372 8.68073 7.89769 7.20791 6.60492 6.0825 5.63463 5.25553 4.93965 4.68166 4.47645 4.31914 4.2051 4.10401 4.02162 3.97009 3.94573 3.94504 3.96475 4.00182 4.05344 4.11703 4.19021 4.27085 4.35704 4.4471 4.53957 4.63322 4.72703 4.82024 4.91229 5.00285 5.09182 5.17933 5.26574 5.35162 5.43778 5.52526 5.61532 5.70944 5.80934 5.91696 6.03447 6.16427 6.30899 6.47146 6.65478 6.86224 7.09738 7.36395 7.66595 8.00759 8.39331 8.82778 9.31589 9.86277 10.4738 11.1545 11.9106 12.7484 13.6739 14.6937 15.8144 17.0431 18.3869 19.8532 21.4496 23.1839 25.0643 27.0989 29.2965 31.6656 34.2153 36.9548 39.8935 43.0411 46.4075 50.0028 53.8374 
70.5371 65.3049 60.3772 55.7424 51.389 47.3057 43.4816 39.9058 36.5677 33.4571 30.5639 27.8782 25.3903 23.0908 20.9706 19.0207 17.2324 15.5971 14.1067 12.753 11.5282 10.4248 9.43528 8.55264 7.76992 7.08044 6.47772 5.95555 5.50791 5.12902 4.81334 4.55553 4.35049 4.19335 4.07945 3.98442 3.89921 3.84492 3.81782 3.81442 3.83145 3.86588 3.91488 3.97587 4.04648 4.12458 4.20825 4.29581 4.3858 4.47698 4.56835 4.65913 4.74876 4.83692 4.92351 5.00865 5.09269 5.17621 5.26002 5.34516 5.43288 5.52466 5.62223 5.72752 5.84271 5.97018 6.11255 6.27269 6.45366 6.65877 6.89154 7.15574 7.45536 7.79459 8.17789 8.60992 9.09557 9.63996 10.2484 10.9266 11.6802 12.5153 13.4382 14.4553 15.5733 16.7992 18.1401 19.6035 21.1969 22.9282 24.8054 26.8368 29.031 31.3967 33.9428 36.6786 39.6135 42.7571 46.1192 49.7101 53.54 
70.3979 65.1673 60.2411 55.6077 51.2555 47.1733 43.3501 39.7752 36.4379 33.3281 30.4355 27.7504 25.263 22.9641 20.8443 18.8948 17.1068 15.4718 13.9817 12.6282 11.4036 10.3004 9.31104 8.42854 7.64593 6.95654 6.35391 5.8318 5.38421 5.00537 4.68971 4.43192 4.22689 4.06975 3.95585 3.86803 3.78011 3.72314 3.6934 3.68738 3.70183 3.7337 3.78017 3.83865 3.90678 3.98242 4.06365 4.1488 4.23639 4.3252 4.41421 4.50265 4.58995 4.6758 4.76009 4.84294 4.92471 5.00597 5.08753 5.17042 5.2559 5.34545 5.4408 5.54387 5.65683 5.78208 5.92225 6.08016 6.25891 6.4618 6.69235 6.95431 7.25169 7.58867 7.96971 8.39947 8.88283 9.42492 10.0311 10.7069 11.4581 12.2909 13.2113 14.226 15.3415 16.5649 17.9033 19.3641 20.9548 22.6834 24.5579 26.5865 28.7778 31.1406 33.6837 36.4164 39.3481 42.4883 45.8471 49.4344 53.2606 
70.2699 65.0403 60.1151 55.4824 51.1309 47.0494 43.2268 39.6524 36.3156 33.2061 30.3139 27.629 25.1419 22.8432 20.7236 18.7742 16.9863 15.3515 13.8613 12.5079 11.2833 10.1801 9.19072 8.30817 7.5255 6.83604 6.23333 5.71112 5.26343 4.88448 4.56871 4.31079 4.10563 3.94836 3.83433 3.75481 3.66426 3.60468 3.57236 3.5638 3.57574 3.60512 3.64912 3.70517 3.77089 3.84414 3.92301 4.0058 4.09107 4.17757 4.26429 4.35045 4.43551 4.51911 4.60117 4.68181 4.76138 4.84045 4.91984 5.00056 5.08388 5.17128 5.26448 5.36542 5.47625 5.59937 5.73741 5.8932 6.06983 6.27059 6.49902 6.75886 7.0541 7.38895 7.76785 8.19546 8.67667 9.21659 9.82058 10.4942 11.2432 12.0737 12.9919 14.0043 15.1176 16.3387 17.6747 19.1331 20.7215 22.4476 24.3196 26.3458 28.5345 30.8947 33.4351 36.1651 39.094 42.2314 45.5872 49.1715 52.9946 
70.1514 64.9224 59.9976 55.3654 51.0143 46.933 43.1107 39.5365 36.1998 33.0905 30.1983 27.5135 25.0264 22.7277 20.608 18.6586 16.8706 15.2356 13.7454 12.3918 11.1671 10.0636 9.0741 8.19135 7.40848 6.7188 6.11586 5.59343 5.14551 4.76631 4.4503 4.19213 3.98673 3.82921 3.71493 3.63947 3.55159 3.48947 3.45464 3.4436 3.45307 3.48002 3.52163 3.57529 3.63865 3.70957 3.78612 3.86663 3.94962 4.03387 4.11836 4.20231 4.28516 4.36658 4.44648 4.52496 4.60239 4.67933 4.7566 4.83522 4.91644 5.00176 5.09288 5.19174 5.30051 5.42158 5.55756 5.71131 5.88589 6.08461 6.31099 6.5688 6.862 7.1948 7.57166 7.99721 8.47637 9.01423 9.61614 10.2877 11.0346 11.863 12.7791 13.7894 14.9005 16.1194 17.4533 18.9095 20.4957 22.2195 24.0893 26.1131 28.2995 30.6573 33.1953 35.9228 38.8492 41.9841 45.3373 48.9189 52.7392 
70.0412 64.8124 59.8878 55.2557 50.9047 46.8235 43.0011 39.4268 36.0901 32.9807 30.0884 27.4034 24.9161 22.6171 20.4973 18.5476 16.7594 15.1241 13.6336 12.2797 11.0547 9.95089 8.96104 8.07796 7.29475 6.60473 6.00144 5.47866 5.03038 4.65083 4.33446 4.07594 3.87018 3.7123 3.59766 3.52185 3.44208 3.37747 3.34017 3.32669 3.33376 3.35833 3.39757 3.4489 3.50995 3.57858 3.65287 3.73113 3.8119 3.89394 3.97624 4.05802 4.13872 4.218 4.29578 4.37216 4.44749 4.52236 4.59755 4.67412 4.7533 4.83658 4.92568 5.02253 5.12929 5.24836 5.38235 5.53411 5.70671 5.90345 6.12785 6.38368 6.67491 7.00575 7.38063 7.80421 8.28139 8.81727 9.4172 10.0868 10.8317 11.6581 12.5722 13.5804 14.6895 15.9064 17.2382 18.6923 20.2764 21.9982 23.8657 25.8874 28.0716 30.4272 32.963 35.6882 38.6123 41.7448 45.0957 48.6749 52.4927 
69.9385 64.7097 59.785 55.1527 50.8015 46.7201 42.8976 39.323 35.986 32.8763 29.9837 27.2983 24.8107 22.5114 20.3911 18.441 16.6524 15.0167 13.5257 12.1714 10.9459 9.84173 8.85143 7.9679 7.18423 6.49375 5.89001 5.36676 4.91803 4.53801 4.22118 3.9622 3.75598 3.59765 3.48257 3.4063 3.3357 3.26864 3.22892 3.21304 3.21773 3.23995 3.27688 3.32591 3.38469 3.45107 3.52313 3.59918 3.67776 3.75763 3.83779 3.91743 3.99602 4.07321 4.1489 4.22321 4.2965 4.36932 4.4425 4.51705 4.59423 4.67553 4.76264 4.85752 4.96232 5.07944 5.21148 5.3613 5.53197 5.72679 5.94927 6.20318 6.49249 6.82142 7.19439 7.61606 8.09132 8.6253 9.22331 9.89095 10.634 11.4585 12.3706 13.3769 14.4841 15.699 17.0288 18.481 20.063 21.7828 23.6484 25.668 27.8502 30.2036 32.7373 35.4604 38.3824 41.5127 44.8613 48.4383 52.2539 
69.8428 64.6137 59.6886 55.0561 50.7045 46.6227 42.7997 39.2247 35.8873 32.777 29.8839 27.1981 24.7099 22.4101 20.2893 18.3387 16.5495 14.9133 13.4217 12.0669 10.8408 9.73606 8.74519 7.86109 7.07687 6.38582 5.78151 5.25771 4.80841 4.42784 4.11045 3.85093 3.64416 3.48528 3.36966 3.29286 3.23242 3.16294 3.12083 3.10259 3.10494 3.12485 3.15949 3.20626 3.2628 3.32695 3.39682 3.47069 3.54712 3.62485 3.70289 3.78044 3.85694 3.93207 4.00571 4.07799 4.14925 4.22008 4.29126 4.36384 4.43905 4.5184 4.60357 4.69652 4.7994 4.9146 5.04474 5.19267 5.36144 5.55437 5.77498 6.02702 6.31447 6.64153 7.01263 7.43245 7.90585 8.43797 9.03413 9.69991 10.4411 11.2637 12.174 13.1784 14.2837 15.4967 16.8247 18.2749 19.8551 21.5729 23.4365 25.4542 27.6344 29.9859 32.5177 35.2388 38.1587 41.2869 44.6335 48.2083 52.0218 
69.7536 64.524 59.5984 54.9653 50.6131 46.5308 42.7072 39.1316 35.7935 32.6827 29.7889 27.1025 24.6137 22.3131 20.1917 18.2404 16.4506 14.8137 13.3215 11.9659 10.7392 9.63379 8.64226 7.75749 6.9726 6.2809 5.67593 5.15147 4.70152 4.3203 4.00227 3.74211 3.53471 3.37521 3.25896 3.18155 3.13223 3.06036 3.01588 2.9953 2.99535 3.01297 3.04535 3.08988 3.1442 3.20617 3.27386 3.34558 3.41988 3.49551 3.57145 3.64693 3.72138 3.79447 3.86609 3.93636 4.00564 4.07449 4.14371 4.21434 4.28762 4.36504 4.44831 4.53935 4.64034 4.75367 4.88194 5.028 5.19493 5.38601 5.60478 5.85498 6.1406 6.46584 6.83512 7.25312 7.72472 8.25502 8.84937 9.51334 10.2527 11.0735 11.982 12.9846 14.088 15.2993 16.6254 18.0738 19.6521 21.3681 23.2299 25.2457 27.424 29.7736 32.3034 35.0226 37.9406 41.0669 44.4115 47.9844 51.7958 
69.6706 64.4403 59.514 54.8802 50.5273 46.4442 42.6198 39.0435 35.7047 32.5931 29.6986 27.0113 24.5217 22.2204 20.0982 18.1462 16.3555 14.7179 13.2249 11.8686 10.6411 9.53488 8.54258 7.65706 6.8714 6.17895 5.57323 5.04803 4.59734 4.2154 3.89664 3.63576 3.42765 3.26745 3.1505 3.0724 3.02895 2.96087 2.91405 2.89116 2.88892 2.90427 2.93441 2.97673 3.02886 3.08865 3.15419 3.22379 3.29598 3.36952 3.4434 3.51683 3.58924 3.66032 3.72994 3.79824 3.86555 3.93244 3.99973 4.06844 4.13981 4.21533 4.29672 4.38589 4.48502 4.59649 4.72292 4.86715 5.03226 5.22153 5.43849 5.68689 5.97071 6.29416 6.66166 7.07788 7.5477 8.07623 8.66881 9.33101 10.0686 10.8877 11.7944 12.7952 13.8969 15.1063 16.4307 17.8773 19.4538 21.168 23.028 25.042 27.2186 29.5663 32.0943 34.8117 37.7278 40.8522 44.1949 47.7659 51.5754 
69.5935 64.3623 59.4352 54.8005 50.4467 46.3627 42.5375 38.9603 35.6206 32.5081 29.6127 26.9245 24.4341 22.1319 20.0087 18.0558 16.2643 14.6257 13.1319 11.7747 10.5464 9.43928 8.44612 7.55975 6.77325 6.07996 5.47341 4.94738 4.49588 4.11312 3.79357 3.53189 3.32299 3.16201 3.04429 2.96543 2.92122 2.86446 2.81532 2.79013 2.78561 2.79873 2.82664 2.86676 2.91672 2.97436 3.03777 3.10526 3.17536 3.24683 3.31866 3.39006 3.46046 3.52954 3.59719 3.66352 3.72889 3.79386 3.85923 3.92603 3.99552 4.06917 4.14869 4.23602 4.33331 4.44295 4.56757 4.70999 4.8733 5.06078 5.27596 5.52259 5.80465 6.12633 6.49208 6.90656 7.37463 7.90142 8.49227 9.15273 9.88861 10.7059 11.6109 12.61 13.71 14.9177 16.2403 17.6852 19.26 20.9725 22.8307 24.8429 27.0177 29.3637 31.8899 34.6055 37.5198 40.6425 43.9833 47.5524 51.3601 
69.522 64.2899 59.3618 54.7261 50.3713 46.2863 42.46 38.8818 35.5411 32.4275 29.5311 26.842 24.3505 22.0473 19.9232 17.9693 16.1768 14.5373 13.0424 11.6843 10.455 9.34696 8.35286 7.46555 6.67812 5.98391 5.37645 4.84952 4.39712 4.01348 3.69305 3.4305 3.22074 3.05891 2.94035 2.86066 2.81563 2.77111 2.71966 2.69219 2.68542 2.6963 2.72201 2.75995 2.80774 2.86325 2.92455 2.98994 3.05797 3.12739 3.19718 3.26657 3.33498 3.40208 3.46777 3.53215 3.59559 3.65865 3.72212 3.78705 3.85466 3.92646 4.00414 4.08963 4.18511 4.29295 4.41576 4.5564 4.71793 4.90365 5.11707 5.36195 5.64227 5.96222 6.32625 6.739 7.20536 7.73044 8.31958 8.97834 9.71252 10.5281 11.4314 12.4288 13.5271 14.7331 16.054 17.4972 19.0703 20.7811 22.6376 24.6482 26.8212 29.1655 31.69 34.4038 37.3164 40.4373 43.7764 47.3438 51.1497 
69.4562 64.2229 59.2936 54.6568 50.3009 46.2147 42.3873 38.808 35.4661 32.3514 29.4539 26.7637 24.2711 21.9668 19.8416 17.8866 16.093 14.4524 12.9565 11.5973 10.3669 9.25789 8.26276 7.37444 6.58601 5.89079 5.28235 4.75444 4.30107 3.91647 3.59509 3.33161 3.12092 2.95817 2.83871 2.75811 2.7122 2.6808 2.62706 2.59732 2.58831 2.59697 2.62049 2.65626 2.70191 2.75529 2.81448 2.8778 2.94377 3.01115 3.07892 3.1463 3.21273 3.27787 3.34161 3.40407 3.46559 3.52675 3.58834 3.6514 3.71716 3.78712 3.86297 3.94666 4.04033 4.14638 4.26742 4.4063 4.56607 4.75004 4.96172 5.20488 5.48347 5.80172 6.16403 6.57508 7.03975 7.56315 8.1506 8.80769 9.54019 10.3541 11.2557 12.2515 13.3481 14.5525 15.8717 17.3133 18.8847 20.5938 22.4487 24.4576 26.6289 28.9716 31.4944 34.2065 37.1174 40.2366 43.574 47.1396 50.9438 
69.3957 64.1611 59.2306 54.5925 50.2353 46.1479 42.3193 38.7386 35.3955 32.2797 29.3809 26.6894 24.1957 21.8902 19.7638 17.8076 16.0128 14.3711 12.874 11.5137 10.2822 9.17206 8.17583 7.28641 6.4969 5.80061 5.1911 4.66214 4.20774 3.82211 3.49971 3.23522 3.02354 2.85981 2.73937 2.65782 2.61096 2.59354 2.53751 2.50551 2.49427 2.50072 2.52205 2.55566 2.59917 2.65044 2.70755 2.76879 2.83271 2.89806 2.96383 3.02922 3.09368 3.15686 3.21867 3.27921 3.33883 3.39811 3.45783 3.51903 3.58296 3.65109 3.72513 3.80702 3.8989 4.00318 4.12246 4.25958 4.41762 4.59986 4.80982 5.05127 5.32816 5.64471 6.00534 6.41471 6.87771 7.39944 7.98524 8.64067 9.37152 10.1838 11.0838 12.0779 13.1729 14.3756 15.6932 17.1331 18.7029 20.4104 22.2636 24.2709 26.4406 28.7816 31.3028 34.0133 36.9225 40.0401 43.3758 46.9398 50.7422 
69.3405 64.1046 59.1726 54.5331 50.1746 46.0858 42.2558 38.6738 35.3294 32.2122 29.3121 26.6193 24.1242 21.8174 19.6898 17.7323 15.9363 14.2933 12.7951 11.4335 10.2008 9.08946 8.09204 7.20145 6.41078 5.71335 5.10271 4.57264 4.11712 3.7304 3.40692 3.14136 2.92862 2.76384 2.64237 2.5598 2.51193 2.49479 2.45099 2.41674 2.40327 2.40753 2.42669 2.45814 2.49953 2.54869 2.60371 2.6629 2.72477 2.7881 2.85187 2.91528 2.97778 3.03902 3.0989 3.15753 3.21526 3.27266 3.33053 3.38989 3.45199 3.5183 3.59055 3.67065 3.76076 3.86328 3.98081 4.11619 4.2725 4.45303 4.66129 4.90104 5.17624 5.49112 5.85008 6.25779 6.71913 7.23921 7.82337 8.47717 9.20639 10.0171 10.9154 11.9079 13.0013 14.2024 15.5184 16.9567 18.5249 20.2308 22.0824 24.088 26.2562 28.5956 31.1151 33.824 36.7316 39.8475 43.1816 46.744 50.5448 
69.2906 64.053 59.1196 54.4786 50.1185 46.0283 42.1968 38.6134 35.2675 32.1489 29.2474 26.5532 24.0567 21.7486 19.6196 17.6607 15.8634 14.2191 12.7195 11.3567 10.1227 9.01007 8.0114 7.11957 6.32767 5.62903 5.01718 4.48592 4.02923 3.64135 3.31672 3.05003 2.83617 2.67028 2.54772 2.46407 2.41513 2.39694 2.3675 2.331 2.31531 2.31738 2.33436 2.36368 2.40294 2.45 2.50295 2.56008 2.61992 2.68124 2.74301 2.80445 2.86499 2.9243 2.98226 3.03899 3.09484 3.15038 3.2064 3.26392 3.3242 3.38871 3.45917 3.53749 3.62584 3.72661 3.84241 3.97607 4.13066 4.30948 4.51605 4.75412 5.02766 5.34086 5.69817 6.10424 6.56394 7.08239 7.66493 8.31711 9.04472 9.85378 10.7505 11.7414 12.8332 14.0327 15.3472 16.7839 18.3505 20.0548 21.9048 23.9089 26.0755 28.4132 30.9312 33.6385 36.5445 39.6589 42.9914 46.5521 50.3514 
69.2457 64.0066 59.0715 54.4289 50.0672 45.9754 42.1424 38.5574 35.21 32.0898 29.1868 26.4911 23.9932 21.6836 19.5531 17.5928 15.7941 14.1484 12.6474 11.2832 10.0479 8.93389 7.9339 7.04076 6.24756 5.54763 4.93452 4.40201 3.94408 3.55498 3.22914 2.96125 2.74621 2.57916 2.45544 2.37065 2.32058 2.30128 2.28702 2.24828 2.23038 2.23025 2.24507 2.27224 2.30939 2.35436 2.40523 2.46031 2.51813 2.57744 2.63722 2.6967 2.75529 2.81267 2.86872 2.92356 2.97754 3.03121 3.08539 3.14109 3.19956 3.26227 3.33095 3.4075 3.4941 3.59313 3.7072 3.83914 3.99204 4.16917 4.37406 4.61045 4.88233 5.19388 5.54955 5.95398 6.41206 6.9289 7.50982 8.1604 8.88641 9.69388 10.589 11.5784 12.6686 13.8665 15.1794 16.6145 18.1796 19.8823 21.7308 23.7333 25.8983 28.2346 30.751 33.4567 36.3612 39.4739 42.8049 46.3641 50.1617 
69.2059 63.965 59.0282 54.3839 50.0206 45.927 42.0923 38.5057 35.1567 32.0349 29.1303 26.4331 23.9335 21.6224 19.4904 17.5286 15.7284 14.0812 12.5787 11.2131 9.97632 8.86093 7.85954 6.96502 6.17046 5.46918 4.85474 4.32091 3.86168 3.47129 3.14418 2.87503 2.65876 2.49048 2.36555 2.27956 2.22832 2.20785 2.20954 2.16857 2.14845 2.14614 2.1588 2.18383 2.21886 2.26174 2.31055 2.36358 2.41937 2.47668 2.53448 2.59199 2.64864 2.7041 2.75824 2.8112 2.8633 2.91513 2.96747 3.02135 3.07801 3.13894 3.20584 3.28064 3.36549 3.46279 3.57514 3.70538 3.85657 4.03202 4.23524 4.46998 4.7402 5.05012 5.40416 5.80697 6.26343 6.77866 7.35799 8.00698 8.73141 9.5373 10.4309 11.4187 12.5073 13.7037 15.015 16.4486 18.0121 19.7133 21.5603 23.5612 25.7247 28.0594 30.5743 33.2785 36.1814 39.2926 42.622 46.1797 49.9758 
69.1711 63.9284 58.9898 54.3436 49.9785 45.8832 42.0467 38.4584 35.1076 31.9841 29.0779 26.3789 23.8778 21.565 19.4314 17.468 15.6662 14.0175 12.5135 11.1463 9.90806 8.79119 7.78833 6.89236 6.09637 5.39368 4.77784 4.24263 3.78204 3.3903 3.06186 2.7914 2.57383 2.40427 2.27807 2.19083 2.13835 2.11667 2.12204 2.09185 2.06952 2.06502 2.07552 2.09842 2.13134 2.17213 2.21887 2.26986 2.32364 2.37894 2.43477 2.49032 2.54503 2.59856 2.65081 2.70188 2.75212 2.8021 2.8526 2.90467 2.95954 3.01868 3.08381 3.15686 3.23997 3.33554 3.44618 3.57472 3.72423 3.89801 4.09956 4.33265 4.60123 4.90952 5.26193 5.66313 6.118 6.63163 7.20937 7.85678 8.57964 9.38397 10.276 11.2622 12.3493 13.5442 14.8539 16.286 17.848 19.5477 21.3931 23.3925 25.5545 27.8877 30.401 33.1037 36.0051 39.1148 42.4427 45.9988 49.7934 
69.1414 63.8967 58.9561 54.308 49.941 45.8438 42.0055 38.4154 35.0628 31.9375 29.0295 26.3288 23.8259 21.5114 19.3761 17.4111 15.6076 13.9573 12.4517 11.0829 9.84309 8.72467 7.72028 6.82279 6.02531 5.32114 4.70384 4.16719 3.70518 3.31203 2.9822 2.71037 2.49144 2.32054 2.19303 2.10448 2.05071 2.02775 2.03186 2.01812 1.99358 1.9869 1.99524 2.016 2.04681 2.08552 2.13019 2.17914 2.23089 2.2842 2.33805 2.39164 2.44442 2.49603 2.54638 2.59557 2.64395 2.69208 2.74077 2.79102 2.84409 2.90146 2.96483 3.03613 3.11751 3.21136 3.32029 3.44714 3.59497 3.76708 3.96697 4.19841 4.46537 4.77203 5.12283 5.52243 5.9757 6.48775 7.06392 7.70976 8.43106 9.23384 10.1243 11.109 12.1945 13.3879 14.6961 16.1267 17.6871 19.3853 21.2292 23.2272 25.3876 27.7193 30.2312 32.9323 35.8323 38.9405 42.2669 45.8215 49.6146 
69.1165 63.8698 58.9272 54.2771 49.9081 45.809 41.9687 38.3766 35.0222 31.895 28.9851 26.2826 23.7779 21.4616 19.3246 17.3578 15.5526 13.9006 12.3933 11.0229 9.78142 8.66138 7.65539 6.75633 5.95728 5.25158 4.63276 4.0946 3.6311 3.23649 2.90522 2.63196 2.41162 2.23932 2.11043 2.02053 1.96541 1.94113 1.94393 1.94736 1.92062 1.91175 1.91793 1.93656 1.96526 2.00188 2.04449 2.0914 2.14113 2.19244 2.24431 2.29595 2.34679 2.39649 2.44494 2.49226 2.53878 2.58507 2.63193 2.68037 2.73165 2.78725 2.84886 2.91841 2.99806 3.0902 3.19743 3.32259 3.46875 3.63919 3.83744 4.06724 4.33257 4.63761 4.98681 5.38482 5.8365 6.34697 6.92157 7.56585 8.28561 9.08684 9.97579 10.9589 12.043 13.2348 14.5415 15.9706 17.5295 19.2262 21.0686 23.0651 25.224 27.5542 30.0646 32.7643 35.6627 38.7695 42.0944 45.6475 49.4392 
69.0967 63.8478 58.903 54.2508 49.8798 45.7786 41.9363 38.3422 34.9857 31.8566 28.9448 26.2404 23.7338 21.4157 19.2768 17.3082 15.5012 13.8474 12.3384 10.9662 9.72306 8.60133 7.59368 6.69298 5.89231 5.185 4.5646 4.02488 3.55984 3.16371 2.83093 2.55618 2.33437 2.16063 2.03031 1.93899 1.88249 1.85682 1.85827 1.87958 1.85062 1.83957 1.84359 1.86008 1.88667 1.9212 1.96175 2.00661 2.05433 2.10364 2.15354 2.20322 2.25213 2.29991 2.34647 2.39191 2.43657 2.48102 2.52606 2.5727 2.62219 2.67602 2.73587 2.80368 2.88161 2.97204 3.07757 3.20105 3.34553 3.51432 3.71092 3.93909 4.2028 4.50623 4.85383 5.25025 5.70035 6.20926 6.7823 7.42503 8.14324 8.94294 9.83036 10.812 11.8945 13.0848 14.39 15.8176 17.3751 19.0702 20.9112 22.9062 25.0636 27.3924 29.9013 32.5995 35.4965 38.6018 41.9252 45.4769 49.2671 
69.0817 63.8306 58.8836 54.2292 49.856 45.7526 41.9082 38.3121 34.9535 31.8224 28.9085 26.2022 23.6936 21.3735 19.2327 17.2623 15.4534 13.7977 12.2869 10.9129 9.66802 8.54454 7.53517 6.63275 5.8304 5.12143 4.49939 3.95805 3.49141 3.09369 2.75935 2.48307 2.25974 2.08449 1.95269 1.8599 1.80195 1.77486 1.77489 1.79853 1.78358 1.77034 1.7722 1.78655 1.81103 1.84347 1.88195 1.92478 1.97047 2.01779 2.06571 2.11344 2.16041 2.20628 2.25094 2.29451 2.33731 2.37993 2.42314 2.46798 2.51569 2.56774 2.62584 2.69192 2.76812 2.85684 2.96068 3.08247 3.22529 3.39243 3.58739 3.81393 4.07602 4.37786 4.72386 5.11869 5.56722 6.07457 6.64605 7.28724 8.00391 8.80208 9.68799 10.6681 11.7491 12.9379 14.2417 15.6677 17.2237 18.9174 20.7569 22.7504 24.9064 27.2337 29.7412 32.4379 35.3335 38.4373 41.7593 45.3095 49.0982 
69.0717 63.8182 58.8689 54.2123 49.8367 45.7312 41.8846 38.2862 34.9255 31.7923 28.8763 26.1679 23.6573 21.3352 19.1924 17.22 15.4092 13.7516 12.2389 10.8631 9.61632 8.49103 7.47986 6.57568 5.77158 5.06088 4.43714 3.89412 3.42582 3.02647 2.69051 2.41263 2.18772 2.01092 1.87758 1.78328 1.72383 1.69526 1.69383 1.71603 1.71949 1.70406 1.70375 1.71597 1.73833 1.76868 1.8051 1.84588 1.88955 1.93487 1.98081 2.02659 2.07162 2.11558 2.15835 2.20004 2.24098 2.28176 2.32316 2.36619 2.41212 2.4624 2.51875 2.58309 2.65757 2.74458 2.84673 2.96685 3.10801 3.27349 3.46682 3.69173 3.95221 4.25244 4.59686 4.99011 5.43708 5.94287 6.5128 7.15245 7.86759 8.66425 9.54864 10.5272 11.6068 12.7941 14.0963 15.5209 17.0754 18.7677 20.6057 22.5977 24.7523 27.0782 29.5842 32.2795 35.1736 38.276 41.5966 45.1454 48.9326 
69.0666 63.8107 58.859 54.1999 49.8221 45.7142 41.8653 38.2647 34.9018 31.7663 28.8482 26.1376 23.6249 21.3007 19.1559 17.1814 15.3686 13.7091 12.1944 10.8166 9.56797 8.4408 7.42777 6.52176 5.71586 5.00338 4.37787 3.83311 3.3631 2.96205 2.62442 2.34489 2.11836 1.93995 1.80502 1.70915 1.64815 1.61805 1.61511 1.63582 1.65834 1.64072 1.63824 1.64832 1.66856 1.69682 1.73116 1.7699 1.81155 1.85487 1.89883 1.94265 1.98575 2.02779 2.06866 2.10847 2.14757 2.1865 2.22608 2.26731 2.31145 2.35997 2.41457 2.47717 2.54993 2.63524 2.7357 2.85415 2.99364 3.15748 3.34917 3.57247 3.83134 4.12997 4.47281 4.86448 5.30989 5.81412 6.38252 7.02063 7.73425 8.52939 9.41228 10.3894 11.4674 12.6532 13.954 15.3772 16.9302 18.621 20.4575 22.4482 24.6013 26.9257 29.4302 32.1242 35.0168 38.1178 41.437 44.9843 48.7702 
69.0665 63.808 58.8538 54.1923 49.812 45.7017 41.8504 38.2475 34.8822 31.7445 28.8242 26.1113 23.5965 21.2701 19.1231 17.1466 15.3317 13.6701 12.1534 10.7736 9.52299 8.39388 7.37894 6.47103 5.66326 4.94894 4.32161 3.77506 3.30327 2.90047 2.56112 2.27988 2.05166 1.87159 1.73502 1.63753 1.57493 1.54326 1.53876 1.55793 1.59748 1.5803 1.57566 1.58358 1.60171 1.62787 1.66014 1.69683 1.73645 1.77777 1.81975 1.86161 1.90277 1.9429 1.98187 2.01981 2.05704 2.09414 2.1319 2.17133 2.21368 2.26043 2.31328 2.37415 2.44519 2.5288 2.62757 2.74434 2.88218 3.04437 3.23443 3.45611 3.71337 4.01042 4.35167 4.74178 5.18562 5.6883 6.25516 6.89175 7.60385 8.39748 9.27887 10.2545 11.331 12.5154 13.8147 15.2364 16.788 18.4773 20.3124 22.3016 24.4533 26.7762 29.2794 31.9719 34.8631 37.9627 41.2804 44.8264 48.6109 
69.0713 63.8102 58.8534 54.1893 49.8065 45.6937 41.84 38.2346 34.867 31.7269 28.8042 26.0891 23.5719 21.2434 19.0942 17.1154 15.2984 13.6347 12.1159 10.7341 9.48141 8.35029 7.33337 6.42351 5.61381 4.89758 4.26838 3.71997 3.24635 2.84175 2.50061 2.21761 1.98766 1.80587 1.66761 1.56845 1.5042 1.4709 1.46479 1.48238 1.52036 1.52281 1.51599 1.52176 1.53776 1.56182 1.59202 1.62665 1.66425 1.70356 1.74356 1.78345 1.82268 1.86088 1.89796 1.93402 1.96939 2.00465 2.04059 2.07822 2.11879 2.16377 2.21486 2.274 2.34333 2.42523 2.52231 2.63742 2.7736 2.93414 3.12258 3.34264 3.5983 3.89375 4.23342 4.62196 5.06425 5.56539 6.13072 6.76578 7.47637 8.26849 9.14839 10.1225 11.1976 12.3805 13.6783 15.0985 16.6487 18.3366 20.1703 22.158 24.3083 26.6298 29.1315 31.8226 34.7125 37.8106 41.127 44.6715 48.4546 
69.0811 63.8172 58.8578 54.191 49.8056 45.6902 41.834 38.2261 34.856 31.7134 28.7884 26.0709 23.5514 21.2205 19.069 17.088 15.2688 13.6029 12.082 10.698 9.44325 8.31006 7.29109 6.37921 5.56752 4.84934 4.2182 3.66787 3.19237 2.78591 2.44293 2.15812 1.92637 1.74282 1.60282 1.50194 1.43599 1.40101 1.39324 1.40919 1.44556 1.46822 1.45922 1.46284 1.47671 1.49867 1.52678 1.55936 1.59493 1.63223 1.67024 1.70817 1.74545 1.78174 1.81691 1.85109 1.88461 1.91802 1.95214 1.98796 2.02675 2.06996 2.11931 2.17671 2.24432 2.32452 2.41992 2.53335 2.66787 2.82678 3.01358 3.23203 3.48609 3.77995 4.11805 4.50502 4.94576 5.44536 6.00915 6.6427 7.35177 8.1424 9.0208 9.99345 11.067 12.2485 13.5449 14.9636 16.5123 18.1988 20.031 22.0173 24.1662 26.4863 28.9867 31.6764 34.5648 37.6616 40.9765 44.5197 48.3014 
69.0959 63.8292 58.8669 54.1975 49.8093 45.6913 41.8324 38.2219 34.8493 31.7042 28.7767 26.0567 23.5348 21.2015 19.0477 17.0644 15.2429 13.5747 12.0516 10.6655 9.40852 8.2732 7.25213 6.33817 5.52443 4.80422 4.17109 3.6188 3.14135 2.73297 2.3881 2.10142 1.86784 1.68246 1.54066 1.43801 1.37031 1.3336 1.32414 1.3384 1.3731 1.41654 1.40535 1.40681 1.41854 1.43839 1.46443 1.49495 1.52848 1.56376 1.59979 1.63575 1.67109 1.70545 1.73872 1.77101 1.80267 1.83424 1.86653 1.90055 1.93755 1.979 2.02659 2.08226 2.14815 2.22665 2.32036 2.43212 2.56499 2.72225 2.90743 3.12426 3.37672 3.669 4.00552 4.39093 4.83012 5.32818 5.89045 6.52247 7.23005 8.01917 8.89609 9.86726 10.9394 12.1193 13.4143 14.8316 16.3789 18.0639 19.8947 21.8796 24.0271 26.3458 28.8447 31.533 34.4201 37.5155 40.829 44.3709 48.1512 
69.1157 63.8461 58.881 54.2086 49.8177 45.6969 41.8353 38.2222 34.8469 31.6993 28.7691 26.0467 23.5223 21.1866 19.0303 17.0446 15.2208 13.5503 12.0248 10.6364 9.37727 8.23974 7.21651 6.30041 5.48456 4.76227 4.12708 3.57277 3.09332 2.68297 2.33615 2.04755 1.81207 1.62482 1.48118 1.3767 1.3072 1.26872 1.2575 1.27003 1.30302 1.35341 1.35437 1.35366 1.36326 1.38099 1.40494 1.43339 1.46488 1.49815 1.53218 1.56618 1.59956 1.632 1.66337 1.69377 1.72356 1.75329 1.78376 1.81597 1.85118 1.89086 1.9367 1.99063 2.0548 2.1316 2.22362 2.33371 2.46493 2.62055 2.8041 3.01932 3.27018 3.56087 3.89582 4.27968 4.71732 5.21384 5.77458 6.4051 7.11116 7.8988 8.77423 9.74393 10.8146 11.9931 13.2866 14.7025 16.2483 17.9319 19.7613 21.7448 23.8909 26.2082 28.7057 31.3926 34.2783 37.3723 40.6845 44.225 48.0039 
69.1405 63.8679 58.8998 54.2246 49.8308 45.7072 41.8428 38.2269 34.8489 31.6986 28.7658 26.0407 23.5138 21.1755 19.0168 17.0287 15.2024 13.5295 12.0017 10.611 9.34951 8.20972 7.18425 6.26596 5.44794 4.72351 4.08621 3.52981 3.04831 2.63592 2.28711 1.99653 1.7591 1.56993 1.42438 1.31803 1.24669 1.20637 1.19335 1.2041 1.23534 1.284 1.30626 1.30339 1.31083 1.32645 1.3483 1.37469 1.40414 1.43539 1.46742 1.49944 1.53087 1.56138 1.59084 1.61936 1.64728 1.67516 1.7038 1.7342 1.76762 1.80553 1.84961 1.90181 1.96426 2.03936 2.1297 2.23811 2.36767 2.52166 2.70358 2.91719 3.16645 3.45556 3.78894 4.17124 4.60733 5.10232 5.66154 6.29054 6.99511 7.78125 8.65521 9.62344 10.6926 11.8697 13.1617 14.5762 16.1206 17.8028 19.6308 21.6129 23.7575 26.0735 28.5696 31.2552 34.1394 37.2321 40.5429 44.082 47.8596 
69.1704 63.8947 58.9236 54.2454 49.8486 45.722 41.8548 38.236 34.8553 31.7022 28.7667 26.039 23.5094 21.1685 19.0072 17.0165 15.1878 13.5124 11.9822 10.5891 9.32527 8.18317 7.1554 6.23485 5.4146 4.68797 4.04849 3.48995 3.00634 2.59187 2.241 1.94839 1.70896 1.51781 1.37031 1.26204 1.18879 1.1466 1.13173 1.14065 1.17008 1.21696 1.26102 1.25597 1.26127 1.27476 1.29452 1.31883 1.34623 1.37545 1.40548 1.43553 1.465 1.49357 1.52112 1.54775 1.5738 1.59984 1.62664 1.65524 1.68686 1.72299 1.76533 1.81578 1.87652 1.94991 2.03856 2.14531 2.27321 2.42556 2.60586 2.81785 3.06552 3.35304 3.68485 4.06559 4.50014 4.9936 5.5513 6.17879 6.88186 7.66652 8.539 9.50576 10.5735 11.7491 13.0397 14.4527 15.9957 17.6765 19.5031 21.4838 23.6271 25.9416 28.4364 31.1205 34.0035 37.0948 40.4042 43.942 47.7182 
69.2055 63.9266 58.9523 54.271 49.8711 45.7416 41.8714 38.2497 34.8661 31.7101 28.7719 26.0414 23.5091 21.1655 19.0016 17.0083 15.177 13.4991 11.9664 10.5708 9.3046 8.1601 7.12998 6.20711 5.38456 4.65567 4.01397 3.45323 2.96744 2.55084 2.19785 1.90316 1.66167 1.4685 1.319 1.20874 1.13355 1.08943 1.07266 1.07971 1.10728 1.15233 1.21201 1.2114 1.21455 1.22591 1.24356 1.2658 1.29114 1.31834 1.34636 1.37442 1.40194 1.42858 1.45421 1.47894 1.50312 1.5273 1.55228 1.57906 1.60889 1.64325 1.68382 1.73254 1.79155 1.86324 1.9502 2.05528 2.18153 2.33223 2.51091 2.72129 2.96736 3.25331 3.58354 3.96273 4.39573 4.88766 5.44384 6.06983 6.77141 7.55458 8.42558 9.39088 10.4572 11.6313 12.9205 14.3321 15.8737 17.553 19.3782 21.3575 23.4994 25.8126 28.306 30.9888 33.8704 36.9603 40.2684 43.8048 47.5797 
69.2457 63.9635 58.986 54.3015 49.8985 45.7659 41.8926 38.2679 34.8813 31.7225 28.7813 26.048 23.5129 21.1666 19 17.004 15.1701 13.4896 11.9543 10.5562 9.28752 8.14057 7.10803 6.18277 5.35787 4.62666 3.98267 3.41967 2.93166 2.51285 2.1577 1.86087 1.61727 1.42201 1.27046 1.15818 1.08098 1.03489 1.01617 1.02129 1.04697 1.09014 1.14796 1.16968 1.17066 1.17989 1.19543 1.21558 1.23887 1.26403 1.29005 1.31612 1.34168 1.36637 1.39008 1.41292 1.43523 1.45755 1.48069 1.50566 1.53369 1.56627 1.60509 1.65207 1.70936 1.77934 1.86461 1.96802 2.09261 2.24167 2.41872 2.6275 2.87197 3.15633 3.485 3.86263 4.2941 4.7845 5.33916 5.96364 6.66373 7.44542 8.31495 9.27879 10.3436 11.5163 12.8041 14.2143 15.7544 17.4324 19.2562 21.2341 23.3746 25.6864 28.1785 30.8599 33.7401 36.8287 40.1355 43.6705 47.4441 
69.2911 64.0056 59.0247 54.3369 49.9307 45.7949 41.9185 38.2907 34.9011 31.7393 28.7952 26.0589 23.521 21.1719 19.0024 17.0037 15.1671 13.4839 11.946 10.5453 9.27407 8.1246 7.08958 6.16187 5.33456 4.60096 3.95462 3.38931 2.89901 2.47795 2.12058 1.82156 1.57579 1.3784 1.22474 1.11038 1.03113 0.98301 0.962287 0.965436 0.989167 1.03041 1.08634 1.13078 1.12959 1.13668 1.15011 1.16818 1.1894 1.21253 1.23653 1.26061 1.2842 1.30695 1.32874 1.34968 1.3701 1.39057 1.41187 1.43502 1.46126 1.49206 1.52911 1.57435 1.62991 1.69819 1.78178 1.88351 2.00644 2.15386 2.32929 2.53646 2.77933 3.06211 3.38922 3.76529 4.19522 4.68409 5.23724 5.86022 6.55881 7.33902 8.20709 9.16947 10.2329 11.4041 12.6905 14.0992 15.638 17.3145 19.137 21.1135 23.2526 25.563 28.0537 30.7338 33.6127 36.6999 40.0054 43.5391 47.3114 
69.3419 64.0528 59.0685 54.3774 49.9678 45.8288 41.9491 38.3182 34.9254 31.7605 28.8134 26.0742 23.5332 21.1812 19.009 17.0074 15.168 13.4821 11.9415 10.5382 9.26428 8.11223 7.07466 6.14444 5.31465 4.57862 3.92987 3.36218 2.86954 2.44617 2.08651 1.78524 1.53726 1.33768 1.18186 1.06537 0.984011 0.93382 0.911048 0.912175 0.933909 0.973185 1.02716 1.09323 1.09134 1.09629 1.1076 1.12357 1.14272 1.16381 1.18579 1.20788 1.2295 1.2503 1.27016 1.2892 1.30774 1.32634 1.3458 1.36713 1.39157 1.42059 1.45588 1.49938 1.55322 1.61978 1.70168 1.80174 1.92301 2.06879 2.24259 2.44815 2.68943 2.97063 3.29617 3.67069 4.09908 4.58643 5.13806 5.75954 6.45664 7.23538 8.10198 9.06291 10.1248 11.2947 12.5796 13.987 15.5243 17.1995 19.0205 20.9956 23.1334 25.4425 27.9318 30.6105 33.4881 36.574 39.8781 43.4105 47.1814 
69.3979 64.1053 59.1175 54.4228 50.0099 45.8675 41.9845 38.3503 34.9543 31.7863 28.836 26.0937 23.5498 21.1948 19.0196 17.0152 15.1729 13.4842 11.9409 10.5348 9.25821 8.1035 7.06332 6.13053 5.2982 4.55966 3.90844 3.33832 2.84328 2.41754 2.05555 1.75197 1.50171 1.29989 1.14186 1.02318 0.939671 0.887353 0.862481 0.861536 0.881225 0.918482 0.970465 1.03456 1.05589 1.05868 1.06787 1.08174 1.09883 1.11786 1.13782 1.15791 1.17755 1.1964 1.21434 1.23147 1.24812 1.26486 1.28248 1.30199 1.32462 1.35186 1.38539 1.42714 1.47925 1.54411 1.62431 1.72269 1.84231 1.98645 2.15863 2.36257 2.60226 2.88188 3.20585 3.57883 4.00567 4.4915 5.04162 5.6616 6.35722 7.13448 7.99962 8.95909 10.0196 11.188 12.4715 13.8774 15.4134 17.0872 18.9068 20.8806 23.017 25.3247 27.8127 30.4901 33.3663 36.4508 39.7537 43.2847 47.0544 
69.4593 64.163 59.1716 54.4734 50.057 45.9111 42.0247 38.3872 34.9879 31.8166 28.8632 26.1177 23.5707 21.2127 19.0344 17.0271 15.1818 13.4903 11.9441 10.5352 9.25588 8.09846 7.0556 6.12017 5.28524 4.54413 3.89039 3.31777 2.82027 2.3921 2.02771 1.72178 1.46919 1.26507 1.10477 0.983856 0.898139 0.843642 0.816621 0.813554 0.831148 0.866337 0.916279 0.978361 1.02323 1.02386 1.03092 1.04269 1.0577 1.07468 1.09261 1.1107 1.12836 1.14526 1.16126 1.17648 1.19124 1.20612 1.22189 1.23957 1.2604 1.28585 1.31762 1.35762 1.408 1.47115 1.54966 1.64637 1.76433 1.90683 2.07738 2.27972 2.51781 2.79585 3.11826 3.48968 3.91499 4.39929 4.9479 5.56639 6.26052 7.03631 7.89999 8.85801 9.91707 11.0841 12.3662 13.7707 15.3052 16.9776 18.7959 20.7683 22.9033 25.2097 27.6963 30.3724 33.2472 36.3305 39.632 43.1618 46.9301 
69.5262 64.2261 59.231 54.5291 50.1091 45.9597 42.0698 38.4289 35.0262 31.8516 28.8948 26.1462 23.596 21.2348 19.0535 17.0431 15.1949 13.5003 11.9512 10.5395 9.25735 8.09715 7.05155 6.11341 5.27581 4.53207 3.87574 3.30056 2.80054 2.36989 2.00305 1.6947 1.43972 1.23325 1.07063 0.947426 0.859449 0.802722 0.773499 0.76826 0.78371 0.816782 0.864635 0.924653 0.993338 0.991813 0.996736 1.0064 1.01932 1.03425 1.05015 1.06623 1.08191 1.09685 1.11091 1.12422 1.13709 1.1501 1.16402 1.17987 1.1989 1.22256 1.25256 1.29081 1.33947 1.4009 1.47772 1.57275 1.68906 1.82991 1.99884 2.19956 2.43606 2.71252 3.03337 3.40324 3.82702 4.30979 4.8569 5.47389 6.16654 6.94086 7.80308 8.75966 9.81728 10.9829 12.2635 13.6667 15.1998 16.8708 18.6877 20.6588 22.7924 25.0975 27.5828 30.2575 33.131 36.213 39.5132 43.0417 46.8087 
69.5986 64.2946 59.2957 54.5901 50.1664 46.0133 42.1199 38.4754 35.0693 31.8912 28.9311 26.1792 23.6257 21.2613 19.0768 17.0633 15.212 13.5145 11.9624 10.5477 9.26266 8.09961 7.0512 6.11029 5.26996 4.52353 3.86454 3.28675 2.78414 2.35095 1.9816 1.67077 1.41336 1.20447 1.03947 0.913928 0.823637 0.764628 0.733153 0.72569 0.738946 0.769851 0.815565 0.873473 0.941184 0.96252 0.965303 0.972854 0.983689 0.996556 1.01042 1.02449 1.03819 1.05116 1.06329 1.07467 1.08566 1.09679 1.10886 1.12289 1.1401 1.16198 1.1902 1.22671 1.27363 1.33335 1.40848 1.50183 1.61648 1.75569 1.92299 2.12211 2.35701 2.6319 2.95118 3.3195 3.74174 4.223 4.7686 5.3841 6.07527 6.84812 7.70889 8.66403 9.72022 10.8844 12.1636 13.5654 15.0971 16.7668 18.5823 20.552 22.6843 24.988 27.472 30.1454 33.0176 36.0982 39.3971 42.9243 46.6901 
69.6766 64.3687 59.3658 54.6563 50.2288 46.072 42.1749 38.5268 35.1172 31.9356 28.9721 26.2167 23.6599 21.2922 19.1045 17.0878 15.2333 13.5327 11.9776 10.5599 9.27187 8.10589 7.0546 6.11085 5.26773 4.51855 3.85684 3.27636 2.77112 2.33532 1.9634 1.65004 1.39012 1.17878 1.01134 0.8834 0.790742 0.729397 0.695616 0.685879 0.696889 0.725579 0.769105 0.824852 0.890431 0.93597 0.936609 0.942042 0.950788 0.961589 0.973418 0.985473 0.997177 1.00818 1.01837 1.02784 1.03692 1.04618 1.0564 1.06859 1.084 1.10408 1.13054 1.16529 1.21048 1.2685 1.34193 1.4336 1.54659 1.68416 1.84983 2.04734 2.28066 2.55396 2.87168 3.23846 3.65917 4.13891 4.683 5.29701 5.9867 6.75809 7.61741 8.5711 9.62587 10.7886 12.0665 13.4668 14.9972 16.6654 18.4796 20.4479 22.5789 24.8813 27.3639 30.036 32.9069 35.9863 39.2839 42.8098 46.5743 
69.7603 64.4483 59.4414 54.728 50.2966 46.1359 42.2351 38.5833 35.17 31.9848 29.0177 26.2589 23.6986 21.3276 19.1366 17.1166 15.2589 13.5551 11.9968 10.5761 9.28502 8.11605 7.06182 6.11516 5.26917 4.51717 3.85267 3.26946 2.76151 2.32304 1.9485 1.63254 1.37007 1.1562 0.98628 0.855881 0.760801 0.697066 0.660928 0.648864 0.657577 0.684 0.725288 0.778826 0.842224 0.912149 0.910639 0.913951 0.920602 0.929335 0.939121 0.949158 0.958869 0.967906 0.976146 0.983693 0.990879 0.998262 1.00663 1.01699 1.03058 1.04887 1.07356 1.10656 1.15002 1.20632 1.27805 1.36805 1.47938 1.61531 1.77936 1.97526 2.20698 2.47871 2.79487 3.1601 3.57928 4.0575 4.6001 5.21262 5.90084 6.67076 7.52863 8.48089 9.53423 10.6956 11.972 13.371 14.9 16.5669 18.3797 20.3467 22.4763 24.7773 27.2586 29.9294 32.7991 35.8771 39.1734 42.6981 46.4613 
69.8497 64.5335 59.5225 54.8051 50.3696 46.2051 42.3004 38.6448 35.2277 32.0389 29.0682 26.3058 23.742 21.3675 19.1731 17.1497 15.2888 13.5817 12.0203 10.5963 9.30217 8.13014 7.07289 6.12326 5.27434 4.51944 3.8521 3.26608 2.75537 2.31417 1.93694 1.61833 1.35324 1.13679 0.964322 0.831412 0.733856 0.667677 0.629127 0.614683 0.621047 0.645151 0.684151 0.73543 0.796597 0.865489 0.887378 0.888565 0.893117 0.899778 0.907519 0.915535 0.92325 0.930316 0.936608 0.942231 0.947516 0.95302 0.959528 0.968053 0.979832 0.996332 1.01925 1.05049 1.09222 1.1468 1.21684 1.30517 1.41484 1.54913 1.71155 1.90584 2.13597 2.40613 2.72073 3.08442 3.50207 3.97878 4.51988 5.13091 5.81766 6.58613 7.44255 8.39338 9.4453 10.6052 11.8803 13.2778 14.8055 16.471 18.2825 20.2481 22.3764 24.6761 27.1561 29.8256 32.6939 35.7707 39.0658 42.5891 46.3511 
69.945 64.6245 59.6093 54.8877 50.4482 46.2796 42.3709 38.7114 35.2905 32.0979 29.1235 26.3575 23.7901 21.4121 19.2141 17.1874 15.323 13.6126 12.0479 10.6207 9.32339 8.14822 7.08788 6.1352 5.28329 4.52543 3.85518 3.26628 2.75274 2.30875 1.92876 1.60744 1.33967 1.12059 0.945516 0.810038 0.709948 0.64127 0.600253 0.583375 0.587338 0.609072 0.645732 0.694701 0.753587 0.820227 0.866811 0.865869 0.868319 0.872905 0.878596 0.884589 0.890306 0.895398 0.89974 0.903437 0.906819 0.910443 0.915094 0.921782 0.931747 0.946453 0.967594 0.997089 1.03708 1.08995 1.1583 1.24495 1.35296 1.48561 1.64641 1.8391 2.06764 2.33622 2.64926 3.01141 3.42754 3.90274 4.44233 5.05188 5.73716 6.50418 7.35916 8.30856 9.35906 10.5176 11.7913 13.1874 14.7137 16.3779 18.188 20.1523 22.2793 24.5777 27.0564 29.7246 32.5916 35.6671 38.9609 42.483 46.2437 
70.0463 64.7214 59.7018 54.9759 50.5322 46.3595 42.4468 38.7833 35.3585 32.162 29.1838 26.414 23.843 21.4613 19.2598 17.2295 15.3617 13.6479 12.0798 10.6493 9.34872 8.17035 7.10684 6.15105 5.29606 4.53519 3.86195 3.27012 2.75367 2.30683 1.92403 1.59993 1.32943 1.10764 0.929906 0.791802 0.689121 0.617887 0.574349 0.554983 0.556491 0.575801 0.610068 0.656676 0.713231 0.777569 0.847752 0.845846 0.846192 0.8487 0.85234 0.856307 0.860023 0.863139 0.86553 0.867299 0.868777 0.87052 0.873311 0.878163 0.886313 0.899225 0.918593 0.946335 0.984597 1.03575 1.1024 1.18738 1.29373 1.42474 1.58392 1.77501 2.00196 2.26897 2.58046 2.94107 3.35567 3.82936 4.36747 4.97554 5.65935 6.42492 7.27846 8.22644 9.27553 10.4327 11.7049 13.0997 14.6246 16.2875 18.0962 20.0592 22.1849 24.482 26.9594 29.6263 32.4921 35.5663 38.8588 42.3797 46.1392 
70.1536 64.8242 59.8002 55.0699 50.6219 46.445 42.5281 38.8605 35.4317 32.2312 29.2491 26.4755 23.9007 21.5153 19.3101 17.2762 15.4049 13.6876 12.116 10.6822 9.37824 8.19659 7.12984 6.17086 5.31274 4.54876 3.87248 3.27764 2.75823 2.30847 1.92278 1.59585 1.32255 1.098 0.917541 0.776752 0.671422 0.597575 0.551459 0.529549 0.528546 0.545379 0.577202 0.621395 0.675567 0.737553 0.805412 0.82848 0.826719 0.827147 0.828733 0.830672 0.832386 0.833525 0.833963 0.833803 0.833376 0.833237 0.834169 0.837184 0.843518 0.854637 0.872231 0.898221 0.934751 0.984195 1.04915 1.13245 1.23715 1.36652 1.52408 1.71356 1.93893 2.20438 2.51431 2.87339 3.28647 3.75866 4.29527 4.90187 5.58422 6.34834 7.20045 8.14701 9.1947 10.3504 11.6213 13.0148 14.5383 16.1998 18.0072 19.9689 22.0933 24.389 26.8652 29.5308 32.3953 35.4683 38.7595 42.2792 46.0374 
70.2672 64.9331 59.9045 55.1698 50.7174 46.5361 42.6149 38.9431 35.5102 32.3057 29.3196 26.542 23.9633 21.5741 19.3652 17.3276 15.4526 13.7317 12.1567 10.7194 9.41203 8.227 7.15695 6.19471 5.33337 4.56623 3.88682 3.28891 2.76647 2.31372 1.92509 1.59525 1.31908 1.09171 0.908472 0.764936 0.656899 0.580381 0.531629 0.507119 0.50355 0.51785 0.547173 0.5889 0.640636 0.700217 0.765702 0.813751 0.809881 0.808228 0.807758 0.807668 0.807379 0.80654 0.805024 0.802936 0.800602 0.798581 0.797654 0.798832 0.803351 0.812676 0.828499 0.852737 0.887536 0.935268 0.998535 1.08016 1.1832 1.31094 1.46689 1.65477 1.87856 2.14243 2.45082 2.80836 3.21993 3.69062 4.22575 4.83087 5.51177 6.27445 7.12513 8.07027 9.11656 10.2709 11.5404 12.9325 14.4547 16.1149 17.921 19.8813 22.0044 24.2989 26.7737 29.4381 32.3013 35.373 38.6631 42.1815 45.9385 
70.387 65.0482 60.0149 55.2756 50.8186 46.6329 42.7074 39.0313 35.5941 32.3854 29.3952 26.6136 24.0309 21.6378 19.4251 17.3837 15.505 13.7805 12.2018 10.761 9.45014 8.26168 7.18823 6.22265 5.35802 4.58764 3.90504 3.30398 2.77844 2.32264 1.931 1.59819 1.31909 1.08883 0.90275 0.756408 0.645602 0.566353 0.514907 0.487738 0.481547 0.493259 0.520027 0.559232 0.60848 0.665603 0.728661 0.795942 0.795661 0.791925 0.789399 0.78728 0.784987 0.782168 0.778699 0.774681 0.770442 0.766539 0.763753 0.763095 0.7658 0.773333 0.787384 0.809872 0.842942 0.888965 0.950542 1.0305 1.13189 1.258 1.41232 1.59861 1.82082 2.08314 2.38998 2.74599 3.15605 3.62524 4.15889 4.76255 5.442 6.20324 7.0525 7.99623 9.04113 10.1941 11.4623 12.853 14.3738 16.0326 17.8374 19.7965 21.9183 24.2115 26.685 29.3481 32.2101 35.2806 38.5694 42.0866 45.8424 
70.5133 65.1696 60.1315 55.3874 50.9258 46.7356 42.8055 39.125 35.6835 32.4706 29.4762 26.6904 24.1037 21.7066 19.4899 17.4447 15.5622 13.8339 12.2516 10.8071 9.49266 8.30068 7.22376 6.25477 5.38677 4.61308 3.92721 3.32293 2.79422 2.33529 1.94057 1.60472 1.32264 1.08943 0.900433 0.751221 0.637584 0.555543 0.501343 0.471457 0.462585 0.471651 0.495809 0.532437 0.579141 0.633752 0.694331 0.759163 0.784038 0.778218 0.773637 0.769487 0.76519 0.760394 0.754971 0.749024 0.742881 0.737097 0.732453 0.72996 0.730853 0.736595 0.748877 0.769617 0.80096 0.845276 0.905166 0.983456 1.0832 1.20768 1.36039 1.54509 1.76572 2.02648 2.33178 2.68627 3.09482 3.56252 4.09469 4.69689 5.3749 6.13471 6.98256 7.92489 8.9684 10.12 11.3868 12.7762 14.2957 15.9532 17.7567 19.7144 21.8349 24.1269 26.5992 29.261 32.1218 35.191 38.4786 41.9946 45.7492 
70.6462 65.2975 60.2544 55.5055 51.0392 46.8442 42.9096 39.2245 35.7785 32.5612 29.5625 26.7726 24.1817 21.7805 19.5598 17.5106 15.6242 13.8921 12.306 10.8578 9.53968 8.34409 7.26363 6.29114 5.4197 4.64261 3.9534 3.34583 2.81388 2.35175 1.95388 1.61492 1.32978 1.09355 0.901579 0.749432 0.632902 0.548007 0.490991 0.458328 0.446715 0.453078 0.474567 0.508561 0.552665 0.60471 0.662755 0.725085 0.77499 0.767088 0.760451 0.754272 0.747972 0.741198 0.733824 0.72595 0.717903 0.71024 0.70374 0.699414 0.698496 0.70245 0.712966 0.731961 0.761579 0.804192 0.862399 0.939025 1.03712 1.15998 1.31109 1.49419 1.71326 1.97246 2.27623 2.6292 3.03625 3.50246 4.03317 4.63391 5.31048 6.06887 6.91531 7.85625 8.89838 10.0486 11.3141 12.7021 14.2203 15.8765 17.6787 19.6351 21.7544 24.045 26.5161 29.1767 32.0362 35.1043 38.3907 41.9055 45.6589 
70.7858 65.4319 60.3839 55.6299 51.1587 46.9589 43.0196 39.3299 35.8794 32.6576 29.6545 26.8602 24.2651 21.8597 19.6348 17.5816 15.6912 13.9551 12.3651 10.9131 9.59128 8.392 7.3079 6.33184 5.45687 4.67631 3.98369 3.37275 2.83748 2.37208 1.97098 1.62885 1.34058 1.10126 0.90625 0.751103 0.631614 0.543801 0.483908 0.448405 0.433991 0.43759 0.456352 0.487654 0.529101 0.578523 0.633978 0.69375 0.756351 0.758511 0.74982 0.741614 0.733313 0.724563 0.715239 0.705439 0.695492 0.685952 0.677599 0.671443 0.668718 0.670887 0.67964 0.696893 0.724791 0.765705 0.822232 0.897199 0.993657 1.11489 1.2644 1.44592 1.66342 1.92108 2.22332 2.57478 2.98033 3.44506 3.97431 4.57361 5.24874 6.00572 6.85075 7.79031 8.83107 9.97994 11.2441 12.6308 14.1476 15.8025 17.6034 19.5586 21.6766 23.966 26.4358 29.0952 31.9536 35.0204 38.3056 41.8192 45.5715 
70.9324 65.5732 60.5199 55.7609 51.2846 47.0799 43.1358 39.4413 35.9861 32.7597 29.7521 26.9533 24.3538 21.9442 19.7151 17.6577 15.7632 14.0231 12.4291 10.9732 9.64756 8.44451 7.35669 6.37696 5.49839 4.71428 4.01815 3.40377 2.8651 2.39635 1.99196 1.64659 1.35511 1.11264 0.914512 0.756297 0.633783 0.542987 0.480151 0.441746 0.424469 0.425242 0.441216 0.469766 0.508498 0.555239 0.608047 0.665206 0.725226 0.752464 0.741721 0.73149 0.721191 0.710469 0.699197 0.687475 0.675631 0.664217 0.654015 0.646033 0.641504 0.641893 0.648887 0.664403 0.690585 0.729803 0.784656 0.857969 0.952794 1.07241 1.22032 1.40027 1.61621 1.87233 2.17305 2.523 2.92706 3.39033 3.91812 4.51598 5.18969 5.94526 6.78891 7.72709 8.76649 9.91401 11.1768 12.5622 14.0778 15.7314 17.531 19.4849 21.6016 23.8898 26.3584 29.0166 31.8737 34.9394 38.2234 41.7359 45.487 
71.086 65.7214 60.6628 55.8985 51.4171 47.2074 43.2582 39.5589 36.0989 32.8678 29.8555 27.0522 24.4482 22.0341 19.8007 17.7391 15.8404 14.0962 12.4981 11.0382 9.70863 8.5017 7.41008 6.42659 5.54433 4.75659 4.05688 3.43897 2.89683 2.42466 2.0169 1.6682 1.37344 1.12774 0.926436 0.765084 0.639476 0.545629 0.479784 0.438411 0.418207 0.416091 0.429215 0.454953 0.490908 0.53491 0.585013 0.6395 0.696882 0.748921 0.73613 0.723878 0.711584 0.698893 0.685678 0.672039 0.658301 0.645019 0.632972 0.623167 0.616841 0.615453 0.620694 0.634478 0.65895 0.69648 0.749665 0.821329 0.914526 1.03253 1.17886 1.35724 1.57162 1.82621 2.12541 2.47387 2.87645 3.33826 3.8646 4.46104 5.13334 5.88751 6.72977 7.66659 8.70464 9.85083 11.1123 12.4964 14.0107 15.663 17.4614 19.414 21.5295 23.8165 26.2839 28.9409 31.7968 34.8613 38.1442 41.6555 45.4055 
71.247 65.8768 60.8127 56.043 51.5563 47.3414 43.3871 39.6828 36.2178 32.9819 29.9649 27.1569 24.5483 22.1297 19.8919 17.8258 15.9228 14.1744 12.5722 11.1082 9.77459 8.5637 7.46817 6.48085 5.59481 4.80334 4.09997 3.47845 2.93275 2.45708 2.04587 1.69377 1.39566 1.14666 0.942096 0.777534 0.648763 0.551795 0.482874 0.438467 0.415268 0.4102 0.42041 0.443272 0.476389 0.517589 0.564927 0.616684 0.671369 0.727719 0.73302 0.718752 0.704468 0.689813 0.674661 0.659109 0.643484 0.628338 0.614452 0.602832 0.594713 0.591556 0.595049 0.607109 0.629877 0.665725 0.717248 0.787273 0.878849 0.995257 1.14 1.31682 1.52966 1.78273 2.08042 2.42739 2.82851 3.28886 3.81376 4.40878 5.07968 5.83247 6.67337 7.60883 8.64554 9.79041 11.0506 12.4334 13.9464 15.5974 17.3946 19.346 21.4603 23.746 26.2122 28.8681 31.7228 34.7862 38.0679 41.5781 45.327 
71.4155 66.0395 60.9698 56.1946 51.7024 47.4821 43.5227 39.8132 36.3432 33.1022 30.0803 27.2676 24.6543 22.231 19.9886 17.9181 16.0107 14.258 12.6515 11.1833 9.84557 8.63061 7.53109 6.53984 5.64992 4.85464 4.14752 3.5223 2.97296 2.49371 2.07896 1.72338 1.42185 1.16947 0.961573 0.793728 0.661719 0.561561 0.489492 0.441981 0.415721 0.407632 0.414862 0.434784 0.464999 0.503335 0.547845 0.59681 0.648739 0.702366 0.732363 0.716084 0.699817 0.683205 0.666122 0.648664 0.631157 0.614155 0.598437 0.585009 0.575104 0.570185 0.571939 0.582282 0.603355 0.637528 0.687399 0.755792 0.845757 0.960573 1.10375 1.27901 1.49032 1.74187 2.03807 2.38357 2.78322 3.24213 3.76562 4.35923 5.02874 5.78015 6.61969 7.55382 8.58921 9.73277 10.9916 12.3731 13.8849 15.5347 17.3306 19.2808 21.3939 23.6785 26.1435 28.7982 31.6518 34.714 37.9947 41.5038 45.2516 
71.5918 66.2099 61.1343 56.3534 51.8557 47.6299 43.665 39.9503 36.475 33.229 30.2021 27.3844 24.7663 22.3383 20.0912 18.0161 16.1042 14.347 12.7362 11.2637 9.92169 8.70257 7.59896 6.60367 5.70979 4.91061 4.19964 3.57064 3.01757 2.53464 2.11628 1.75714 1.45209 1.19625 0.984952 0.813748 0.678427 0.575003 0.499714 0.449028 0.419636 0.408458 0.41264 0.429554 0.456801 0.492207 0.533826 0.579936 0.629046 0.67989 0.731427 0.715846 0.697603 0.679042 0.660035 0.640679 0.6213 0.60245 0.584908 0.56968 0.558 0.551327 0.551351 0.559985 0.579372 0.611882 0.66011 0.72688 0.815245 0.92848 1.07009 1.24382 1.45361 1.70366 1.99837 2.3424 2.74061 3.19809 3.72016 4.31238 4.98052 5.73057 6.56877 7.50157 8.53566 9.67792 10.9355 12.3158 13.8263 15.4749 17.2696 19.2186 21.3305 23.6139 26.0778 28.7313 31.5838 34.6449 37.9245 41.4325 45.1793 
71.7761 66.3881 61.3066 56.5198 52.0163 47.7849 43.8145 40.0943 36.6137 33.3625 30.3304 27.5076 24.8845 22.4516 20.1998 18.1199 16.2034 14.4416 12.8263 11.3494 10.0031 8.77972 7.6719 6.67249 5.77454 4.97135 4.25645 3.62357 3.06668 2.58 2.15793 1.79514 1.4865 1.22712 1.01233 0.837684 0.698973 0.592206 0.513623 0.459687 0.42709 0.412751 0.413814 0.427652 0.451863 0.484272 0.522933 0.566123 0.612349 0.660345 0.709071 0.718005 0.697796 0.677295 0.656374 0.635131 0.613889 0.593201 0.573845 0.556827 0.543381 0.534966 0.53327 0.540207 0.557919 0.588776 0.635372 0.700533 0.787307 0.898975 1.03904 1.21123 1.41952 1.66808 1.96132 2.3039 2.70068 3.15674 3.67742 4.26826 4.93504 5.68375 6.52063 7.45212 8.48491 9.62591 10.8822 12.2613 13.7705 15.4179 17.2114 19.1593 21.27 23.5523 26.015 28.6674 31.5189 34.5789 37.8574 41.3644 45.1101 
71.9688 66.5745 61.4868 56.694 52.1846 47.9474 43.9712 40.2454 36.7594 33.5027 30.4654 27.6374 25.0092 22.5713 20.3145 18.2298 16.3085 14.542 12.9221 11.4407 10.0899 8.86219 7.75007 6.74642 5.8443 5.03702 4.31807 3.68122 3.12042 2.62988 2.20402 1.83749 1.52517 1.26216 1.0438 0.865633 0.723451 0.613263 0.531306 0.474044 0.438166 0.420592 0.418463 0.429152 0.450256 0.479599 0.515232 0.555434 0.598711 0.643793 0.689641 0.722525 0.700361 0.677933 0.65511 0.63199 0.608897 0.586382 0.565225 0.54643 0.531229 0.521084 0.517681 0.522934 0.538984 0.5682 0.613179 0.676742 0.761942 0.872054 1.01058 1.18127 1.38805 1.63514 1.92693 2.26808 2.66343 3.1181 3.63741 4.22689 4.89232 5.63971 6.47528 7.40548 8.437 9.57674 10.8318 12.2096 13.7177 15.3639 17.1562 19.103 21.2125 23.4937 25.9554 28.6067 31.457 34.516 37.7935 41.2995 45.0442 
72.1701 66.7694 61.6753 56.8763 52.3608 48.1176 44.1356 40.404 36.9123 33.6501 30.6073 27.774 25.1405 22.6974 20.4356 18.3459 16.4197 14.6485 13.0238 11.5378 10.1824 8.95017 7.83363 6.82563 5.91924 5.10774 4.38466 3.74373 3.17892 2.68443 2.25468 1.88432 1.56823 1.3015 1.07948 0.897703 0.751965 0.638272 0.55286 0.492191 0.452955 0.432067 0.426671 0.434136 0.452058 0.478262 0.510797 0.547941 0.588197 0.630297 0.6732 0.71609 0.705263 0.68092 0.656209 0.631226 0.606296 0.581969 0.559024 0.538466 0.521526 0.509665 0.504569 0.508152 0.522555 0.550147 0.593522 0.655505 0.739144 0.847718 0.984731 1.15391 1.35923 1.60486 1.89521 2.23494 2.6289 3.08219 3.60013 4.18827 4.85238 5.59847 6.43275 7.36169 8.39197 9.53048 10.7844 12.161 13.6679 15.3129 17.1041 19.0497 21.1582 23.4382 25.8988 28.5491 31.3984 34.4564 37.7329 41.2378 44.9816 
72.3806 66.9731 61.8725 57.0671 52.5453 48.2958 44.3078 40.5703 37.0727 33.8048 30.7564 27.9176 25.2787 22.8304 20.5633 18.4685 16.5373 14.7611 13.1316 11.6407 10.2807 9.04383 7.92275 6.91029 5.99951 5.1837 4.45636 3.81125 3.24232 2.74378 2.31004 1.93576 1.6158 1.34526 1.11948 0.934009 0.784627 0.667343 0.57839 0.514231 0.471553 0.447271 0.438527 0.44269 0.457355 0.480343 0.509705 0.543716 0.58088 0.619927 0.659814 0.699725 0.712462 0.686221 0.659637 0.632808 0.606057 0.579934 0.555218 0.532912 0.51425 0.500689 0.493918 0.495848 0.508621 0.534605 0.576396 0.636815 0.718913 0.825967 0.961481 1.12919 1.33304 1.57723 1.86617 2.2045 2.59709 3.04902 3.56563 4.15245 4.81526 5.56007 6.39309 7.32079 8.34984 9.48715 10.7398 12.1153 13.621 15.265 17.055 18.9995 21.1069 23.3859 25.8455 28.4948 31.3431 34.4001 37.6756 41.1796 44.9225 
72.6005 67.1862 62.0788 57.2667 52.7384 48.4826 44.4883 40.7446 37.2411 33.9673 30.9131 28.0686 25.4241 22.9703 20.6978 18.5978 16.6614 14.8801 13.2456 11.7499 10.385 9.14338 8.01764 7.00059 6.0853 5.26505 4.53335 3.88395 3.3108 2.8081 2.37027 1.99195 1.66802 1.39358 1.16394 0.97468 0.821561 0.700593 0.608011 0.540273 0.494068 0.466307 0.454133 0.454911 0.466237 0.485931 0.512041 0.542843 0.576838 0.612757 0.649554 0.686413 0.721912 0.693792 0.665355 0.636699 0.608145 0.580246 0.553777 0.529744 0.509378 0.494138 0.48571 0.486008 0.497171 0.521568 0.561794 0.620671 0.701248 0.806803 0.94084 1.10709 1.30951 1.55229 1.83983 2.17679 2.56802 3.01862 3.53392 4.11945 4.78099 5.52454 6.35633 7.28282 8.31067 9.44681 10.6983 12.0727 13.5773 15.2201 17.0091 18.9525 21.0589 23.3369 25.7955 28.4438 31.2911 34.3472 37.6218 41.125 44.8669 
72.8306 67.409 62.2946 57.4756 52.9406 48.6782 44.6774 40.9274 37.4176 34.1377 31.0776 28.2272 25.577 23.1175 20.8396 18.7341 16.7923 15.0058 13.3662 11.8654 10.4955 9.24905 8.11851 7.09675 6.17683 5.35202 4.61583 3.96201 3.38452 2.87755 2.43551 2.05306 1.72505 1.4466 1.21301 1.01986 0.862903 0.738157 0.64185 0.570442 0.520618 0.489289 0.473596 0.470904 0.478805 0.495121 0.517898 0.54541 0.576157 0.608868 0.642497 0.676228 0.709469 0.703587 0.673319 0.642858 0.612525 0.582871 0.554672 0.528934 0.506887 0.48999 0.479928 0.478616 0.488193 0.511026 0.549711 0.607069 0.68615 0.790231 0.922815 1.08763 1.28864 1.53003 1.81621 2.15183 2.54173 2.99103 3.50504 4.08931 4.74961 5.49194 6.32253 7.24783 8.27453 9.40952 10.6599 12.0332 13.5367 15.1785 16.9664 18.9089 21.0142 23.2913 25.7489 28.3962 31.2427 34.2979 37.5716 41.0739 44.8151 
73.0713 67.6422 62.5205 57.6944 53.1523 48.8831 44.8756 41.1191 37.6029 34.3167 31.2503 28.3939 25.7378 23.2725 20.9888 18.8777 16.9305 15.1385 13.4936 11.9876 10.6126 9.36111 8.22564 7.19902 6.27432 5.44482 4.70402 4.04566 3.46371 2.95234 2.50598 2.11927 1.78708 1.5045 1.26686 1.0697 0.908808 0.780181 0.68005 0.604873 0.551334 0.516343 0.497038 0.490785 0.495173 0.508023 0.527379 0.551514 0.578929 0.608349 0.63873 0.669251 0.699321 0.715554 0.683482 0.651241 0.619155 0.587772 0.557869 0.530452 0.50675 0.488222 0.476554 0.473658 0.481675 0.502971 0.540142 0.59601 0.673622 0.776257 0.907418 1.07084 1.27047 1.5105 1.79534 2.12964 2.51826 2.96628 3.47904 4.06208 4.72117 5.46232 6.29175 7.21591 8.24148 9.37538 10.6247 11.9969 13.4994 15.1402 16.9271 18.8686 20.973 23.2491 25.7058 28.3523 31.1979 34.2523 37.5253 41.0268 44.7672 
73.3233 67.8865 62.7572 57.9236 53.3743 49.098 45.0835 41.3202 37.7973 34.5046 31.4318 28.5691 25.9069 23.4355 21.1459 19.029 17.0761 15.2786 13.6282 12.1168 10.7366 9.47987 8.33929 7.30767 6.37805 5.54371 4.79816 4.13513 3.54858 3.03269 2.58188 2.1908 1.85429 1.56747 1.32566 1.12439 0.959447 0.826832 0.722771 0.643722 0.586365 0.547612 0.524597 0.514684 0.515464 0.524754 0.540597 0.561266 0.585259 0.611301 0.638345 0.665571 0.692386 0.718424 0.695789 0.661799 0.627989 0.594908 0.563332 0.534265 0.508939 0.488811 0.475566 0.471118 0.477606 0.497397 0.533086 0.587495 0.663672 0.764894 0.894664 1.05671 1.255 1.49371 1.77725 2.11027 2.49763 2.94443 3.45598 4.03783 4.69575 5.43576 6.26406 7.18712 8.21162 9.34446 10.5928 11.9639 13.4655 15.1053 16.8913 18.8318 20.9354 23.2106 25.6665 28.3122 31.1571 34.2107 37.4829 40.9838 44.7235 
73.5876 68.1427 63.0054 58.1641 53.6072 49.3234 45.3017 41.5313 38.0015 34.702 31.6226 28.7534 26.0848 23.6072 21.3114 19.1885 17.2297 15.4264 13.7704 12.2534 10.8677 9.60566 8.45982 7.42303 6.48834 5.64901 4.89855 4.2307 3.63941 3.11886 2.66347 2.26787 1.92693 1.63575 1.38963 1.18413 1.01502 0.8783 0.770195 0.687162 0.625879 0.583255 0.556425 0.54275 0.53982 0.545449 0.557682 0.574787 0.595262 0.617831 0.641446 0.665286 0.688755 0.711487 0.710179 0.674476 0.638977 0.604233 0.571019 0.540339 0.513424 0.491731 0.476946 0.470982 0.475977 0.4943 0.528544 0.581531 0.65631 0.756157 0.884576 1.0453 1.24228 1.47971 1.76199 2.09378 2.47992 2.92553 3.43591 4.01662 4.67343 5.41234 6.23957 7.16159 8.18506 9.31691 10.5642 11.9344 13.4351 15.074 16.8591 18.7988 20.9016 23.176 25.6312 28.2761 31.1203 34.1732 37.4448 40.9451 44.6843 
73.8652 68.4117 63.2661 58.4167 53.8519 49.5603 45.5311 41.7532 38.2162 34.9096 31.8233 28.9473 26.272 23.788 21.4859 19.3567 17.3918 15.5825 13.9206 12.3979 11.0065 9.73891 8.58763 7.54549 6.60554 5.76106 5.00553 4.3327 3.73652 3.21116 2.75103 2.35078 2.00526 1.70957 1.45902 1.24916 1.07575 0.934803 0.822533 0.735395 0.670068 0.623459 0.5927 0.575152 0.568401 0.570263 0.578779 0.592216 0.609071 0.628067 0.648153 0.668507 0.688534 0.707864 0.726358 0.689206 0.652061 0.615695 0.580885 0.548633 0.52017 0.496954 0.480671 0.473233 0.476778 0.493675 0.526517 0.578127 0.651552 0.75007 0.877183 1.03662 1.23235 1.46854 1.74962 2.08022 2.4652 2.90967 3.41894 3.99856 4.65431 5.39218 6.21841 7.13944 8.16195 9.29286 10.5393 11.9086 13.4084 15.0465 16.8309 18.7698 20.8718 23.1456 25.6 28.2444 31.0879 34.1403 37.4114 40.9112 44.65 
74.1576 68.695 63.5406 58.6826 54.1094 49.8097 45.7725 41.9869 38.4423 35.1283 32.0347 29.1517 26.4695 23.9786 21.6699 19.5343 17.563 15.7475 14.0794 12.5507 11.1535 9.88012 8.72318 7.6755 6.73011 5.88028 5.11951 4.44152 3.84027 3.30993 2.84491 2.43985 2.0896 1.78926 1.53413 1.31976 1.14192 0.9966 0.88003 0.788656 0.719157 0.668437 0.633626 0.612084 0.601395 0.599373 0.604056 0.613713 0.626837 0.64215 0.658599 0.675362 0.69184 0.707665 0.722694 0.705916 0.667174 0.629235 0.592877 0.559102 0.529141 0.504452 0.48672 0.477857 0.480003 0.495524 0.527016 0.577299 0.649424 0.746665 0.872526 1.03074 1.22526 1.46028 1.7402 2.06968 2.45356 2.89696 3.40518 3.98378 4.63853 5.37544 6.20072 7.12084 8.14248 9.27254 10.5182 11.8867 13.3857 15.023 16.8067 18.745 20.8464 23.1196 25.5735 28.2173 31.0604 34.1124 37.3831 40.8826 44.6211 
74.4664 68.9942 63.8305 58.9633 54.3813 50.073 46.0274 42.2336 38.6809 35.3591 32.258 29.3675 26.678 24.18 21.8644 19.7219 17.744 15.922 14.2475 12.7126 11.3093 10.0299 8.86707 7.81362 6.86257 6.00719 5.24097 4.55763 3.95112 3.41562 2.94553 2.53548 2.18033 1.87516 1.61529 1.39626 1.21383 1.064 0.942978 0.847226 0.773414 0.718445 0.679447 0.653778 0.639021 0.632987 0.633713 0.639466 0.648737 0.660247 0.672942 0.685996 0.698811 0.711017 0.722468 0.724519 0.684237 0.644785 0.606937 0.571697 0.540296 0.514192 0.495069 0.484841 0.485647 0.499854 0.530056 0.579075 0.64996 0.745988 0.870663 1.02771 1.2211 1.45501 1.73385 2.06227 2.44513 2.88753 3.39478 3.97244 4.62628 5.3623 6.18674 7.10604 8.12689 9.25619 10.5011 11.8689 13.3673 15.004 16.7872 18.7249 20.8258 23.0985 25.5521 28.1955 31.0383 34.0901 37.3606 40.8599 44.5984 
74.7942 69.3116 64.1378 59.2609 54.6693 50.3518 46.2972 42.4947 38.9336 35.6035 32.4943 29.5959 26.8988 24.3933 22.0703 19.9208 17.9358 16.107 14.4259 12.8844 11.4746 10.189 9.02003 7.96055 7.0036 6.14242 5.37052 4.68161 4.06962 3.52875 3.05338 2.63815 2.27791 1.96774 1.70295 1.47907 1.29188 1.13736 1.01173 0.911443 0.833162 0.773791 0.730456 0.700513 0.681544 0.671356 0.667986 0.669698 0.674982 0.682556 0.691366 0.700583 0.709608 0.718068 0.725818 0.732939 0.70316 0.662263 0.622995 0.58636 0.553589 0.52614 0.505698 0.494176 0.493714 0.506678 0.535664 0.583493 0.653215 0.748107 0.871672 1.02764 1.21998 1.45286 1.73071 2.05816 2.44008 2.88157 3.38795 3.96477 4.6178 5.35305 6.17674 7.09533 8.11552 9.24419 10.4885 11.8558 13.3537 14.9899 16.7726 18.71 20.8106 23.0831 25.5364 28.1797 31.0225 34.0742 37.3448 40.8443 44.5829 
75.1446 69.6506 64.4657 59.5781 54.9762 50.6487 46.5845 42.7725 39.2023 35.8634 32.7455 29.8388 27.1334 24.62 22.2893 20.1321 18.1398 16.3037 14.6155 13.0671 11.6507 10.3584 9.18299 8.11719 7.15404 6.2868 5.50895 4.8142 4.1965 3.65001 3.16913 2.74849 2.38293 2.06754 1.79762 1.56871 1.37656 1.21716 1.08674 0.98173 0.898802 0.834856 0.787016 0.752633 0.729289 0.714788 0.707166 0.704684 0.705829 0.709319 0.714096 0.719332 0.724423 0.728997 0.732904 0.736227 0.72383 0.681573 0.64097 0.603025 0.56897 0.540261 0.518586 0.505857 0.504214 0.516024 0.543884 0.590615 0.659266 0.753116 0.875669 1.03066 1.22204 1.454 1.73096 2.05756 2.43866 2.87936 3.38498 3.96108 4.61343 5.34804 6.17113 7.08917 8.10884 9.23705 10.4809 11.8479 13.3454 14.9814 16.7639 18.7012 20.8017 23.0742 25.5276 28.171 31.014 34.0661 37.3371 40.8371 44.5765 
75.523 70.016 64.8187 59.9192 55.3059 50.9673 46.8924 43.0702 39.49 36.1414 33.0141 30.0983 27.3842 24.8622 22.5231 20.3578 18.3576 16.5138 14.8181 13.2624 11.8387 10.5395 9.35723 8.28474 7.31505 6.4414 5.65727 4.95638 4.33266 3.78028 3.29361 2.86729 2.49617 2.17531 1.90002 1.66583 1.46849 1.304 1.16857 1.05863 0.97085 0.90213 0.849589 0.810577 0.782671 0.763675 0.751621 0.744768 0.741602 0.740838 0.741415 0.742503 0.743497 0.744022 0.743928 0.743293 0.742422 0.702599 0.660765 0.621615 0.58638 0.556518 0.533717 0.519888 0.517173 0.527941 0.554787 0.600533 0.668231 0.761159 0.882821 1.03695 1.22751 1.45869 1.73489 2.06077 2.44119 2.88126 3.38629 3.96184 4.61368 5.34783 6.17052 7.0882 8.10756 9.23553 10.4792 11.846 13.3435 14.9796 16.7622 18.6996 20.8004 23.0733 25.5272 28.1712 31.0149 34.0679 37.3399 40.8412 44.5819 
75.9392 70.4168 65.2048 60.2913 55.6647 51.3135 47.2264 43.3925 39.8011 36.4417 33.3041 30.3782 27.6544 25.123 22.7747 20.6006 18.5918 16.7397 15.0358 13.4722 12.0409 10.7341 9.54452 8.46488 7.4882 6.60773 5.81693 5.10952 4.47941 3.92077 3.42798 2.99567 2.61866 2.29203 2.01107 1.77133 1.56854 1.39869 1.25798 1.14286 1.04999 0.976263 0.918791 0.874925 0.842238 0.818532 0.801836 0.790406 0.782726 0.777506 0.773687 0.770433 0.767139 0.763425 0.759141 0.754362 0.749391 0.72519 0.682258 0.642036 0.605755 0.574875 0.551083 0.536293 0.532646 0.542513 0.56849 0.6134 0.680296 0.772456 0.893388 1.04683 1.23673 1.46729 1.74293 2.06828 2.44823 2.88787 3.39252 3.96774 4.61932 5.35327 6.17581 7.09342 8.11279 9.24083 10.4847 11.8518 13.3496 14.9861 16.7693 18.7075 20.8091 23.083 25.538 28.1835 31.0288 34.0835 37.3577 40.8614 44.605 
76.4135 70.8703 65.6392 60.708 56.0647 51.6979 47.5961 43.7482 40.1436 36.7716 33.6219 30.6844 27.9495 25.4074 23.0489 20.8648 18.8464 16.985 15.2722 13.6999 12.2601 10.9451 9.74753 8.66012 7.67587 6.78802 5.99003 5.27559 4.63862 4.07327 3.57393 3.13519 2.7519 2.41912 2.13214 1.88648 1.67789 1.50235 1.35606 1.23546 1.1372 1.05817 0.995484 0.946489 0.908754 0.880077 0.858482 0.842224 0.829783 0.819868 0.811413 0.803582 0.795767 0.787585 0.778882 0.769732 0.760435 0.749151 0.705294 0.664173 0.627021 0.5953 0.570697 0.555128 0.550735 0.559891 0.585192 0.629466 0.695764 0.787369 0.90779 1.06076 1.25025 1.48045 1.75577 2.08087 2.46063 2.90014 3.40473 3.97998 4.63165 5.36578 6.1886 7.10659 8.12644 9.25509 10.4997 11.8677 13.3666 15.0043 16.7889 18.7287 20.8323 23.1084 25.566 28.2144 31.0632 34.122 37.4009 40.9103 44.6606 
77.0089 71.427 66.1631 61.2033 56.5347 52.1452 48.0227 44.1559 40.5337 37.1453 33.9803 31.0284 28.2798 25.7248 23.354 21.1583 19.1286 17.2564 15.5333 13.951 12.5015 11.1773 9.97073 8.87462 7.88193 6.98589 6.17995 5.45777 4.81326 4.24058 3.73407 3.28835 2.89824 2.55879 2.26529 2.01325 1.79841 1.61675 1.46446 1.33797 1.23393 1.14922 1.08096 1.02649 0.983362 0.949379 0.92256 0.901155 0.88364 0.868721 0.855328 0.842622 0.829991 0.817048 0.803637 0.789827 0.775915 0.762428 0.729659 0.687878 0.650098 0.61778 0.592616 0.576523 0.571646 0.580359 0.605262 0.649185 0.715184 0.806544 0.926777 1.07962 1.26905 1.49926 1.77468 2.09996 2.47997 2.91985 3.42491 4.00074 4.65314 5.38813 6.21197 7.13116 8.15242 9.2827 10.5292 11.8993 13.4008 15.0415 16.8295 18.7734 20.8817 23.1634 25.6279 28.2848 31.1442 34.2168 37.5146 41.052 44.8487 
78.9465 73.3277 67.0351 61.9583 57.2056 52.7534 48.5823 44.6761 41.0209 37.6041 34.4141 31.4399 28.6711 26.0977 23.7099 21.4983 19.4539 17.5678 15.8315 14.2368 12.7756 11.4401 10.2228 9.11631 8.11371 7.20811 6.39295 5.66187 5.00875 4.42772 3.91312 3.45954 3.06178 2.71488 2.41413 2.15501 1.93327 1.74486 1.58597 1.45302 1.34265 1.25174 1.1774 1.11695 1.06796 1.02821 0.995722 0.968733 0.945718 0.925376 0.906634 0.888647 0.870798 0.852696 0.834179 0.815314 0.796392 0.777934 0.755037 0.712951 0.674903 0.642358 0.617011 0.600783 0.595826 0.604516 0.62946 0.673492 0.739676 0.831303 0.951895 1.1052 1.2952 1.5261 1.80234 2.12859 2.50975 2.95097 3.45759 4.03523 4.68972 5.42714 6.25382 7.17632 8.20147 9.33636 10.5884 11.9652 13.475 15.1263 16.9284 18.892 21.0306 23.3634 25.9138 28.7029 31.7483 35.0664 38.6737 44.5443 48.3122 
1e+10 1e+10 1e+10 1e+10 1e+10 1e+10 50.511 46.5529 42.8711 39.4378 35.1607 32.0932 29.2541 26.6268 24.1964 21.9498 19.8759 17.9644 16.2056 14.5908 13.1113 11.759 10.5262 9.40541 8.38932 7.47103 6.64387 5.90139 5.23741 4.646 4.12146 3.65832 3.25136 2.89559 2.58625 2.31883 2.08903 1.8928 1.72629 1.58593 1.46834 1.37037 1.28913 1.22193 1.16632 1.12009 1.08122 1.04798 1.0188 0.992392 0.967669 0.943778 0.920094 0.896221 0.871988 0.847453 0.822901 0.798845 0.776024 0.739092 0.701398 0.669271 0.644414 0.62876 0.624468 0.633931 0.659767 0.704829 0.772199 0.865191 0.987353 1.14247 1.33456 1.56788 1.84694 2.1765 2.56156 3.00743 3.51971 4.10433 4.76771 5.51689 6.36011 7.30779 8.37366 9.57277 10.9185 12.423 14.0978 15.9551 18.007 22.3623 24.4978 26.8113 29.3207 1e+10 1e+10 1e+10 1e+10 1e+10 1e+10 
1e+10 1e+10 1e+10 1e+10 1e+10 1e+10 1e+10 1e+10 1e+10 1e+10 1e+10 1e+10 1e+10 1e+10 26.1212 23.808 21.7128 19.7914 18.0286 16.4132 13.7587 12.3295 11.0347 9.86411 8.80767 7.85613 7.00095 6.23437 5.54926 4.939 4.39742 3.9187 3.49736 3.12821 2.80634 2.52711 2.28613 2.07926 1.9026 1.7525 1.62555 1.51857 1.42861 1.35295 1.28914 1.2349 1.18824 1.14736 1.11071 1.07696 1.04501 1.01399 0.983256 0.952398 0.921225 0.889775 0.858312 0.827324 0.797524 0.765768 0.729984 0.69997 0.677477 0.664502 0.663291 0.676353 0.706484 0.756807 0.830866 0.932835 1.06793 1.24276 1.46452 1.74005 2.07593 2.47887 2.95582 3.51403 4.16114 4.90512 5.75433 8.7897 9.6528 10.613 11.6786 12.8603 14.185 1e+10 1e+10 1e+10 1e+10 1e+10 1e+10 1e+10 1e+10 1e+10 1e+10 1e+10 1e+10 1e+10 1e+10 
1e+10 1e+10 1e+10 1e+10 1e+10 1e+10 1e+10 1e+10 1e+10 1e+10 1e+10 1e+10 1e+10 1e+10 1e+10 1e+10 1e+10 1e+10 1e+10 1e+10 1e+10 1e+10 1e+10 1e+10 1e+10 1e+10 8.89877 8.11995 7.43656 6.83341 6.30204 5.83569 5.4284 5.07472 4.76957 3.16232 2.86863 2.61507 2.3971 2.21046 2.05121 1.9157 1.80062 1.70291 1.61985 1.549 1.48821 1.43561 1.38967 1.3491 1.31294 1.28052 1.25144 1.22564 1.20331 1.18496 1.17139 1.16368 1.16324 1.17173 1.19114 1.22375 1.27214 1.33921 1.42814 1.54244 3.50995 3.59369 3.70035 3.83336 3.99645 4.19373 4.42988 4.71065 5.04578 1e+10 1e+10 1e+10 1e+10 1e+10 1e+10 1e+10 1e+10 1e+10 1e+10 1e+10 1e+10 1e+10 1e+10 1e+10 1e+10 1e+10 1e+10 1e+10 1e+10 1e+10 1e+10 1e+10 1e+10 1e+10 1e+10 
1e+10 1e+10 1e+10 1e+10 1e+10 1e+10 1e+10 1e+10 1e+10 1e+10 1e+10 1e+10 1e+10 1e+10 1e+10 1e+10 1e+10 1e+10 1e+10 1e+10 1e+10 1e+10 1e+10 1e+10 1e+10 1e+10 1e+10 1e+10 1e+10 1e+10 1e+10 1e+10 1e+10 1e+10 1e+10 1e+10 1e+10 1e+10 1e+10 1e+10 1e+10 1e+10 1e+10 1e+10 1e+10 1e+10 1e+10 1e+10 1e+10 1e+10 1e+10 1e+10 1e+10 1e+10 1e+10 1e+10 1e+10 1e+10 1e+10 1e+10 1e+10 1e+10 1e+10 1e+10 1e+10 1e+10 1e+10 1e+10 1e+10 1e+10 1e+10 1e+10 1e+10 1e+10 1e+10 1e+10 1e+10 1e+10 1e+10 1e+10 1e+10 1e+10 1e+10 1e+10 1e+10 1e+10 1e+10 1e+10 1e+10 1e+10 1e+10 1e+10 1e+10 1e+10 1e+10 1e+10 1e+10 1e+10 1e+10 1e+10 1e+10 
1e+10 1e+10 1e+10 1e+10 1e+10 1e+10 1e+10 1e+10 1e+10 1e+10 1e+10 1e+10 1e+10 1e+10 1e+10 1e+10 1e+10 1e+10 1e+10 1e+10 1e+10 1e+10 1e+10 1e+10 1e+10 1e+10 1e+10 1e+10 1e+10 1e+10 1e+10 1e+10 1e+10 1e+10 1e+10 1e+10 1e+10 1e+10 1e+10 1e+10 1e+10 1e+10 1e+10 1e+10 1e+10 1e+10 1e+10 1e+10 1e+10 1e+10 1e+10 1e+10 1e+10 1e+10 1e+10 1e+10 1e+10 1e+10 1e+10 1e+10 1e+10 1e+10 1e+10 1e+10 1e+10 1e+10 1e+10 1e+10 1e+10 1e+10 1e+10 1e+10 1e+10 1e+10 1e+10 1e+10 1e+10 1e+10 1e+10 1e+10 1e+10 1e+10 1e+10 1e+10 1e+10 1e+10 1e+10 1e+10 1e+10 1e+10 1e+10 1e+10 1e+10 1e+10 1e+10 1e+10 1e+10 1e+10 1e+10 1e+10 1e+10 
1e+10 1e+10 1e+10 1e+10 1e+10 1e+10 1e+10 1e+10 1e+10 1e+10 1e+10 1e+10 1e+10 1e+10 1e+10 1e+10 1e+10 1e+10 1e+10 1e+10 1e+10 1e+10 1e+10 1e+10 1e+10 1e+10 1e+10 1e+10 1e+10 1e+10 1e+10 1e+10 1e+10 1e+10 1e+10 1e+10 1e+10 1e+10 1e+10 1e+10 1e+10 1e+10 1e+10 1e+10 1e+10 1e+10 1e+10 1e+10 1e+10 1e+10 1e+10 1e+10 1e+10 1e+10 1e+10 1e+10 1e+10 1e+10 1e+10 1e+10 1e+10 1e+10 1e+10 1e+10 1e+10 1e+10 1e+10 1e+10 1e+10 1e+10 1e+10 1e+10 1e+10 1e+10 1e+10 1e+10 1e+10 1e+10 1e+10 1e+10 1e+10 1e+10 1e+10 1e+10 1e+10 1e+10 1e+10 1e+10 1e+10 1e+10 1e+10 1e+10 1e+10 1e+10 1e+10 1e+10 1e+10 1e+10 1e+10 1e+10 1e+10 
1e+10 1e+10 1e+10 1e+10 1e+10 1e+10 1e+10 1e+10 1e+10 1e+10 1e+10 1e+10 1e+10 1e+10 1e+10 1e+10 1e+10 1e+10 1e+10 1e+10 1e+10 1e+10 1e+10 1e+10 1e+10 1e+10 1e+10 1e+10 1e+10 1e+10 1e+10 1e+10 1e+10 1e+10 1e+10 1e+10 1e+10 1e+10 1e+10 1e+10 1e+10 1e+10 1e+10 1e+10 1e+10 1e+10 1e+10 1e+10 1e+10 1e+10 1e+10 1e+10 1e+10 1e+10 1e+10 1e+10 1e+10 1e+10 1e+10 1e+10 1e+10 1e+10 1e+10 1e+10 1e+10 1e+10 1e+10 1e+10 1e+10 1e+10 1e+10 1e+10 1e+10 1e+10 1e+10 1e+10 1e+10 1e+10 1e+10 1e+10 1e+10 1e+10 1e+10 1e+10 1e+10 1e+10 1e+10 1e+10 1e+10 1e+10 1e+10 1e+10 1e+10 1e+10 1e+10 1e+10 1e+10 1e+10 1e+10 1e+10 1e+10 
1e+10 1e+10 1e+10 1e+10 1e+10 1e+10 1e+10 1e+10 1e+10 1e+10 1e+10 1e+10 1e+10 1e+10 1e+10 1e+10 1e+10 1e+10 1e+10 1e+10 1e+10 1e+10 1e+10 1e+10 1e+10 1e+10 1e+10 1e+10 1e+10 1e+10 1e+10 1e+10 1e+10 1e+10 1e+10 1e+10 1e+10 1e+10 1e+10 1e+10 1e+10 1e+10 1e+10 1e+10 1e+10 1e+10 1e+10 1e+10 1e+10 1e+10 1e+10 1e+10 1e+10 1e+10 1e+10 1e+10 1e+10 1e+10 1e+10 1e+10 1e+10 1e+10 1e+10 1e+10 1e+10 1e+10 1e+10 1e+10 1e+10 1e+10 1e+10 1e+10 1e+10 1e+10 1e+10 1e+10 1e+10 1e+10 1e+10 1e+10 1e+10 1e+10 1e+10 1e+10 1e+10 1e+10 1e+10 1e+10 1e+10 1e+10 1e+10 1e+10 1e+10 1e+10 1e+10 1e+10 1e+10 1e+10 1e+10 1e+10 1e+10 
1e+10 1e+10 1e+10 1e+10 1e+10 1e+10 1e+10 1e+10 1e+10 1e+10 1e+10 1e+10 1e+10 1e+10 1e+10 1e+10 1e+10 1e+10 1e+10 1e+10 1e+10 1e+10 1e+10 1e+10 1e+10 1e+10 1e+10 1e+10 1e+10 1e+10 1e+10 1e+10 1e+10 1e+10 1e+10 1e+10 1e+10 1e+10 1e+10 1e+10 1e+10 1e+10 1e+10 1e+10 1e+10 1e+10 1e+10 1e+10 1e+10 1e+10 1e+10 1e+10 1e+10 1e+10 1e+10 1e+10 1e+10 1e+10 1e+10 1e+10 1e+10 1e+10 1e+10 1e+10 1e+10 1e+10 1e+10 1e+10 1e+10 1e+10 1e+10 1e+10 1e+10 1e+10 1e+10 1e+10 1e+10 1e+10 1e+10 1e+10 1e+10 1e+10 1e+10 1e+10 1e+10 1e+10 1e+10 1e+10 1e+10 1e+10 1e+10 1e+10 1e+10 1e+10 1e+10 1e+10 1e+10 1e+10 1e+10 1e+10 1e+10 
1e+10 1e+10 1e+10 1e+10 1e+10 1e+10 1e+10 1e+10 1e+10 1e+10 1e+10 1e+10 1e+10 1e+10 1e+10 1e+10 1e+10 1e+10 1e+10 1e+10 1e+10 1e+10 1e+10 1e+10 1e+10 1e+10 1e+10 1e+10 1e+10 1e+10 1e+10 1e+10 1e+10 1e+10 1e+10 1e+10 1e+10 1e+10 1e+10 1e+10 1e+10 1e+10 1e+10 1e+10 1e+10 1e+10 1e+10 1e+10 1e+10 1e+10 1e+10 1e+10 1e+10 1e+10 1e+10 1e+10 1e+10 1e+10 1e+10 1e+10 1e+10 1e+10 1e+10 1e+10 1e+10 1e+10 1e+10 1e+10 1e+10 1e+10 1e+10 1e+10 1e+10 1e+10 1e+10 1e+10 1e+10 1e+10 1e+10 1e+10 1e+10 1e+10 1e+10 1e+10 1e+10 1e+10 1e+10 1e+10 1e+10 1e+10 1e+10 1e+10 1e+10 1e+10 1e+10 1e+10 1e+10 1e+10 1e+10 1e+10 1e+10 
1e+10 1e+10 1e+10 1e+10 1e+10 1e+10 1e+10 1e+10 1e+10 1e+10 1e+10 1e+10 1e+10 1e+10 1e+10 1e+10 1e+10 1e+10 1e+10 1e+10 1e+10 1e+10 1e+10 1e+10 1e+10 1e+10 1e+10 1e+10 1e+10 1e+10 1e+10 1e+10 1e+10 1e+10 1e+10 1e+10 1e+10 1e+10 1e+10 1e+10 1e+10 1e+10 1e+10 1e+10 1e+10 1e+10 1e+10 1e+10 1e+10 1e+10 1e+10 1e+10 1e+10 1e+10 1e+10 1e+10 1e+10 1e+10 1e+10 1e+10 1e+10 1e+10 1e+10 1e+10 1e+10 1e+10 1e+10 1e+10 1e+10 1e+10 1e+10 1e+10 1e+10 1e+10 1e+10 1e+10 1e+10 1e+10 1e+10 1e+10 1e+10 1e+10 1e+10 1e+10 1e+10 1e+10 1e+10 1e+10 1e+10 1e+10 1e+10 1e+10 1e+10 1e+10 1e+10 1e+10 1e+10 1e+10 1e+10 1e+10 1e+10 
