# Please cite arXiv:2008.01110
# The chisq test statistic between a given point in parameter space and the data including pulls from Daya Bay and KamLAND and marginalization over the other four oscillation parameters and the sign of cos(delta) for a fixed MO
# The first two rows define the grid:
#   J
#   s23sq
# The remaining rows are the chisq test statistic where the first row is at the smallest value of the Jarlskog and at increasing values of s23sq. The remaining rows are increasing values of delta.
-0.04 -0.0392 -0.0384 -0.0376 -0.0368 -0.036 -0.0352 -0.0344 -0.0336 -0.0328 -0.032 -0.0312 -0.0304 -0.0296 -0.0288 -0.028 -0.0272 -0.0264 -0.0256 -0.0248 -0.024 -0.0232 -0.0224 -0.0216 -0.0208 -0.02 -0.0192 -0.0184 -0.0176 -0.0168 -0.016 -0.0152 -0.0144 -0.0136 -0.0128 -0.012 -0.0112 -0.0104 -0.0096 -0.0088 -0.008 -0.0072 -0.0064 -0.0056 -0.0048 -0.004 -0.0032 -0.0024 -0.0016 -0.0008 0 0.0008 0.0016 0.0024 0.0032 0.004 0.0048 0.0056 0.0064 0.0072 0.008 0.0088 0.0096 0.0104 0.0112 0.012 0.0128 0.0136 0.0144 0.0152 0.016 0.0168 0.0176 0.0184 0.0192 0.02 0.0208 0.0216 0.0224 0.0232 0.024 0.0248 0.0256 0.0264 0.0272 0.028 0.0288 0.0296 0.0304 0.0312 0.032 0.0328 0.0336 0.0344 0.0352 0.036 0.0368 0.0376 0.0384 0.0392 0.04 
0.3 0.304 0.308 0.312 0.316 0.32 0.324 0.328 0.332 0.336 0.34 0.344 0.348 0.352 0.356 0.36 0.364 0.368 0.372 0.376 0.38 0.384 0.388 0.392 0.396 0.4 0.404 0.408 0.412 0.416 0.42 0.424 0.428 0.432 0.436 0.44 0.444 0.448 0.452 0.456 0.46 0.464 0.468 0.472 0.476 0.48 0.484 0.488 0.492 0.496 0.5 0.504 0.508 0.512 0.516 0.52 0.524 0.528 0.532 0.536 0.54 0.544 0.548 0.552 0.556 0.56 0.564 0.568 0.572 0.576 0.58 0.584 0.588 0.592 0.596 0.6 0.604 0.608 0.612 0.616 0.62 0.624 0.628 0.632 0.636 0.64 0.644 0.648 0.652 0.656 0.66 0.664 0.668 0.672 0.676 0.68 0.684 0.688 0.692 0.696 0.7 
1e+10 1e+10 1e+10 1e+10 1e+10 1e+10 1e+10 1e+10 1e+10 1e+10 1e+10 1e+10 1e+10 1e+10 1e+10 1e+10 1e+10 1e+10 1e+10 1e+10 1e+10 1e+10 1e+10 1e+10 1e+10 1e+10 1e+10 1e+10 1e+10 1e+10 1e+10 1e+10 1e+10 1e+10 1e+10 1e+10 1e+10 1e+10 1e+10 1e+10 1e+10 1e+10 1e+10 1e+10 1e+10 1e+10 1e+10 1e+10 1e+10 1e+10 1e+10 1e+10 1e+10 1e+10 1e+10 1e+10 1e+10 1e+10 1e+10 1e+10 1e+10 1e+10 1e+10 1e+10 1e+10 1e+10 1e+10 1e+10 1e+10 1e+10 1e+10 1e+10 1e+10 1e+10 1e+10 1e+10 1e+10 1e+10 1e+10 1e+10 1e+10 1e+10 1e+10 1e+10 1e+10 1e+10 1e+10 1e+10 1e+10 1e+10 1e+10 1e+10 1e+10 1e+10 1e+10 1e+10 1e+10 1e+10 1e+10 1e+10 1e+10 
1e+10 1e+10 1e+10 1e+10 1e+10 1e+10 1e+10 1e+10 1e+10 1e+10 1e+10 1e+10 1e+10 1e+10 1e+10 1e+10 1e+10 1e+10 1e+10 1e+10 1e+10 1e+10 1e+10 1e+10 1e+10 1e+10 1e+10 1e+10 1e+10 1e+10 1e+10 1e+10 1e+10 1e+10 1e+10 1e+10 1e+10 1e+10 1e+10 1e+10 1e+10 1e+10 1e+10 1e+10 1e+10 1e+10 1e+10 1e+10 1e+10 1e+10 1e+10 1e+10 1e+10 1e+10 1e+10 1e+10 1e+10 1e+10 1e+10 1e+10 1e+10 1e+10 1e+10 1e+10 1e+10 1e+10 1e+10 1e+10 1e+10 1e+10 1e+10 1e+10 1e+10 1e+10 1e+10 1e+10 1e+10 1e+10 1e+10 1e+10 1e+10 1e+10 1e+10 1e+10 1e+10 1e+10 1e+10 1e+10 1e+10 1e+10 1e+10 1e+10 1e+10 1e+10 1e+10 1e+10 1e+10 1e+10 1e+10 1e+10 1e+10 
1e+10 1e+10 1e+10 1e+10 1e+10 1e+10 1e+10 1e+10 1e+10 1e+10 1e+10 1e+10 1e+10 1e+10 1e+10 1e+10 1e+10 1e+10 1e+10 1e+10 1e+10 1e+10 1e+10 1e+10 1e+10 1e+10 1e+10 1e+10 1e+10 1e+10 1e+10 1e+10 1e+10 1e+10 1e+10 1e+10 1e+10 1e+10 1e+10 1e+10 1e+10 1e+10 1e+10 1e+10 1e+10 1e+10 1e+10 1e+10 1e+10 1e+10 1e+10 1e+10 1e+10 1e+10 1e+10 1e+10 1e+10 1e+10 1e+10 1e+10 1e+10 1e+10 1e+10 1e+10 1e+10 1e+10 1e+10 1e+10 1e+10 1e+10 1e+10 1e+10 1e+10 1e+10 1e+10 1e+10 1e+10 1e+10 1e+10 1e+10 1e+10 1e+10 1e+10 1e+10 1e+10 1e+10 1e+10 1e+10 1e+10 1e+10 1e+10 1e+10 1e+10 1e+10 1e+10 1e+10 1e+10 1e+10 1e+10 1e+10 1e+10 
1e+10 1e+10 1e+10 1e+10 1e+10 1e+10 1e+10 1e+10 1e+10 1e+10 1e+10 1e+10 1e+10 1e+10 1e+10 1e+10 1e+10 1e+10 1e+10 1e+10 1e+10 1e+10 1e+10 1e+10 1e+10 1e+10 1e+10 1e+10 1e+10 1e+10 1e+10 1e+10 1e+10 1e+10 1e+10 1e+10 1e+10 1e+10 1e+10 1e+10 1e+10 1e+10 1e+10 1e+10 1e+10 1e+10 1e+10 1e+10 1e+10 1e+10 1e+10 1e+10 1e+10 1e+10 1e+10 1e+10 1e+10 1e+10 1e+10 1e+10 1e+10 1e+10 1e+10 1e+10 1e+10 1e+10 1e+10 1e+10 1e+10 1e+10 1e+10 1e+10 1e+10 1e+10 1e+10 1e+10 1e+10 1e+10 1e+10 1e+10 1e+10 1e+10 1e+10 1e+10 1e+10 1e+10 1e+10 1e+10 1e+10 1e+10 1e+10 1e+10 1e+10 1e+10 1e+10 1e+10 1e+10 1e+10 1e+10 1e+10 1e+10 
1e+10 1e+10 1e+10 1e+10 1e+10 1e+10 1e+10 1e+10 1e+10 1e+10 1e+10 1e+10 1e+10 1e+10 1e+10 1e+10 1e+10 1e+10 1e+10 1e+10 1e+10 1e+10 1e+10 1e+10 1e+10 1e+10 1e+10 1e+10 1e+10 1e+10 1e+10 1e+10 1e+10 1e+10 1e+10 1e+10 1e+10 1e+10 1e+10 1e+10 1e+10 1e+10 1e+10 1e+10 1e+10 1e+10 1e+10 1e+10 1e+10 1e+10 1e+10 1e+10 1e+10 1e+10 1e+10 1e+10 1e+10 1e+10 1e+10 1e+10 1e+10 1e+10 1e+10 1e+10 1e+10 1e+10 1e+10 1e+10 1e+10 1e+10 1e+10 1e+10 1e+10 1e+10 1e+10 1e+10 1e+10 1e+10 1e+10 1e+10 1e+10 1e+10 1e+10 1e+10 1e+10 1e+10 1e+10 1e+10 1e+10 1e+10 1e+10 1e+10 1e+10 1e+10 1e+10 1e+10 1e+10 1e+10 1e+10 1e+10 1e+10 
1e+10 1e+10 1e+10 1e+10 1e+10 1e+10 1e+10 1e+10 1e+10 1e+10 1e+10 1e+10 1e+10 1e+10 1e+10 1e+10 1e+10 1e+10 1e+10 1e+10 1e+10 1e+10 1e+10 1e+10 1e+10 1e+10 1e+10 1e+10 1e+10 1e+10 1e+10 1e+10 1e+10 1e+10 1e+10 1e+10 1e+10 1e+10 1e+10 1e+10 1e+10 1e+10 1e+10 1e+10 1e+10 1e+10 1e+10 1e+10 1e+10 1e+10 1e+10 1e+10 1e+10 1e+10 1e+10 1e+10 1e+10 1e+10 1e+10 1e+10 1e+10 1e+10 1e+10 1e+10 1e+10 1e+10 1e+10 1e+10 1e+10 1e+10 1e+10 1e+10 1e+10 1e+10 1e+10 1e+10 1e+10 1e+10 1e+10 1e+10 1e+10 1e+10 1e+10 1e+10 1e+10 1e+10 1e+10 1e+10 1e+10 1e+10 1e+10 1e+10 1e+10 1e+10 1e+10 1e+10 1e+10 1e+10 1e+10 1e+10 1e+10 
1e+10 1e+10 1e+10 1e+10 1e+10 1e+10 1e+10 1e+10 1e+10 1e+10 1e+10 1e+10 1e+10 1e+10 1e+10 1e+10 1e+10 1e+10 1e+10 1e+10 1e+10 1e+10 1e+10 1e+10 1e+10 1e+10 1e+10 1e+10 1e+10 1e+10 1e+10 1e+10 1e+10 1e+10 1e+10 1e+10 1e+10 1e+10 1e+10 1e+10 1e+10 1e+10 1e+10 1e+10 1e+10 1e+10 1e+10 1e+10 1e+10 1e+10 1e+10 1e+10 1e+10 1e+10 1e+10 1e+10 1e+10 1e+10 1e+10 1e+10 1e+10 1e+10 1e+10 1e+10 1e+10 1e+10 1e+10 1e+10 1e+10 1e+10 1e+10 1e+10 1e+10 1e+10 1e+10 1e+10 1e+10 1e+10 1e+10 1e+10 1e+10 1e+10 1e+10 1e+10 1e+10 1e+10 1e+10 1e+10 1e+10 1e+10 1e+10 1e+10 1e+10 1e+10 1e+10 1e+10 1e+10 1e+10 1e+10 1e+10 1e+10 
1e+10 1e+10 1e+10 1e+10 1e+10 1e+10 1e+10 1e+10 1e+10 1e+10 1e+10 1e+10 1e+10 1e+10 1e+10 1e+10 1e+10 1e+10 1e+10 1e+10 1e+10 1e+10 1e+10 1e+10 1e+10 1e+10 1e+10 1e+10 1e+10 1e+10 1e+10 1e+10 1e+10 1e+10 1e+10 1e+10 1e+10 1e+10 1e+10 1e+10 1e+10 1e+10 1e+10 1e+10 1e+10 1e+10 1e+10 1e+10 1e+10 1e+10 1e+10 1e+10 1e+10 1e+10 1e+10 1e+10 1e+10 1e+10 1e+10 1e+10 1e+10 1e+10 1e+10 1e+10 1e+10 1e+10 1e+10 1e+10 1e+10 1e+10 1e+10 1e+10 1e+10 1e+10 1e+10 1e+10 1e+10 1e+10 1e+10 1e+10 1e+10 1e+10 1e+10 1e+10 1e+10 1e+10 1e+10 1e+10 1e+10 1e+10 1e+10 1e+10 1e+10 1e+10 1e+10 1e+10 1e+10 1e+10 1e+10 1e+10 1e+10 
1e+10 1e+10 1e+10 1e+10 1e+10 1e+10 1e+10 1e+10 1e+10 1e+10 1e+10 1e+10 1e+10 1e+10 1e+10 1e+10 1e+10 1e+10 1e+10 1e+10 1e+10 1e+10 1e+10 1e+10 1e+10 1e+10 12.2996 11.6167 11.0216 10.5015 10.0485 9.65648 9.31958 9.03257 8.79052 2.44223 2.21199 2.0202 1.8623 1.73401 1.63137 1.55074 1.48877 1.44242 1.40895 1.38591 1.37114 1.36279 1.35929 1.35938 1.36208 1.36669 1.37282 1.38036 1.38949 1.40071 1.41476 1.43271 1.45592 1.48603 1.52498 1.57502 1.63869 1.71883 1.81858 1.94142 8.12643 8.19285 8.28008 8.39152 8.53089 8.70227 8.91021 9.16023 9.46123 1e+10 1e+10 1e+10 1e+10 1e+10 1e+10 1e+10 1e+10 1e+10 1e+10 1e+10 1e+10 1e+10 1e+10 1e+10 1e+10 1e+10 1e+10 1e+10 1e+10 1e+10 1e+10 1e+10 1e+10 1e+10 1e+10 
1e+10 1e+10 1e+10 1e+10 1e+10 1e+10 1e+10 1e+10 1e+10 1e+10 1e+10 1e+10 1e+10 1e+10 28.4091 26.2479 24.2882 22.4942 20.8523 19.3522 11.7584 10.4246 9.22545 8.15125 7.19226 6.33886 5.58161 4.91155 4.32065 3.80174 3.34838 2.95467 2.6151 2.32452 2.07807 1.87118 1.69953 1.55906 1.44593 1.35657 1.28763 1.236 1.1988 1.17339 1.15734 1.14847 1.14482 1.14466 1.1465 1.14904 1.15126 1.15233 1.15165 1.14885 1.14381 1.13659 1.12499 1.10601 1.087 1.06902 1.05338 1.0416 1.03544 1.03691 1.04826 1.07199 1.11089 1.16806 1.24698 1.35176 1.48754 1.66083 1.87875 2.14796 2.47494 2.86629 3.32885 3.8698 4.49667 5.21734 6.04007 12.9286 13.743 14.6524 15.6647 16.79 18.0517 1e+10 1e+10 1e+10 1e+10 1e+10 1e+10 1e+10 1e+10 1e+10 1e+10 1e+10 1e+10 1e+10 1e+10 
1e+10 1e+10 1e+10 1e+10 1e+10 1e+10 51.9087 48.131 44.6166 41.342 32.0346 29.0915 26.3826 23.8911 21.5993 19.4911 17.5527 15.7729 14.1417 12.65 11.2895 10.0519 8.9297 7.91542 7.00197 6.18251 5.45048 4.79954 4.22359 3.71681 3.27356 2.88849 2.55644 2.27251 2.03202 1.83051 1.66378 1.52782 1.41888 1.33342 1.26814 1.21997 1.18604 1.16374 1.15067 1.14467 1.14379 1.14632 1.15077 1.15588 1.16061 1.16417 1.16596 1.16564 1.16308 1.15838 1.15107 1.12839 1.1056 1.08376 1.06414 1.04822 1.03773 1.03462 1.04107 1.05949 1.0925 1.14298 1.21402 1.30894 1.43129 1.58486 1.77366 2.00195 2.27423 2.59522 2.96992 3.40356 3.90168 4.47011 5.11508 5.84331 6.66246 7.58206 8.61523 9.77766 11.0832 12.5439 14.1712 15.9769 17.9733 25.9111 27.9781 30.2202 32.6538 1e+10 1e+10 1e+10 1e+10 1e+10 1e+10 
79.6304 74.2124 62.8466 57.92 53.3293 49.0484 45.0512 41.3168 37.8291 34.5748 31.5419 28.7197 26.0976 23.6659 21.4148 19.3353 17.4184 15.6553 14.0377 12.5574 11.2066 9.97748 8.86268 7.855 6.94749 6.13342 5.40629 4.75984 4.18805 3.68511 3.24545 2.86372 2.53482 2.25384 2.01614 1.81728 1.65305 1.51948 1.41283 1.32956 1.26638 1.22022 1.18824 1.16782 1.15658 1.15235 1.1532 1.15742 1.16353 1.17026 1.1766 1.18174 1.1851 1.18634 1.18532 1.18217 1.17719 1.1554 1.12991 1.10534 1.08296 1.06426 1.05095 1.04498 1.04852 1.06396 1.09392 1.14126 1.20906 1.30062 1.41948 1.56938 1.75434 1.97855 2.24647 2.56276 2.93234 3.36033 3.85209 4.41323 5.04956 5.76715 6.57229 7.47153 8.47164 9.57967 10.8029 12.1489 13.6257 15.2414 17.005 18.9263 21.0169 23.2936 25.7803 28.5004 31.4719 34.7112 38.2343 47.4659 51.1493 
72.7369 67.3538 62.2826 57.5092 53.0209 48.8055 44.8514 41.1472 37.6822 34.4457 31.4274 28.6174 26.0058 23.5831 21.34 19.2676 17.357 15.5996 13.9873 12.5118 11.1653 9.94026 8.82922 7.82505 6.92081 6.10979 5.38554 4.7418 4.17256 3.67204 3.23467 2.85512 2.52828 2.24928 2.01346 1.81641 1.65392 1.52201 1.41696 1.33523 1.27354 1.22883 1.19825 1.17919 1.16927 1.16633 1.16844 1.17389 1.1812 1.18912 1.19663 1.20291 1.20741 1.20978 1.20988 1.20784 1.20398 1.18603 1.15825 1.13139 1.10671 1.0857 1.07006 1.06175 1.06292 1.07597 1.10352 1.14841 1.21372 1.30275 1.41902 1.56628 1.74853 1.96996 2.23502 2.54836 2.91487 3.33966 3.8281 4.38573 5.01837 5.73204 6.53299 7.42771 8.42292 9.52554 10.7428 12.082 13.5509 15.1573 16.9093 18.8153 20.8839 23.124 25.5446 28.1554 30.9661 33.9869 37.229 40.7049 44.4306 
72.5455 67.189 62.1383 57.3816 52.9072 48.7035 44.7595 41.0642 37.607 34.3775 31.3656 28.5612 25.9548 23.5369 21.2982 19.2299 17.323 15.5692 13.9601 12.4877 11.1441 9.92169 8.81319 7.81141 6.90943 6.10056 5.37834 4.73653 4.16913 3.67036 3.23466 2.85671 2.53141 2.25388 2.01947 1.82377 1.66258 1.53193 1.42809 1.34754 1.28698 1.24337 1.21385 1.19583 1.18692 1.18497 1.18804 1.19443 1.20267 1.21149 1.21989 1.22706 1.23242 1.23564 1.2366 1.2354 1.23238 1.21994 1.19011 1.1612 1.13447 1.1114 1.09371 1.08333 1.08242 1.09338 1.11883 1.1616 1.22477 1.31163 1.42572 1.57077 1.75077 1.96991 2.23264 2.54361 2.90769 3.33001 3.8159 4.37092 5.00086 5.71175 6.50981 7.40153 8.39361 9.49295 10.7067 12.0423 13.5073 15.1095 16.8571 18.7582 20.8214 23.0555 25.4695 28.0725 30.874 33.8837 37.1116 40.5679 44.2629 
72.4471 67.1002 62.0581 57.3089 52.8413 48.6437 44.7053 41.0151 37.5626 34.3375 31.3295 28.5289 25.9259 23.5112 21.2756 19.21 17.3058 15.5545 13.9477 12.4775 11.136 9.91565 8.80904 7.80905 6.90877 6.10152 5.38085 4.74052 4.17453 3.6771 3.24269 2.86598 2.54186 2.26546 2.03215 1.83751 1.67733 1.54767 1.44477 1.36513 1.30546 1.26271 1.23403 1.21682 1.2087 1.20752 1.21134 1.21846 1.22742 1.23695 1.24604 1.25389 1.25993 1.26381 1.26542 1.26488 1.2625 1.25695 1.22523 1.19443 1.16582 1.14086 1.12128 1.10901 1.10621 1.11527 1.1388 1.17965 1.24089 1.32581 1.43794 1.58101 1.75902 1.97615 2.23684 2.54574 2.90773 3.32792 3.81164 4.36446 4.99215 5.70074 6.49646 7.38576 8.37536 9.47215 10.6833 12.0161 13.4783 15.0776 16.822 18.7199 20.7798 23.0103 25.4204 28.0193 30.8164 33.8213 37.0439 40.4943 44.1828 
72.3871 67.0459 62.0091 57.2648 52.8015 48.6081 44.6735 40.9868 37.5376 34.3156 31.3105 28.5126 25.9121 23.4998 21.2664 19.203 17.3008 15.5514 13.9464 12.4779 11.1381 9.91923 8.81408 7.81549 6.91654 6.11056 5.3911 4.75193 4.18705 3.69068 3.25729 2.88155 2.55837 2.28287 2.05043 1.85661 1.69724 1.56835 1.4662 1.38728 1.32831 1.28623 1.25821 1.24164 1.23413 1.23355 1.23796 1.24566 1.25517 1.26525 1.27488 1.28326 1.28982 1.29421 1.29633 1.29628 1.29441 1.29126 1.26347 1.2309 1.20051 1.17379 1.15244 1.1384 1.13383 1.14111 1.16287 1.20193 1.26138 1.34451 1.45482 1.59608 1.77226 1.98755 2.24638 2.55341 2.9135 3.33178 3.81357 4.36442 4.99012 5.69669 6.49035 7.37756 8.36502 9.45964 10.6685 11.9991 13.4589 15.0558 16.7978 18.6931 20.7503 22.978 25.3853 27.9812 30.7752 33.7768 36.9959 40.4426 44.1271 
72.3509 67.0137 61.9806 57.2398 52.7798 48.5894 44.6576 40.9736 37.5269 34.3072 31.3043 28.5085 25.91 23.4995 21.2679 19.2062 17.3056 15.5576 13.9541 12.4869 11.1484 9.93075 8.82677 7.82929 6.9314 6.12643 5.40793 4.76968 4.20568 3.71016 3.27758 2.90261 2.58017 2.30539 2.07362 1.88047 1.72173 1.59344 1.49188 1.41353 1.3551 1.31355 1.28604 1.26996 1.26294 1.26282 1.26768 1.27582 1.28576 1.29626 1.3063 1.31508 1.32203 1.32682 1.32932 1.32965 1.32814 1.32537 1.30473 1.27047 1.2384 1.21 1.18697 1.17125 1.16499 1.1706 1.19067 1.22806 1.28582 1.36725 1.47587 1.61542 1.78989 2.00346 2.26056 2.56584 2.92418 3.34069 3.82069 4.36974 4.99362 5.69834 6.49013 7.37545 8.361 9.45366 10.6606 11.9891 13.4469 15.0417 16.7815 18.6746 20.7296 22.955 25.3599 27.9533 30.7447 33.7437 36.9601 40.4039 44.0855 
72.3319 66.9978 61.9675 57.2294 52.7719 48.5838 44.6542 40.9723 37.5276 34.3097 31.3086 28.5144 25.9175 23.5086 21.2783 19.2179 17.3186 15.5718 13.9694 12.5034 11.1658 9.94918 8.84613 7.84953 6.95249 6.14832 5.43059 4.79307 4.22977 3.73492 3.30297 2.92862 2.60676 2.33253 2.1013 1.90865 1.7504 1.62259 1.52148 1.44356 1.38555 1.3444 1.31728 1.30157 1.29491 1.29514 1.30034 1.30881 1.31907 1.32988 1.34022 1.3493 1.35654 1.36161 1.36439 1.36499 1.36376 1.36125 1.34893 1.31306 1.27937 1.24935 1.22471 1.20738 1.19952 1.20352 1.22199 1.25776 1.31391 1.39373 1.50073 1.63867 1.8115 2.02344 2.2789 2.58254 2.93922 3.35406 3.83239 4.37975 5.00193 5.70493 6.49499 7.37856 8.36233 9.4532 10.6583 11.985 13.4409 15.0338 16.7717 18.6628 20.7158 22.9392 25.3419 27.9332 30.7225 33.7192 36.9332 40.3747 44.0537 
72.3267 66.995 61.967 57.2309 52.7754 48.5892 44.6614 40.9812 37.538 34.3216 31.3219 28.529 25.9334 23.5256 21.2965 19.2372 17.3388 15.5931 13.9916 12.5264 11.1896 9.97379 8.87148 7.87559 6.97922 6.17569 5.45856 4.82161 4.25886 3.76453 3.33307 2.95918 2.63777 2.36397 2.13315 1.94089 1.78301 1.65554 1.55477 1.47717 1.41947 1.37861 1.35177 1.33633 1.32993 1.33041 1.33585 1.34454 1.35503 1.36605 1.3766 1.38588 1.39332 1.39858 1.40155 1.40233 1.40128 1.39895 1.39605 1.3586 1.32335 1.29177 1.26557 1.24669 1.23728 1.23972 1.25664 1.29086 1.34546 1.42373 1.52918 1.66556 1.83683 2.04721 2.3011 2.60316 2.95827 3.37152 3.84825 4.39401 5.01457 5.71595 6.50437 7.38629 8.36839 9.45758 10.661 11.986 13.4401 15.0312 16.7674 18.6567 20.7078 22.9293 25.3302 27.9196 30.7068 33.7015 36.9135 40.3528 44.0297 
72.3331 67.0033 61.9771 57.2427 52.7888 48.6041 44.6777 40.9988 37.5569 34.3417 31.3432 28.5514 25.9568 23.5499 21.3217 19.2632 17.3657 15.6207 14.0199 12.5554 11.2193 10.0041 8.90237 7.90702 7.01116 6.20812 5.49146 4.85495 4.29261 3.79867 3.36758 2.99404 2.67296 2.39947 2.16894 1.97696 1.81934 1.69212 1.59158 1.5142 1.45671 1.41605 1.38939 1.37413 1.3679 1.36853 1.37412 1.38296 1.39358 1.40474 1.41541 1.42481 1.43236 1.43773 1.4408 1.44169 1.44074 1.43851 1.43579 1.40705 1.37027 1.33718 1.30947 1.28907 1.27815 1.27909 1.2945 1.32722 1.38032 1.45708 1.56103 1.6959 1.86567 2.07454 2.32692 2.62747 2.98105 3.39278 3.86798 4.4122 5.03121 5.73104 6.51789 7.39824 8.37876 9.46635 10.6682 11.9915 13.444 15.0335 16.7679 18.6556 20.7049 22.9247 25.3238 27.9114 30.6968 33.6897 36.8998 40.3372 44.0121 
72.3496 67.0213 61.9966 57.2636 52.811 48.6275 44.7023 41.0245 37.5836 34.3694 31.3717 28.5807 25.9869 23.5809 21.3534 19.2956 17.3987 15.6543 14.0541 12.5901 11.2545 10.0397 8.93842 7.94349 7.04802 6.24534 5.52901 4.89282 4.33077 3.83711 3.40628 3.03298 2.71212 2.43884 2.2085 2.0167 1.85925 1.73219 1.63178 1.55454 1.49717 1.45662 1.43006 1.41489 1.40874 1.40946 1.41511 1.42402 1.4347 1.4459 1.45662 1.46606 1.47365 1.47906 1.48216 1.48308 1.48216 1.47995 1.47726 1.45836 1.4201 1.38552 1.35633 1.33446 1.32207 1.32154 1.33548 1.36674 1.41837 1.49367 1.59615 1.72956 1.89787 2.10527 2.35618 2.65526 3.00737 3.41762 3.89134 4.43407 5.0516 5.74992 6.53528 7.41411 8.39311 9.47917 10.6794 12.0012 13.4522 15.0401 16.7729 18.659 20.7067 22.9248 25.3223 27.9082 30.6919 33.683 36.8913 40.3269 44.0001 
72.3752 67.0482 62.0246 57.2927 52.8411 48.6587 44.7344 41.0574 37.6173 34.4039 31.4069 28.6167 26.0235 23.618 21.3911 19.3337 17.4373 15.6934 14.0936 12.63 11.2948 10.0804 8.97938 7.98474 7.08953 6.2871 5.571 4.93502 4.37317 3.87967 3.449 3.07585 2.75512 2.48195 2.25172 2.06 1.90263 1.77563 1.67529 1.59809 1.54076 1.50024 1.4737 1.45855 1.45241 1.45313 1.45878 1.46768 1.47834 1.48953 1.50023 1.50964 1.5172 1.52258 1.52565 1.52653 1.52557 1.52332 1.52058 1.5125 1.47278 1.43675 1.40611 1.38279 1.36896 1.36699 1.3795 1.40932 1.45952 1.53339 1.63444 1.76642 1.9333 2.13927 2.38875 2.6864 3.03708 3.44589 3.91817 4.45946 5.07554 5.77241 6.5563 7.43367 8.4112 9.49579 10.6946 12.0149 13.4643 15.0507 16.782 18.6665 20.7127 22.9292 25.3251 27.9094 30.6915 33.681 36.8877 40.3216 43.993 
72.4091 67.0831 62.0605 57.3295 52.8787 48.697 44.7734 41.0972 37.6577 34.4449 31.4484 28.6587 26.066 23.661 21.4344 19.3775 17.4814 15.7378 14.1383 12.675 11.34 10.1258 9.02503 8.03056 7.13552 6.33324 5.61727 4.98139 4.41963 3.92622 3.49562 3.12252 2.80183 2.52869 2.29847 2.10677 1.94939 1.82238 1.72202 1.64479 1.58743 1.54686 1.52028 1.50507 1.49887 1.49952 1.5051 1.51392 1.52451 1.53561 1.54622 1.55554 1.56301 1.56829 1.57126 1.57205 1.57098 1.56863 1.56579 1.56349 1.5283 1.49084 1.45877 1.43403 1.41878 1.41539 1.42649 1.4549 1.5037 1.57616 1.67581 1.80639 1.97187 2.17644 2.42452 2.72076 3.07004 3.47745 3.94832 4.4882 5.10287 5.79833 6.5808 7.45675 8.43284 9.51599 10.7133 12.0322 13.4802 15.0651 16.7949 18.6779 20.7226 22.9377 25.332 27.9148 30.6953 33.6832 36.8883 40.3206 43.9904 
72.4508 67.1256 62.1037 57.3734 52.9233 48.7422 44.8191 41.1434 37.7044 34.492 31.496 28.7066 26.1142 23.7095 21.4832 19.4265 17.5307 15.7873 14.188 12.7248 11.39 10.1759 9.0752 8.08082 7.18584 6.38361 5.66767 5.03182 4.47006 3.97664 3.54602 3.17289 2.85216 2.57897 2.3487 2.15692 1.99947 1.87238 1.77192 1.69459 1.63712 1.59645 1.56974 1.55442 1.54808 1.5486 1.55405 1.56273 1.57317 1.58413 1.59459 1.60376 1.61108 1.6162 1.61902 1.61965 1.61842 1.61592 1.61292 1.61045 1.58662 1.54774 1.51427 1.48813 1.47148 1.4667 1.47641 1.50343 1.55084 1.62193 1.7202 1.8494 2.0135 2.21669 2.4634 2.75826 3.10616 3.5122 3.98169 4.52019 5.13348 5.82755 6.60864 7.48319 8.45789 9.53964 10.7356 12.053 13.4996 15.0831 16.8115 18.693 20.7363 22.9499 25.3427 27.924 30.7031 33.6895 36.893 40.3238 43.992 
72.4998 67.1752 62.1539 57.4241 52.9745 48.7938 44.8711 41.1957 37.7571 34.545 31.5492 28.7601 26.1679 23.7634 21.5373 19.4807 17.585 15.8417 14.2424 12.7793 11.4445 10.2304 9.12977 8.13537 7.24037 6.43809 5.7221 5.08619 4.52436 4.03085 3.60013 3.22689 2.90604 2.63273 2.40232 2.21041 2.05281 1.92556 1.82494 1.74745 1.68981 1.64896 1.62207 1.60656 1.60004 1.60036 1.60562 1.6141 1.62434 1.63509 1.64535 1.65431 1.66142 1.66633 1.66894 1.66935 1.66792 1.6652 1.66199 1.65931 1.64772 1.60745 1.57259 1.54506 1.52703 1.52087 1.52921 1.55486 1.60091 1.67063 1.76753 1.89538 2.05812 2.25995 2.50531 2.79882 3.14537 3.55005 4.01818 4.55533 5.16726 5.85997 6.63969 7.51289 8.48622 9.5666 10.7611 12.0772 13.5224 15.1045 16.8315 18.7117 20.7535 22.9657 25.3571 27.9369 30.7145 33.6995 36.9016 40.3308 43.9976 
72.5557 67.2316 62.2107 57.4812 53.0319 48.8516 44.9292 41.254 37.8156 34.6036 31.608 28.819 26.2269 23.8224 21.5964 19.5399 17.6442 15.9008 14.3016 12.8384 11.5035 10.2894 9.18862 8.19412 7.29901 6.49661 5.78049 5.14442 4.58244 4.08877 3.65788 3.28446 2.96342 2.68992 2.4593 2.26718 2.10936 1.9819 1.88106 1.80333 1.74545 1.70436 1.67724 1.66148 1.65471 1.65479 1.65979 1.66801 1.67799 1.68849 1.69849 1.70719 1.71403 1.71868 1.72103 1.72118 1.71948 1.71649 1.71302 1.71008 1.70892 1.66993 1.63369 1.6048 1.5854 1.57788 1.58485 1.60915 1.65384 1.72221 1.81778 1.94428 2.10568 2.30617 2.55019 2.84236 3.18757 3.59092 4.05772 4.59353 5.20412 5.8955 6.67388 7.54573 8.51772 9.59675 10.79 12.1047 13.5485 15.1292 16.8548 18.7337 20.7741 22.9849 25.3749 27.9533 30.7295 33.713 36.9137 40.3416 44.0068 
72.6184 67.2946 62.2739 57.5447 53.0955 48.9153 44.9931 41.318 37.8796 34.6677 31.6721 28.8831 26.291 23.8865 21.6604 19.6038 17.708 15.9646 14.3652 12.9019 11.5669 10.3526 9.25166 8.25699 7.36168 6.55908 5.84275 5.20646 4.64425 4.15035 3.71921 3.34554 3.02425 2.75048 2.5196 2.3272 2.1691 2.04136 1.94023 1.86222 1.80404 1.76266 1.73523 1.71917 1.7121 1.71187 1.71656 1.72447 1.73414 1.74433 1.75401 1.7624 1.76893 1.77327 1.7753 1.77514 1.77312 1.76983 1.76604 1.76279 1.76132 1.73517 1.69757 1.66731 1.64655 1.63768 1.64331 1.66627 1.70962 1.77665 1.87088 1.99605 2.15612 2.3553 2.59799 2.88884 3.23273 3.63476 4.10024 4.63473 5.244 5.93406 6.71112 7.58165 8.55232 9.63002 10.8219 12.1353 13.5778 15.1571 16.8814 18.7589 20.798 23.0074 25.3961 27.9731 30.7479 33.7301 36.9293 40.3558 44.0196 
72.6875 67.3638 62.3432 57.6141 53.165 48.9849 45.0626 41.3875 37.9491 34.7371 31.7415 28.9523 26.3601 23.9555 21.7293 19.6725 17.7765 16.0329 14.4333 12.9698 11.6346 10.42 9.31884 8.3239 7.42833 6.62545 5.90883 5.27226 4.70974 4.21553 3.78409 3.4101 3.08848 2.81439 2.58317 2.39044 2.23201 2.10392 2.00244 1.92408 1.86556 1.82382 1.79604 1.77962 1.77219 1.7716 1.77593 1.78348 1.79279 1.80261 1.81193 1.81996 1.82613 1.8301 1.83177 1.83125 1.82887 1.82522 1.82107 1.81747 1.81564 1.80315 1.76419 1.73258 1.71048 1.70026 1.70455 1.72618 1.7682 1.83391 1.92682 2.05066 2.20942 2.40728 2.64866 2.9382 3.28079 3.6815 4.14568 4.67887 5.28683 5.97559 6.75135 7.62057 8.58993 9.66632 10.8569 12.169 13.6101 15.1882 16.9112 18.7873 20.825 23.0331 25.4205 27.9962 30.7696 33.7504 36.9483 40.3733 44.0358 
72.7629 67.4392 62.4186 57.6894 53.2403 49.06 45.1377 41.4625 38.0239 34.8118 31.8159 29.0266 26.4342 24.0293 21.8028 19.7458 17.8496 16.1057 14.5058 13.042 11.7064 10.4916 9.39007 8.39481 7.49889 6.69566 5.97869 5.34175 4.77887 4.28429 3.85247 3.4781 3.1561 2.88162 2.65001 2.45688 2.29805 2.16956 2.06768 1.98892 1.92999 1.88784 1.85965 1.84282 1.83498 1.83398 1.8379 1.84504 1.85394 1.86335 1.87226 1.87987 1.88563 1.8892 1.89045 1.88952 1.88674 1.88269 1.87814 1.87413 1.8719 1.87293 1.83354 1.80059 1.77714 1.7656 1.76856 1.78886 1.82956 1.89395 1.98554 2.10808 2.26553 2.46209 2.70216 2.99041 3.33169 3.73112 4.194 4.72589 5.33257 6.02003 6.7945 7.66243 8.63049 9.7056 10.8949 12.2056 13.6455 15.2223 16.9439 18.8188 20.8552 23.062 25.448 28.0224 30.7945 33.7739 36.9705 40.3942 44.0553 
72.8443 67.5205 62.4998 57.7705 53.3212 49.1407 45.2182 41.5427 38.1039 34.8915 31.8954 29.1058 26.5131 24.1079 21.8811 19.8237 17.9271 16.1828 14.5826 13.1184 11.7825 10.5672 9.46533 8.46966 7.57333 6.76969 6.05229 5.41493 4.85161 4.3566 3.92433 3.54952 3.22708 2.95214 2.72009 2.52651 2.36722 2.23827 2.13594 2.05671 1.99732 1.95472 1.92607 1.90878 1.90047 1.89901 1.90247 1.90915 1.91759 1.92654 1.93499 1.94215 1.94745 1.95056 1.95137 1.94999 1.94676 1.94225 1.93726 1.9328 1.93013 1.93072 1.90561 1.87132 1.84654 1.83366 1.8353 1.85428 1.89367 1.95675 2.04703 2.16827 2.32442 2.51968 2.75846 3.04542 3.38542 3.78355 4.24515 4.77576 5.38115 6.06733 6.84052 7.70717 8.67396 9.74778 10.9358 12.2453 13.6838 15.2593 16.9797 18.8532 20.8884 23.0938 25.4785 28.0516 30.8224 33.8005 36.9958 40.4181 44.0779 
72.9318 67.6077 62.5868 57.8572 53.4076 49.2269 45.304 41.6282 38.1891 34.9763 31.9798 29.1898 26.5967 24.1911 21.9639 19.9061 18.0091 16.2644 14.6637 13.1991 11.8627 10.6469 9.54457 8.54842 7.65161 6.84748 6.1296 5.49174 4.92794 4.43242 3.99966 3.62434 3.3014 3.02595 2.79339 2.5993 2.4395 2.31005 2.2072 2.12747 2.06756 2.02444 1.99528 1.97748 1.96867 1.9667 1.96965 1.97582 1.98375 1.9922 2.00015 2.0068 2.01161 2.01422 2.01453 2.01265 2.00893 2.00393 1.99845 1.99351 1.99036 1.99046 1.98038 1.94475 1.91864 1.90444 1.90476 1.92243 1.9605 2.02228 2.11127 2.23121 2.38606 2.58003 2.81753 3.1032 3.44192 3.83878 4.2991 4.82843 5.43255 6.11746 6.88938 7.75476 8.72027 9.79282 10.9795 12.2878 13.7251 15.2993 17.0184 18.8906 20.9245 23.1287 25.5121 28.0839 30.8534 33.8302 37.0241 40.4452 44.1036 
73.0251 67.7007 62.6794 57.9494 53.4995 49.3183 45.395 41.7188 38.2793 35.066 32.0691 29.2786 26.685 24.279 22.0512 19.993 18.0955 16.3502 14.749 13.2839 11.9469 10.7307 9.62776 8.63107 7.73371 6.92903 6.2106 5.57219 5.00783 4.51175 4.07843 3.70255 3.37904 3.10304 2.86991 2.67526 2.5149 2.38488 2.28147 2.20117 2.14071 2.09703 2.06731 2.04895 2.03958 2.03705 2.03944 2.04506 2.05244 2.06034 2.06774 2.07385 2.07811 2.08018 2.07995 2.07753 2.07328 2.06775 2.06174 2.05627 2.05259 2.05218 2.05673 2.02088 1.99344 1.97792 1.97692 1.99328 2.03005 2.09053 2.17822 2.29686 2.45043 2.64312 2.87934 3.16373 3.50117 3.89676 4.35581 4.88387 5.48673 6.17037 6.94102 7.80514 8.76939 9.84068 11.0261 12.3331 13.7691 15.3421 17.0599 18.9309 20.9635 23.1664 25.5486 28.1191 30.8873 33.8628 37.0554 40.4752 44.1324 
73.1241 67.7994 62.7776 58.0472 53.5967 49.4151 45.4913 41.8145 38.3744 35.1607 32.1632 29.3722 26.778 24.3714 22.1431 20.0843 18.1862 16.4403 14.8385 13.3728 12.0353 10.8184 9.71487 8.71757 7.81961 7.01432 6.29527 5.65624 5.09127 4.59457 4.16063 3.78414 3.46001 3.18339 2.94965 2.75438 2.5934 2.46277 2.35874 2.27783 2.21676 2.17247 2.14214 2.12317 2.11319 2.11006 2.11185 2.11688 2.12366 2.13096 2.13777 2.14329 2.14697 2.14845 2.14764 2.14465 2.13982 2.13372 2.12714 2.12111 2.11686 2.11589 2.11988 2.09968 2.07092 2.05409 2.05177 2.06682 2.10229 2.16147 2.24786 2.36522 2.51751 2.70891 2.94385 3.22697 3.56314 3.95746 4.41525 4.94205 5.54365 6.22603 6.99543 7.85829 8.82129 9.89132 11.0755 12.3812 13.816 15.3877 17.1043 18.974 21.0053 23.207 25.5879 28.1571 30.9241 33.8983 37.0897 40.5082 44.164 
73.2289 67.9036 62.8813 58.1503 53.6993 49.517 45.5926 41.9153 38.4746 35.2602 32.2621 29.4704 26.8757 24.4684 22.2394 20.1799 18.2812 16.5347 14.9322 13.4658 12.1276 10.9101 9.8059 8.80793 7.90929 7.10332 6.3836 5.7439 5.17825 4.68088 4.24627 3.8691 3.5443 3.26701 3.03259 2.83665 2.67501 2.54371 2.43902 2.35745 2.29571 2.25076 2.21978 2.20016 2.18953 2.18575 2.1869 2.19128 2.19743 2.20409 2.21027 2.21516 2.2182 2.21906 2.21763 2.21402 2.20858 2.20186 2.19467 2.18804 2.18319 2.18162 2.18502 2.18115 2.15107 2.13292 2.12929 2.14303 2.1772 2.23508 2.32019 2.43626 2.58727 2.77739 3.01106 3.29291 3.62781 4.02087 4.47739 5.00294 5.60328 6.28441 7.05255 7.91416 8.87591 9.9447 11.1277 12.4321 13.8657 15.4361 17.1514 19.0199 21.05 23.2504 25.63 28.198 30.9637 33.9367 37.1268 40.544 44.1986 
73.3393 68.0134 62.9904 58.2587 53.8071 49.6241 45.699 42.021 38.5796 35.3645 32.3657 29.5734 26.9779 24.5699 22.3402 20.28 18.3805 16.6333 15.0301 13.5629 12.224 11.0057 9.90082 8.90211 8.00274 7.19604 6.47558 5.83515 5.26876 4.77067 4.33532 3.95743 3.6319 3.35389 3.11875 2.92209 2.75973 2.62771 2.52231 2.44003 2.37759 2.33193 2.30025 2.27993 2.26861 2.26413 2.26459 2.26829 2.27375 2.27973 2.28523 2.28945 2.29183 2.29202 2.28993 2.28566 2.27956 2.2722 2.26436 2.25708 2.2516 2.24939 2.25216 2.26183 2.23388 2.2144 2.20947 2.2219 2.25477 2.31136 2.39517 2.50996 2.65969 2.84854 3.08093 3.36152 3.69516 4.08695 4.54222 5.06651 5.6656 6.34548 7.11238 7.97274 8.93325 10.0008 11.1825 12.4857 13.918 15.4872 17.2013 19.0685 21.0974 23.2966 25.6749 28.2417 31.0061 33.9779 37.1667 40.5827 44.236 
73.4554 68.1287 63.1049 58.3725 53.9201 49.7364 45.8105 42.1317 38.6896 35.4737 32.4741 29.6809 27.0846 24.6758 22.4454 20.3844 18.4841 16.7361 15.1321 13.6641 12.3244 11.1053 9.99962 9.00012 8.09995 7.29246 6.57121 5.92999 5.36282 4.86393 4.42781 4.04913 3.72282 3.44403 3.20812 3.01069 2.84756 2.71478 2.60862 2.52558 2.46238 2.41598 2.38355 2.36248 2.35042 2.34521 2.34494 2.3479 2.35264 2.35791 2.36269 2.36619 2.36786 2.36735 2.36456 2.35959 2.3528 2.34475 2.33623 2.32826 2.32211 2.31923 2.32132 2.33033 2.31932 2.29853 2.29228 2.30341 2.33498 2.39028 2.4728 2.58631 2.73475 2.92233 3.15345 3.43277 3.76515 4.15569 4.6097 5.13274 5.73058 6.40921 7.17487 8.03399 8.99326 10.0596 11.24 12.542 13.9731 15.541 17.2539 19.1199 21.1475 23.3454 25.7226 28.2881 31.0513 34.0218 37.2094 40.6241 44.2762 
73.5769 68.2494 63.2248 58.4916 54.0383 49.8538 45.927 42.2474 38.8043 35.5876 32.5871 29.7931 27.196 24.7863 22.555 20.4931 18.5919 16.8431 15.2382 13.7694 12.4288 11.2089 10.1023 9.10195 8.20093 7.39259 6.67049 6.02842 5.4604 4.96068 4.52372 4.14421 3.81707 3.53745 3.30072 3.10247 2.93852 2.80493 2.69796 2.61411 2.55011 2.50291 2.46969 2.44784 2.43499 2.429 2.42795 2.43015 2.43412 2.43862 2.44265 2.4454 2.44632 2.44506 2.44153 2.43583 2.42831 2.41953 2.41029 2.40161 2.39473 2.39114 2.39254 2.40084 2.4074 2.38529 2.37773 2.38756 2.41782 2.47182 2.55306 2.66528 2.81245 2.99875 3.22861 3.50666 3.83778 4.22706 4.67982 5.20161 5.7982 6.47559 7.24 8.09789 9.05592 10.121 11.3002 12.601 14.0308 15.5975 17.3092 19.1739 21.2003 23.397 25.7729 28.3372 31.0992 34.0684 37.2548 40.6683 44.3191 
73.704 68.3756 63.3501 58.6159 54.1617 49.9762 46.0485 42.368 38.924 35.7063 32.7049 29.9099 27.3118 24.9012 22.669 20.6062 18.7041 16.9543 15.3485 13.8787 12.5372 11.3164 10.2089 9.20761 8.30568 7.49642 6.77342 6.13045 5.56153 5.06092 4.62306 4.24266 3.91465 3.63415 3.39654 3.19742 3.03261 2.89816 2.79033 2.70564 2.64079 2.59275 2.55869 2.536 2.52233 2.51552 2.51365 2.51504 2.5182 2.5219 2.52513 2.52709 2.52722 2.52518 2.52087 2.51439 2.5061 2.49656 2.48656 2.47712 2.4695 2.46517 2.46582 2.47339 2.49002 2.47467 2.4658 2.47431 2.50328 2.55598 2.63594 2.74687 2.89276 3.07779 3.30638 3.58316 3.91302 4.30105 4.75255 5.2731 5.86844 6.54459 7.30776 8.16441 9.12121 10.185 11.3631 12.6626 14.0912 15.6567 17.3671 19.2306 21.2558 23.4513 25.8259 28.389 31.1497 34.1178 37.3029 40.7151 44.3647 
73.8367 68.5072 63.4806 58.7455 54.2902 50.1037 46.175 42.4934 39.0484 35.8297 32.8273 30.0314 27.4323 25.0206 22.7874 20.7235 18.8205 17.0697 15.4629 13.9921 12.6497 11.4278 10.3193 9.3171 8.41419 7.60397 6.88001 6.23608 5.66621 5.16464 4.72585 4.34451 4.01556 3.73413 3.49561 3.29557 3.12985 2.99448 2.88576 2.80016 2.73443 2.6855 2.65056 2.627 2.61246 2.60478 2.60206 2.60258 2.6049 2.60776 2.61014 2.61127 2.61058 2.60772 2.60259 2.5953 2.58621 2.57586 2.56507 2.55484 2.54643 2.54132 2.5412 2.548 2.56387 2.56666 2.55647 2.56368 2.59134 2.64275 2.72141 2.83106 2.97567 3.15942 3.38674 3.66226 3.99086 4.37763 4.82789 5.34718 5.94128 6.61619 7.37813 8.23354 9.1891 10.2517 11.4285 12.7268 14.1542 15.7184 17.4276 19.2899 21.3139 23.5081 25.8816 28.4434 31.2029 34.1698 37.3537 40.7647 44.413 
73.9748 68.6442 63.6165 58.8802 54.4239 50.2363 46.3065 42.6238 39.1777 35.9579 32.9544 30.1574 27.5572 25.1445 22.9102 20.8453 18.9411 17.1892 15.5814 14.1096 12.7661 11.5432 10.4337 9.43042 8.52649 7.71525 6.99026 6.34532 5.77445 5.27188 4.83209 4.44976 4.11983 3.83742 3.59792 3.39692 3.23024 3.09392 2.98425 2.89771 2.83104 2.78118 2.74531 2.72084 2.70538 2.6968 2.69317 2.69281 2.69423 2.69621 2.69772 2.69798 2.69641 2.6927 2.68671 2.67858 2.66864 2.65746 2.64583 2.63478 2.62555 2.61962 2.61869 2.62468 2.63975 2.66124 2.64974 2.65563 2.68199 2.7321 2.80947 2.91784 3.06116 3.24364 3.46969 3.74395 4.07128 4.4568 4.9058 5.42385 6.01671 6.69037 7.45107 8.30525 9.25958 10.321 11.4965 12.7936 14.2197 15.7828 17.4908 19.3519 21.3746 23.5676 25.9399 28.5005 31.2588 34.2244 37.407 40.8168 44.464 
74.1183 68.7866 63.7577 59.0203 54.5627 50.374 46.443 42.7591 39.3119 36.0909 33.0862 30.288 27.6867 25.2729 23.0374 20.9713 19.066 17.3131 15.7041 14.2312 12.8865 11.6626 10.552 9.54759 8.64257 7.83025 7.10419 6.45819 5.88625 5.38263 4.94179 4.55843 4.22746 3.94403 3.70351 3.50149 3.3338 3.19649 3.08582 2.99829 2.93064 2.87981 2.84297 2.81753 2.80112 2.7916 2.78703 2.78573 2.78622 2.78728 2.78787 2.78722 2.78475 2.78014 2.77326 2.76424 2.75342 2.74137 2.72887 2.71696 2.70688 2.7001 2.69832 2.70347 2.71771 2.74341 2.74559 2.75017 2.77522 2.82403 2.90011 3.00718 3.14923 3.33043 3.55521 3.8282 4.15427 4.53853 4.98628 5.50308 6.09469 6.76712 7.52658 8.37952 9.33262 10.3928 11.5671 12.863 14.2879 15.8497 17.5565 19.4164 21.4379 23.6297 26.0007 28.5601 31.3172 34.2816 37.463 40.8716 44.5175 
74.2674 68.9343 63.9043 59.1655 54.7067 50.5167 46.5845 42.8993 39.4508 36.2286 33.2227 30.4233 27.8207 25.4057 23.169 21.1017 19.1953 17.4411 15.8309 14.3569 13.011 11.7859 10.6741 9.66861 8.76246 7.949 7.22181 6.57469 6.00164 5.49692 5.05498 4.67053 4.33848 4.05397 3.81238 3.6093 3.44056 3.30219 3.19048 3.10193 3.03325 2.9814 2.94355 2.91711 2.89971 2.88919 2.88364 2.88136 2.88089 2.88098 2.88062 2.87902 2.87561 2.87006 2.86225 2.85231 2.84058 2.82761 2.81421 2.8014 2.79043 2.78276 2.78011 2.78439 2.79776 2.8226 2.84401 2.84728 2.87102 2.91853 2.99331 3.09909 3.23985 3.41977 3.64328 3.915 4.23981 4.62281 5.06931 5.58486 6.17523 6.84641 7.60464 8.45635 9.40822 10.4671 11.6402 12.9349 14.3586 15.9192 17.6247 19.4834 21.5037 23.6943 26.0641 28.6223 31.3782 34.3414 37.5216 40.929 44.5737 
74.422 69.0875 64.0561 59.316 54.8558 50.6645 46.7309 43.0445 39.5946 36.3711 33.3639 30.5632 27.9593 25.543 23.305 21.2365 19.3288 17.5733 15.962 14.4866 13.1396 11.9132 10.8002 9.79352 8.88616 8.07151 7.34315 6.69485 6.12064 5.61476 5.17167 4.78607 4.45289 4.16726 3.92455 3.72036 3.55052 3.41106 3.29827 3.20864 3.13889 3.08598 3.04708 3.01959 3.00114 2.98959 2.98302 2.97973 2.97825 2.97734 2.97598 2.97339 2.96901 2.96248 2.95371 2.94281 2.93013 2.91622 2.90188 2.88814 2.87624 2.86765 2.86408 2.86745 2.87992 2.90386 2.94189 2.94695 2.96938 3.01558 3.08906 3.19355 3.33302 3.51166 3.73389 4.00434 4.32789 4.70963 5.15488 5.66917 6.2583 6.92824 7.68523 8.53571 9.48634 10.544 11.7159 13.0093 14.4318 15.9912 17.6955 19.553 21.5721 23.7615 26.1301 28.6871 31.4417 34.4037 37.5827 40.9889 44.6324 
74.582 69.2461 64.2133 59.4717 55.0101 50.8173 46.8824 43.1945 39.7433 36.5184 33.5098 30.7077 28.1025 25.6848 23.4455 21.3757 19.4666 17.7098 16.0972 14.6205 13.2722 12.0446 10.9303 9.92231 9.0137 8.19781 7.46821 6.81868 6.24325 5.73616 5.29188 4.90509 4.57072 4.28392 4.04004 3.8347 3.66371 3.52311 3.40919 3.31844 3.24757 3.19356 3.15356 3.12499 3.10546 3.09284 3.0852 3.08085 3.07832 3.07637 3.07398 3.07037 3.06497 3.05743 3.04766 3.03577 3.02209 3.0072 2.99189 2.97718 2.96431 2.95478 2.95026 2.95269 2.96422 2.98724 3.02434 3.04917 3.07028 3.11517 3.18734 3.29054 3.42872 3.60608 3.82703 4.09621 4.4185 4.79897 5.24296 5.75601 6.34389 7.01259 7.76834 8.61758 9.56699 10.6235 11.7941 13.0863 14.5076 16.0658 17.7689 19.6251 21.643 23.8312 26.1986 28.7543 31.5078 34.4686 37.6464 41.0513 44.6936 
74.7476 69.4102 64.3758 59.6327 55.1696 50.9753 47.0389 43.3496 39.8969 36.6705 33.6605 30.8569 28.2503 25.8312 23.5904 21.5192 19.6087 17.8506 16.2366 14.7586 13.4089 12.1799 11.0643 10.055 9.1451 8.32791 7.59702 6.94621 6.36951 5.86116 5.41562 5.0276 4.692 4.40397 4.15888 3.95234 3.78015 3.63837 3.52327 3.43135 3.35933 3.30417 3.26303 3.23333 3.21268 3.19894 3.1902 3.18475 3.18114 3.17811 3.17465 3.16997 3.16351 3.15493 3.14412 3.13119 3.11649 3.10058 3.08426 3.06855 3.05469 3.04416 3.03867 3.04012 3.05069 3.07274 3.10889 3.15392 3.17372 3.21729 3.28816 3.39006 3.52695 3.70302 3.92269 4.1906 4.51161 4.89082 5.33356 5.84535 6.43198 7.09944 7.85395 8.70195 9.65013 10.7054 11.8748 13.1658 14.5858 16.1428 17.8447 19.6997 21.7164 23.9034 26.2696 28.8241 31.5764 34.5359 37.7126 41.1163 44.7574 
74.9187 69.5797 64.5436 59.799 55.3343 51.1385 47.2004 43.5096 40.0553 36.8274 33.8159 31.0108 28.4027 25.9821 23.7399 21.6672 19.7553 17.9957 16.3802 14.9008 13.5497 12.3193 11.2024 10.1917 9.28038 8.46183 7.7296 7.07746 6.49944 5.98977 5.54293 5.15361 4.81673 4.52743 4.28109 4.07329 3.89987 3.75686 3.64054 3.5474 3.47418 3.41783 3.37551 3.34463 3.32282 3.30793 3.29804 3.29146 3.28672 3.28257 3.278 3.27222 3.26467 3.255 3.24311 3.22912 3.21336 3.19639 3.17903 3.16228 3.14739 3.13584 3.12933 3.12977 3.13934 3.16039 3.19555 3.24764 3.27968 3.32193 3.39149 3.49209 3.62768 3.80247 4.02085 4.28748 4.60723 4.98517 5.42664 5.93718 6.52256 7.18878 7.94204 8.78881 9.73576 10.7898 11.958 13.2477 14.6666 16.2223 17.923 19.7768 21.7923 23.978 26.343 28.8964 31.6475 34.6058 37.7812 41.1838 44.8237 
75.0954 69.7547 64.7169 59.9706 55.5043 51.3067 47.3671 43.6746 40.2187 36.9892 33.9761 31.1694 28.5597 26.1376 23.8938 21.8196 19.9062 18.1451 16.5281 15.0472 13.6946 12.4628 11.3444 10.3323 9.41957 8.59961 7.86598 7.21245 6.63305 6.12202 5.67383 5.28317 4.94496 4.65434 4.40669 4.19759 4.02288 3.87859 3.76101 3.66662 3.59216 3.53456 3.49102 3.45893 3.43591 3.41983 3.40875 3.40099 3.39508 3.38978 3.38406 3.37714 3.36846 3.35767 3.34467 3.32957 3.31271 3.29466 3.27621 3.25839 3.24244 3.22983 3.22226 3.22167 3.2302 3.25023 3.28437 3.33544 3.38815 3.42909 3.49733 3.59662 3.73092 3.90441 4.12151 4.38686 4.70533 5.08201 5.52221 6.0315 6.61562 7.28059 8.03262 8.87815 9.82386 10.8766 12.0436 13.3321 14.7498 16.3043 18.0038 19.8564 21.8706 24.0552 26.419 28.9711 31.721 34.6782 37.8524 41.2537 44.8924 
75.2777 69.9351 64.8956 60.1475 55.6794 51.4802 47.5388 43.8446 40.387 37.1559 34.1411 31.3328 28.7214 26.2977 24.0523 21.9765 20.0615 18.2988 16.6803 15.1979 13.8438 12.6104 11.4905 10.4769 9.56269 8.74127 8.00618 7.35122 6.77039 6.25795 5.80835 5.4163 5.07671 4.78472 4.53571 4.32527 4.14922 4.00361 3.88472 3.78903 3.71327 3.6544 3.60959 3.57624 3.55198 3.53466 3.52235 3.51338 3.50626 3.49976 3.49285 3.48476 3.4749 3.46296 3.4488 3.43256 3.41457 3.3954 3.37583 3.3569 3.33985 3.32615 3.3175 3.31583 3.32329 3.34226 3.37535 3.42538 3.49541 3.53873 3.60566 3.70364 3.83663 4.00883 4.22464 4.48871 4.8059 5.18131 5.62025 6.12828 6.71115 7.37487 8.12565 8.96994 9.91442 10.966 12.1317 13.419 14.8354 16.3888 18.087 19.9384 21.9515 24.1348 26.4974 29.0483 31.797 34.753 37.926 41.3262 44.9637 
75.4656 70.1212 65.0798 60.3299 55.8599 51.6589 47.7157 44.0197 40.5604 37.3275 34.3109 31.5009 28.8879 26.4624 24.2154 22.1379 20.2212 18.4569 16.8368 15.3528 13.9971 12.7621 11.6407 10.6255 9.70978 8.88684 8.15024 7.49378 6.91148 6.39756 5.94651 5.55302 5.212 4.91859 4.66818 4.45635 4.27892 4.13194 4.01169 3.91465 3.83756 3.77737 3.73125 3.6966 3.67105 3.65245 3.63888 3.62865 3.62028 3.61254 3.60441 3.5951 3.58404 3.57089 3.55555 3.53813 3.51897 3.49864 3.47792 3.45785 3.43966 3.42484 3.41507 3.41229 3.41865 3.43653 3.46852 3.51747 3.58644 3.65086 3.71647 3.81314 3.94483 4.11572 4.33024 4.59302 4.90894 5.28307 5.72075 6.22751 6.80913 7.47159 8.22113 9.06419 10.0074 11.0577 12.2223 13.5083 14.9235 16.4756 18.1727 20.0229 22.0347 24.2169 26.5782 29.128 31.8755 34.8302 38.0021 41.401 45.0373 
75.6592 70.3128 65.2695 60.5176 56.0458 51.8428 47.8978 44.1999 40.7388 37.504 34.4857 31.6739 29.059 26.6318 24.383 22.3038 20.3854 18.6195 16.9976 15.5119 14.1546 12.918 11.7949 10.7782 9.86087 9.03635 8.29819 7.64019 7.05634 6.54091 6.08836 5.69337 5.35087 5.056 4.80413 4.59085 4.412 4.26361 4.14195 4.04353 3.96506 3.9035 3.85602 3.82003 3.79315 3.77323 3.75835 3.74682 3.73717 3.72815 3.71876 3.70819 3.69588 3.68151 3.66494 3.6463 3.62594 3.60441 3.58251 3.56125 3.5419 3.52591 3.515 3.51107 3.5163 3.53304 3.56392 3.61176 3.67962 3.76547 3.82975 3.9251 4.05548 4.22507 4.4383 4.69979 5.01442 5.38728 5.82369 6.32919 6.90954 7.57076 8.31905 9.16086 10.1029 11.152 12.3153 13.6001 15.0141 16.565 18.2608 20.1098 22.1204 24.3013 26.6615 29.2101 31.9563 34.9099 38.0806 41.4783 45.1134 
75.8585 70.51 65.4647 60.7108 56.237 52.0321 48.0851 44.3853 40.9222 37.6856 34.6653 31.8517 29.235 26.8059 24.5554 22.4743 20.5542 18.7865 17.1629 15.6755 14.3164 13.0782 11.9534 10.935 10.016 9.18984 8.45007 7.79046 7.20503 6.68802 6.23391 5.83738 5.49335 5.19696 4.94359 4.72883 4.5485 4.39864 4.27554 4.17568 4.09579 4.03282 3.98395 3.94657 3.91831 3.89703 3.8808 3.86793 3.85695 3.84662 3.83592 3.82406 3.81047 3.79482 3.77699 3.75711 3.7355 3.71273 3.68961 3.66714 3.64659 3.6294 3.6173 3.6122 3.61625 3.63184 3.66156 3.70826 3.77498 3.86501 3.94549 4.03952 4.16858 4.33687 4.54879 4.809 5.12234 5.49392 5.92906 6.43329 7.01239 7.67235 8.41939 9.25996 10.2007 11.2486 12.4106 13.6943 15.107 16.6567 18.3513 20.1991 22.2085 24.3882 26.7472 29.2946 32.0396 34.992 38.1615 41.558 45.192 
76.0635 70.713 65.6655 60.9096 56.4337 52.2267 48.2776 44.5758 41.1108 37.8722 34.85 32.0344 29.4158 26.9848 24.7324 22.6495 20.7275 18.9579 17.3326 15.8434 14.4825 13.2425 12.116 11.0959 10.1752 9.34735 8.6059 7.94464 7.35757 6.83894 6.38321 5.98508 5.63947 5.34152 5.0866 4.8703 4.68845 4.53708 4.41248 4.31114 4.22979 4.16536 4.11505 4.07624 4.04656 4.02388 4.00626 3.99201 3.97967 3.96798 3.95594 3.94274 3.92783 3.91087 3.89174 3.87056 3.84768 3.82364 3.79926 3.77555 3.75375 3.73534 3.72201 3.7157 3.71855 3.73294 3.76148 3.807 3.87255 3.96142 4.06367 4.15638 4.28412 4.4511 4.66172 4.92063 5.23269 5.60299 6.03685 6.53981 7.11765 7.77635 8.52214 9.36146 10.301 11.3476 12.5084 13.7908 15.2024 16.7508 18.4442 20.2908 22.299 24.4775 26.8353 29.3815 32.1253 35.0765 38.2448 41.6402 45.2729 
76.2744 70.9216 65.872 61.1138 56.6358 52.4267 48.4755 44.7716 41.3045 38.0638 35.0396 32.222 29.6015 27.1685 24.9141 22.8293 20.9054 19.134 17.5067 16.0157 14.653 13.4112 12.2829 11.2609 10.3385 9.50892 8.76574 8.10276 7.514 6.99369 6.5363 6.13652 5.78928 5.48971 5.23319 5.01531 4.83188 4.67896 4.55282 4.44995 4.36708 4.30116 4.24936 4.20908 4.17795 4.15382 4.13476 4.1191 4.10534 4.09226 4.07883 4.06426 4.04799 4.02968 4.00922 3.98671 3.96251 3.93717 3.91149 3.88649 3.86342 3.84374 3.82916 3.8216 3.82322 3.83638 3.8637 3.908 3.97235 4.06002 4.17454 4.27566 4.40209 4.56775 4.77707 5.03468 5.34544 5.71446 6.14704 6.64873 7.22531 7.88275 8.62729 9.46536 10.4036 11.449 12.6086 13.8898 15.3001 16.8473 18.5395 20.3849 22.3919 24.5692 26.9258 29.4707 32.2134 35.1634 38.3305 41.7247 45.3562 
76.4912 71.1361 66.0842 61.3238 56.8435 52.6321 48.6788 44.9727 41.5035 38.2607 35.2344 32.4147 29.792 27.3571 25.1007 23.0139 21.088 19.3146 17.6854 16.1924 14.8279 13.5842 12.454 11.4302 10.506 9.67459 8.92962 8.26488 7.67436 7.15232 6.69321 6.29174 5.94281 5.64158 5.38341 5.16389 4.97884 4.82432 4.69659 4.59215 4.50772 4.44025 4.38692 4.34512 4.31249 4.28687 4.26634 4.24921 4.23401 4.21949 4.20464 4.18866 4.17099 4.15129 4.12945 4.10558 4.08002 4.05334 4.02633 4.00001 3.97563 3.95465 3.93878 3.92994 3.93028 3.94218 3.96824 4.0113 4.07441 4.16086 4.27415 4.39736 4.52246 4.68681 4.89482 5.15113 5.4606 5.82833 6.25963 6.76005 7.33535 7.99154 8.73482 9.57164 10.5087 11.5528 12.7112 13.9911 15.4002 16.9462 18.6372 20.4813 22.4871 24.6633 27.0187 29.5624 32.3039 35.2527 38.4186 41.8116 45.442 
76.7139 71.3564 66.3021 61.5394 57.0568 52.8431 48.8875 45.1792 41.7077 38.4627 35.4342 32.6124 29.9876 27.5506 25.2921 23.2032 21.2753 19.4998 17.8687 16.3737 15.0072 13.7615 12.6294 11.6038 10.6777 9.8444 9.0976 8.43103 7.8387 7.31487 6.854 6.45077 6.10011 5.79716 5.53728 5.31608 5.12937 4.9732 4.84383 4.73777 4.65173 4.58267 4.52777 4.48441 4.45023 4.42308 4.40103 4.3824 4.36571 4.34971 4.33339 4.31596 4.29685 4.27573 4.25247 4.2272 4.20025 4.17219 4.14381 4.11613 4.0904 4.06809 4.05089 4.04073 4.03977 4.05037 4.07515 4.11693 4.17877 4.26396 4.376 4.51863 4.64524 4.80827 5.01496 5.26997 5.57814 5.94458 6.3746 6.87374 7.44778 8.1027 8.84472 9.6803 10.6161 11.659 12.8161 14.0948 15.5027 17.0475 18.7372 20.5802 22.5848 24.7597 27.1139 29.6564 32.3967 35.3443 38.509 41.9009 45.5301 
76.9427 71.5827 66.5259 61.7608 57.2757 53.0597 49.1018 45.3911 41.9173 38.67 35.6393 32.8152 30.1883 27.749 25.4883 23.3973 21.4673 19.6898 18.0565 16.5595 15.191 13.9434 12.8093 11.7816 10.8536 10.0184 9.26971 8.60125 8.00707 7.4814 7.0187 6.61367 6.26122 5.9565 5.69487 5.47193 5.2835 5.12563 4.99458 4.88685 4.79916 4.72847 4.67194 4.62698 4.59121 4.56248 4.53887 4.51869 4.50047 4.48295 4.46513 4.44621 4.42562 4.40303 4.37832 4.3516 4.32322 4.29375 4.26396 4.23489 4.20778 4.18409 4.16553 4.15402 4.15171 4.16099 4.18444 4.22491 4.28545 4.36934 4.48009 4.62145 4.77039 4.9321 5.13748 5.39118 5.69805 6.0632 6.49193 6.9898 7.56256 8.21622 8.95699 9.79131 10.7259 11.7675 12.9234 14.2009 15.6075 17.1511 18.8396 20.6814 22.6848 24.8585 27.2115 29.7528 32.4919 35.4383 38.6019 41.9925 45.6205 
77.1776 71.815 66.7557 61.988 57.5004 53.282 49.3216 45.6085 42.1323 38.8827 35.8496 33.0232 30.394 27.9525 25.6896 23.5964 21.6642 19.8845 18.2491 16.75 15.3794 14.1297 12.9935 11.9639 11.0338 10.1967 9.446 8.77561 8.17951 7.65194 7.18736 6.78047 6.42618 6.11964 5.85621 5.63149 5.44129 5.28166 5.14888 5.03943 4.95005 4.87767 4.81948 4.77287 4.73546 4.70511 4.6799 4.65813 4.63833 4.61925 4.59988 4.57943 4.55732 4.53322 4.50702 4.47883 4.44898 4.41805 4.38682 4.35632 4.32778 4.30269 4.28273 4.26983 4.26615 4.27406 4.29615 4.33528 4.39448 4.47704 4.58647 4.72651 4.89792 5.0583 5.26236 5.51475 5.82032 6.18418 6.61162 7.10821 7.6797 8.33209 9.07159 9.90466 10.838 11.8784 13.0331 14.3093 15.7147 17.2571 18.9444 20.7849 22.7871 24.9596 27.3114 29.8516 32.5895 35.5347 38.697 42.0865 45.7133 
77.4186 72.0534 66.9914 62.2211 57.731 53.5099 49.547 45.8315 42.3528 39.1007 36.0652 33.2365 30.6049 28.1611 25.8959 23.8004 21.8659 20.084 18.4464 16.9451 15.5724 14.3205 13.1823 12.1506 11.2184 10.3792 9.62655 8.95416 8.35608 7.82656 7.36004 6.95124 6.59505 6.28664 6.02135 5.79479 5.60277 5.44135 5.30678 5.19557 5.10444 5.03033 4.97043 4.92212 4.88303 4.85102 4.82416 4.80076 4.77934 4.75866 4.7377 4.71567 4.692 4.66636 4.63863 4.60891 4.57756 4.54513 4.51242 4.48045 4.45046 4.42392 4.40252 4.3882 4.38311 4.38961 4.41032 4.44806 4.50589 4.58709 4.69517 4.83386 5.00714 5.18685 5.38959 5.64067 5.94494 6.30749 6.73365 7.22895 7.79917 8.45029 9.18854 10.0204 10.9524 11.9916 13.145 14.42 15.8242 17.3654 19.0515 20.8908 22.8917 25.0631 27.4136 29.9526 32.6894 35.6334 38.7946 42.1828 45.8085 
77.666 72.2979 67.2332 62.4602 57.9674 53.7437 49.7782 46.0601 42.5789 39.3243 36.2863 33.4551 30.821 28.3748 26.1072 24.0094 22.0726 20.2884 18.6486 17.145 15.77 14.516 13.3756 12.3417 11.4074 10.5662 9.81139 9.13695 8.53684 8.0053 7.53679 7.12602 6.76789 6.45754 6.19034 5.96189 5.76801 5.60473 5.46833 5.35531 5.26238 5.1865 5.12483 5.07478 5.03397 5.00025 4.97169 4.94661 4.92353 4.90121 4.87862 4.85497 4.8297 4.80247 4.77316 4.74189 4.70899 4.67503 4.6408 4.60732 4.57583 4.54781 4.52495 4.50917 4.50262 4.50769 4.52696 4.56329 4.61971 4.69951 4.80621 4.94352 5.11543 5.31773 5.51915 5.76891 6.07188 6.43313 6.858 7.35202 7.92096 8.57081 9.3078 10.1384 11.0692 12.1071 13.2593 14.5331 15.936 17.476 19.1608 20.9989 22.9987 25.1688 27.5182 30.056 32.7916 35.7344 38.8944 42.2815 45.906 
77.9197 72.5488 67.4812 62.7054 58.2099 53.9835 50.0152 46.2944 42.8106 39.5534 36.5128 33.6791 31.0425 28.5938 26.3238 24.2235 22.2844 20.4978 18.8556 17.3497 15.9724 14.7161 13.5735 12.5374 11.601 10.7575 10.0006 9.32404 8.72184 8.18822 7.71767 7.30487 6.94473 6.6324 6.36324 6.13285 5.93704 5.77187 5.63358 5.5187 5.42392 5.34621 5.28274 5.2309 5.18831 5.15284 5.12255 5.09574 5.07096 5.04694 5.02268 4.99737 4.97046 4.9416 4.91068 4.87781 4.84332 4.80779 4.772 4.73697 4.70395 4.67441 4.65003 4.63276 4.62472 4.62832 4.64613 4.681 4.73598 4.81435 4.91962 5.05553 5.22603 5.43531 5.65103 5.89947 6.20113 6.56108 6.98466 7.4774 8.04506 8.69364 9.42936 10.2587 11.1882 12.2249 13.3759 14.6484 16.0502 17.5889 19.2725 21.1094 23.108 25.2769 27.6251 30.1617 32.8961 35.8377 38.9965 42.3825 46.0058 
78.1799 72.806 67.7355 62.9568 58.4584 54.2292 50.2581 46.5346 43.048 39.7882 36.7449 33.9086 31.2694 28.8182 26.5456 24.4428 22.5012 20.7122 19.0676 17.5593 16.1797 14.921 13.7761 12.7377 11.799 10.9533 10.1942 9.5155 8.91114 8.3754 7.90274 7.48785 7.12566 6.81128 6.54011 6.30772 6.10994 5.9428 5.80259 5.68579 5.58912 5.50953 5.4442 5.39052 5.34612 5.30884 5.27676 5.24819 5.22166 5.19591 5.16993 5.14292 5.11432 5.08379 5.05121 5.0167 4.98059 4.94344 4.90606 4.86944 4.83485 4.80374 4.77782 4.75901 4.74946 4.75154 4.76785 4.80123 4.85473 4.93164 5.03545 5.16991 5.33897 5.54682 5.7852 6.03233 6.33267 6.69133 7.11361 7.60506 8.17145 8.81876 9.55322 10.3813 11.3096 12.345 13.4947 14.7661 16.1666 17.7041 19.3865 21.2222 23.2196 25.3873 27.7343 30.2697 33.0029 35.9434 39.101 42.4858 46.1079 
78.4467 73.0698 67.9963 63.2145 58.7132 54.481 50.5071 46.7807 43.2913 40.0287 36.9827 34.1436 31.5018 29.0479 26.7727 24.6674 22.7232 20.9317 19.2846 17.7739 16.3918 15.1308 13.9835 12.9427 12.0017 11.1537 10.3924 9.7114 9.10482 8.56689 8.09207 7.67504 7.31072 6.99425 6.721 6.48656 6.28675 6.11761 5.9754 5.85664 5.75802 5.67651 5.60927 5.5537 5.50743 5.4683 5.4344 5.40401 5.37568 5.34815 5.32041 5.29166 5.26133 5.22909 5.19481 5.15861 5.12084 5.08204 5.04301 5.00477 4.96857 4.93586 4.90836 4.88797 4.87686 4.87739 4.89217 4.92402 4.97601 5.0514 5.15372 5.2867 5.45428 5.66067 5.91028 6.16746 6.4665 6.82385 7.24484 7.735 8.30011 8.94615 9.67934 10.5061 11.4332 12.4674 13.6159 14.886 16.2853 17.8215 19.5028 21.3373 23.3334 25.5 27.8458 30.38 33.112 36.0513 39.2078 42.5914 46.2124 
78.7203 73.3401 68.2635 63.4787 58.9742 54.7391 50.7622 47.0328 43.5406 40.2751 37.2263 34.3844 31.7398 29.2832 27.0053 24.8973 22.9505 21.1564 19.5067 17.9935 16.6089 15.3454 14.1957 13.1525 12.2091 11.3588 10.5951 9.9118 9.30295 8.76277 8.28571 7.86648 7.49998 7.18136 6.90598 6.66944 6.46754 6.29633 6.15209 6.03131 5.93069 5.84721 5.77801 5.7205 5.67232 5.63129 5.5955 5.56326 5.53308 5.50373 5.47418 5.44364 5.41154 5.37754 5.34152 5.3036 5.26411 5.22362 5.18291 5.14301 5.10515 5.07081 5.04167 5.01968 5.00696 5.00591 5.01911 5.0494 5.09983 5.17369 5.27448 5.40593 5.57201 5.7769 6.02501 6.30486 6.60258 6.95863 7.37832 7.8672 8.43103 9.0758 9.80773 10.6333 11.5591 12.592 13.7393 15.0082 16.4062 17.9413 19.6213 21.4546 23.4496 25.6149 27.9595 30.4926 33.2234 36.1616 39.3168 42.6993 46.3191 
79.0007 73.6173 68.5374 63.7493 59.2418 55.0035 51.0235 47.2911 43.7959 40.5274 37.4757 34.6309 31.9835 29.5241 27.2434 25.1327 23.1832 21.3864 19.7341 18.2183 16.8311 15.5651 14.4128 13.3672 12.4213 11.5685 10.8025 10.1168 9.5056 8.9631 8.48376 8.06227 7.69353 7.3727 7.09513 6.85642 6.65238 6.47905 6.33272 6.20986 6.1072 6.02168 5.95047 5.89098 5.84082 5.79785 5.76014 5.72599 5.69392 5.6627 5.63129 5.59892 5.565 5.52919 5.49139 5.4517 5.41046 5.36823 5.3258 5.28419 5.24464 5.20862 5.17782 5.15417 5.13982 5.13714 5.14873 5.17742 5.22626 5.29854 5.39776 5.52765 5.69219 5.89554 6.14212 6.43658 6.7409 7.09565 7.51405 8.00164 8.56419 9.20769 9.93836 10.7626 11.6872 12.7189 13.8649 15.1326 16.5294 18.0633 19.7421 21.5742 23.568 25.7321 28.0756 30.6074 33.3371 36.2741 39.4282 42.8095 46.4282 
79.2881 73.9013 68.818 64.0267 59.5159 55.2744 51.2912 47.5557 44.0574 40.7858 37.7311 34.8834 32.2331 29.7707 27.4872 25.3737 23.4213 21.6218 19.9668 18.4483 17.0585 15.7898 14.6349 13.5868 12.6384 11.7831 11.0146 10.3265 9.71286 9.16798 8.68629 8.26247 7.89143 7.56832 7.28851 7.04757 6.84133 6.66584 6.51735 6.39236 6.28759 6.19999 6.12673 6.0652 6.01302 5.96805 5.92836 5.89225 5.85825 5.8251 5.7918 5.75754 5.72176 5.68411 5.64448 5.60297 5.55993 5.51592 5.47173 5.42837 5.38708 5.34934 5.31684 5.2915 5.27547 5.27112 5.28106 5.30811 5.35532 5.42598 5.5236 5.6519 5.81485 6.01662 6.26165 6.55455 6.88144 7.23489 7.65199 8.1383 8.69957 9.3418 10.0712 10.8942 11.8175 12.848 13.9928 15.2593 16.6549 18.1875 19.8651 21.696 23.6886 25.8516 28.1938 30.7245 33.453 36.3888 39.5418 42.922 46.5395 
79.5827 74.1924 69.1057 64.3109 59.7967 55.5519 51.5654 47.8267 44.3252 41.0505 37.9927 35.1419 32.4885 30.0232 27.7367 25.6203 23.6651 21.8627 20.2049 18.6836 17.2911 16.0197 14.8622 13.8114 12.8604 12.0026 11.2315 10.5409 9.92482 9.37749 8.89338 8.46717 8.09377 7.76832 7.4862 7.24298 7.03448 6.85675 6.70606 6.57889 6.47196 6.38222 6.30684 6.24322 6.18897 6.14195 6.10023 6.06212 6.02612 5.99101 5.95576 5.91957 5.88188 5.84234 5.80083 5.75747 5.71259 5.66675 5.62075 5.5756 5.53254 5.49303 5.45878 5.43171 5.41396 5.4079 5.41615 5.44152 5.48706 5.55607 5.65204 5.77871 5.94003 6.1402 6.38362 6.67493 7.01899 7.37632 7.79213 8.27715 8.83715 9.47812 10.2063 11.028 11.9501 12.9794 14.1229 15.3881 16.7825 18.314 19.9904 21.8201 23.8115 25.9733 28.3144 30.8439 33.5712 36.5059 39.6577 43.0367 46.6531 
79.8847 74.4907 69.4004 64.6021 60.0844 55.8361 51.8463 48.1043 44.5994 41.3215 38.2605 35.4065 32.75 30.2816 27.9922 25.8727 23.9146 22.1093 20.4486 18.9244 17.5291 16.255 15.0947 14.0412 13.0875 12.2271 11.4534 10.7602 10.1416 9.59172 9.10512 8.67645 8.30063 7.97279 7.68829 7.44272 7.23191 7.05189 6.89893 6.76951 6.66037 6.56844 6.49089 6.42512 6.36875 6.31963 6.27583 6.23565 6.19762 6.16049 6.12324 6.08508 6.04542 6.00394 5.96051 5.91525 5.86848 5.82078 5.77292 5.72593 5.68105 5.63974 5.6037 5.57485 5.55534 5.54753 5.55404 5.57769 5.62153 5.68884 5.78313 5.90813 6.06779 6.26631 6.50808 6.79776 7.14021 7.51993 7.93445 8.41819 8.97691 9.61661 10.3435 11.164 12.0849 13.1129 14.2552 15.5192 16.9124 18.4426 20.1179 21.9464 23.9366 26.0972 28.4371 30.9655 33.6917 36.6252 39.7759 43.1537 46.769 
80.1942 74.7964 69.7024 64.9005 60.3792 56.1274 52.1341 48.3886 44.8803 41.599 38.5347 35.6775 33.0178 30.5462 28.2536 26.1311 24.1699 22.3616 20.6979 19.1708 17.7726 16.4956 15.3325 14.2762 13.3198 12.4567 11.6803 10.9844 10.3632 9.81077 9.32162 8.89043 8.51211 8.1818 7.89487 7.6469 7.4337 7.25133 7.09604 6.96432 6.8529 6.75872 6.67894 6.61097 6.55242 6.50115 6.45521 6.41293 6.37281 6.33361 6.29431 6.25412 6.21246 6.16899 6.12359 6.07637 6.02767 5.97805 5.9283 5.87942 5.83268 5.78952 5.75164 5.72097 5.69966 5.69007 5.6948 5.71669 5.75878 5.82435 5.91691 6.0402 6.19816 6.39498 6.63508 6.9231 7.26388 7.66253 8.07892 8.56138 9.11883 9.75727 10.4829 11.3022 12.2218 13.2486 14.3897 15.6525 17.0445 18.5735 20.2475 22.0749 24.0639 26.2233 28.5621 31.0893 33.8143 36.7467 39.8963 43.273 46.8871 
80.5114 75.1098 70.0119 65.2062 60.6812 56.4257 52.4288 48.6797 45.168 41.8833 38.8155 35.9549 33.2919 30.8171 28.5212 26.3955 24.4312 22.6198 20.953 19.4229 18.0217 16.7418 15.5758 14.5167 13.5574 12.6915 11.9123 11.2138 10.5898 10.0348 9.54298 9.10919 8.72831 8.39547 8.10604 7.85559 7.63995 7.45516 7.29748 7.1634 7.04965 6.95316 6.8711 6.80086 6.74008 6.68659 6.63847 6.59402 6.55176 6.51044 6.46904 6.42677 6.38305 6.33754 6.29012 6.2409 6.19022 6.13864 6.08694 6.03614 5.98748 5.94243 5.90267 5.87014 5.84698 5.83555 5.83847 5.85855 5.89885 5.96264 6.05344 6.17497 6.33119 6.52628 6.76466 7.05097 7.39005 7.78701 8.22551 8.70669 9.26288 9.90006 10.6245 11.4425 12.3609 13.3864 14.5263 15.7879 17.1787 18.7065 20.3794 22.2055 24.1934 26.3517 28.6893 31.2154 33.9392 36.8705 40.0189 43.3945 47.0075 
80.8367 75.431 70.3292 65.5196 60.9907 56.7314 52.7308 48.978 45.4626 42.1743 39.1031 36.239 33.5726 31.0943 28.7952 26.6662 24.6986 22.884 21.2141 19.6809 18.2766 16.9937 15.8247 14.7626 13.8005 12.9316 12.1496 11.4483 10.8216 10.2638 9.76931 9.33286 8.94935 8.6139 8.3219 8.06891 7.85076 7.66349 7.50336 7.36686 7.2507 7.15184 7.06743 6.99488 6.93181 6.87605 6.82568 6.77901 6.73455 6.69106 6.64751 6.6031 6.55727 6.50967 6.46018 6.40892 6.35621 6.30261 6.24892 6.19614 6.14552 6.09853 6.05685 6.02241 5.99735 5.98405 5.9851 6.00333 6.0418 6.10377 6.19276 6.31249 6.46693 6.66025 6.89687 7.18142 7.51877 7.91399 8.37241 8.85411 9.40904 10.045 10.7681 11.5849 12.5021 13.5264 14.6651 15.9255 17.3151 18.8417 20.5134 22.3384 24.3251 26.4822 28.8187 31.3436 34.0664 36.9965 40.1438 43.5183 47.1302 
81.1701 75.7603 70.6544 65.8407 61.3079 57.0447 53.0402 49.2836 45.7645 42.4725 39.3976 36.5299 33.86 31.3782 29.0756 26.9432 24.9723 23.1544 21.4813 19.9449 18.5375 17.2514 16.0794 15.0142 14.0491 13.1773 12.3924 11.6882 11.0586 10.498 10.0007 9.56155 9.17533 8.83722 8.54257 8.28697 8.06624 7.87642 7.71377 7.57478 7.45616 7.35487 7.26806 7.19313 7.1277 7.06961 7.01694 6.96799 6.92128 6.87555 6.82979 6.7832 6.73521 6.68547 6.63386 6.58049 6.5257 6.47004 6.4143 6.3595 6.30688 6.2579 6.21425 6.17785 6.15085 6.13563 6.13477 6.15111 6.18769 6.2478 6.33493 6.45282 6.60543 6.79694 7.03175 7.31451 7.65007 8.04353 8.50019 9.0036 9.55727 10.192 10.9139 11.7294 12.6454 13.6685 14.806 16.0652 17.4536 18.9791 20.6496 22.4734 24.459 26.615 28.9503 31.4741 34.1957 37.1247 40.2709 43.6443 47.2552 
81.5122 76.098 70.9878 66.17 61.633 57.3657 53.3572 49.5967 46.0737 42.7779 39.6993 36.8279 34.1543 31.669 29.3628 27.2269 25.2526 23.4313 21.7548 20.2151 18.8044 17.5151 16.3399 15.2717 14.3034 13.4286 12.6407 11.9335 11.301 10.7375 10.2374 9.7954 9.4064 9.06553 8.76817 8.50989 8.28652 8.09408 7.92884 7.78729 7.66615 7.56235 7.47307 7.3957 7.32785 7.26738 7.21235 7.16106 7.11203 7.06402 7.01599 6.96716 6.91695 6.86501 6.81122 6.7557 6.69878 6.641 6.58317 6.5263 6.47162 6.4206 6.37493 6.33653 6.30754 6.29034 6.28753 6.30192 6.33658 6.39478 6.48001 6.59602 6.74676 6.9364 7.16937 7.45029 7.78403 8.17567 8.63052 9.15413 9.70755 10.341 11.0617 11.876 12.7907 13.8127 14.949 16.207 17.5942 19.1185 20.7879 22.6106 24.595 26.7498 29.0841 31.6067 34.3273 37.2552 40.4003 43.7726 47.3824 
81.863 76.4444 71.3298 66.5076 61.9663 57.6949 53.6822 49.9177 46.3906 43.0909 40.0083 37.1332 34.4558 31.9667 29.6569 27.5174 25.5395 23.7147 22.0348 20.4917 19.0777 17.7851 16.6066 15.5351 14.5637 13.6857 12.8947 12.1845 11.549 10.9825 10.4795 10.0346 9.64269 9.299 8.99885 8.73781 8.51171 8.31658 8.14868 8.00451 7.88077 7.77441 7.68259 7.60271 7.53238 7.46946 7.412 7.35831 7.30691 7.25655 7.2062 7.15507 7.10258 7.04839 6.99238 6.93464 6.87553 6.81559 6.75561 6.69661 6.63982 6.58671 6.53897 6.49851 6.46749 6.44827 6.44345 6.45586 6.48854 6.54478 6.62807 6.74215 6.89096 7.07871 7.30978 7.58882 7.92068 8.31046 8.76346 9.28523 9.85985 10.4921 11.2115 12.0247 12.9382 13.9589 15.094 16.3509 17.737 19.2601 20.9283 22.7498 24.7331 26.8869 29.22 31.7416 34.461 37.3878 40.5318 43.9031 47.5118 
82.2231 76.7998 71.6806 66.8539 62.3082 58.0324 54.0155 50.2467 46.7155 43.4117 40.3251 37.446 34.7647 32.2718 29.9582 27.815 25.8334 24.005 22.3215 20.7749 19.3574 18.0614 16.8795 15.8047 14.83 13.9488 13.1547 12.4413 11.8027 11.2331 10.7271 10.2792 9.88437 9.53777 9.23474 8.97087 8.74197 8.54408 8.37345 8.22657 8.10017 7.99117 7.89674 7.81429 7.74142 7.67597 7.61602 7.55987 7.50604 7.45327 7.40053 7.34704 7.29222 7.23571 7.17741 7.11741 7.05605 6.99389 6.93171 6.87053 6.81158 6.75632 6.70646 6.6639 6.63079 6.6095 6.60262 6.61299 6.64365 6.69788 6.77917 6.89127 7.03812 7.22391 7.45304 7.73015 8.06009 8.44796 8.89907 9.41895 10.0134 10.6451 11.3634 12.1753 13.0876 14.1072 15.2411 16.4968 17.8817 19.4037 21.0708 22.8912 24.8734 27.026 29.3581 31.8786 34.5969 37.5227 40.6656 44.0358 47.6435 
82.5929 77.1647 72.0407 67.2093 62.6591 58.3787 54.3573 50.5842 47.0487 43.7406 40.6499 37.7666 35.0813 32.5845 30.267 28.1199 26.1345 24.3024 22.6152 21.0649 19.6438 18.3443 17.159 16.0808 15.1027 14.2182 13.4207 12.7041 12.0623 11.4896 10.9804 10.5294 10.1316 9.78201 9.47603 9.20924 8.97746 8.77672 8.60328 8.45363 8.32448 8.21278 8.11567 8.03057 7.95508 7.88705 7.82455 7.76586 7.70953 7.65428 7.5991 7.54319 7.48597 7.42709 7.36644 7.30412 7.24045 7.17601 7.11157 7.04815 6.98698 6.92953 6.87748 6.83276 6.79751 6.7741 6.76512 6.7734 6.80198 6.85415 6.9334 7.04346 7.1883 7.37208 7.59922 7.87435 8.20233 8.58824 9.0374 9.55534 10.1478 10.8001 11.5172 12.3279 13.2391 14.2575 15.3903 16.6448 18.0286 19.5494 21.2154 23.0347 25.0158 27.1673 29.4983 32.0177 34.735 37.6597 40.8016 44.1708 47.7775 
82.9727 77.5395 72.4106 67.5743 63.0192 58.7342 54.7081 50.9304 47.3905 44.078 40.9829 38.0955 35.4059 32.905 30.5834 28.4324 26.4431 24.6071 22.9161 21.3621 19.9373 18.6341 17.4452 16.3634 15.3819 14.4939 13.6931 12.9731 12.328 11.7521 11.2397 10.7855 10.3846 10.0319 9.72289 9.4531 9.21836 9.01469 8.83836 8.68585 8.55388 8.43939 8.33953 8.25171 8.17353 8.10284 8.03771 7.97643 7.91752 7.85974 7.80204 7.74364 7.68396 7.62264 7.55958 7.49487 7.42884 7.36206 7.29531 7.22959 7.16614 7.10643 7.05215 7.00522 6.96777 6.94217 6.93103 6.93716 6.96362 7.01367 7.09083 7.19881 7.34157 7.5233 7.7484 8.0215 8.34746 8.73136 9.17853 9.69448 10.285 10.956 11.6729 12.4825 13.3924 14.4097 15.5413 16.7947 18.1774 19.6972 21.362 23.1803 25.1603 27.3107 29.6406 32.159 34.8753 37.7989 40.9399 44.3081 47.9137 
83.3632 77.9247 72.7906 67.9492 63.3892 59.0992 55.0684 51.2859 47.7413 44.4243 41.3248 38.4329 35.739 33.2338 30.908 28.7528 26.7595 24.9194 23.2245 21.6666 20.238 18.9311 17.7385 16.653 15.6679 14.7764 13.972 13.2486 12.6001 12.0208 11.5051 11.0477 10.6435 10.2877 9.97554 9.70266 9.46486 9.25817 9.07887 8.92342 8.78855 8.67119 8.5685 8.47788 8.39693 8.32351 8.25567 8.19172 8.13017 8.06977 8.0095 7.94854 7.88633 7.82251 7.75697 7.68981 7.62136 7.55217 7.48303 7.41495 7.34917 7.28715 7.23057 7.18136 7.14166 7.11382 7.10046 7.10439 7.12867 7.17655 7.25155 7.3574 7.49804 7.67766 7.90066 8.17167 8.49556 8.8774 9.32252 9.83643 10.4249 11.0939 11.8305 12.6389 13.5477 14.5639 15.6944 16.9467 18.3282 19.8469 21.5107 23.3278 25.3068 27.4562 29.7851 32.3024 35.0177 37.9404 41.0803 44.4475 48.0522 
83.7651 78.321 73.1815 68.3348 63.7695 59.4744 55.4386 51.6512 48.1018 44.78 41.6758 38.7793 36.0809 33.5712 31.2411 29.0816 27.084 25.2399 23.5408 21.979 20.5464 19.2355 18.0391 16.9499 15.961 15.0658 14.2578 13.5308 12.8789 12.2961 11.777 11.3162 10.9087 10.5496 10.2342 9.95813 9.71719 9.5074 9.32502 9.16655 9.02869 8.90837 8.80277 8.70926 8.62547 8.54923 8.47862 8.41192 8.34765 8.28457 8.22163 8.15805 8.09323 8.02685 7.95876 7.88908 7.81813 7.74647 7.67489 7.60439 7.53621 7.4718 7.41287 7.36132 7.3193 7.28917 7.27353 7.2752 7.29723 7.34289 7.41568 7.51933 7.65779 7.83524 8.05608 8.32496 8.64672 9.02644 9.46945 9.98127 10.5677 11.2346 11.9883 12.7972 13.7049 14.7199 15.8493 17.1005 18.481 19.9986 21.6614 23.4775 25.4554 27.6038 29.9316 32.448 35.1623 38.084 41.223 44.5893 48.193 
84.179 78.7291 73.5839 68.7316 64.1609 59.8605 55.8194 52.0268 48.4723 45.1456 42.0365 39.1352 36.4321 33.9178 31.5832 29.4192 27.4172 25.5688 23.8655 22.2994 20.8627 19.5479 18.3474 17.2543 16.2616 15.3626 14.5509 13.8202 13.1646 12.5782 12.0556 11.5913 11.1804 10.8179 10.4992 10.2198 9.9756 9.76261 9.57707 9.41547 9.27453 9.15117 9.04256 8.94609 8.85936 8.78023 8.70675 8.63722 8.57016 8.5043 8.43863 8.37234 8.30486 8.23582 8.16512 8.09284 8.01933 7.94513 7.87103 7.79804 7.72739 7.66055 7.59919 7.54524 7.50083 7.46834 7.45036 7.44971 7.46943 7.5128 7.58332 7.68471 7.82092 7.99615 8.21478 8.48145 8.80103 9.17858 9.61942 10.1291 10.7133 11.3781 12.1297 12.9572 13.8638 14.8778 16.0061 17.2562 18.6357 20.1523 21.814 23.6291 25.606 27.7534 30.0803 32.5957 35.309 38.2298 41.3679 44.7333 48.3362 
84.606 79.15 73.9988 69.1406 64.5641 60.258 56.2114 52.4135 48.8537 45.5217 42.4075 39.5012 36.7933 34.2741 31.9348 29.7662 27.7596 25.9066 24.1989 22.6285 21.1876 19.8685 18.6639 17.5667 16.57 15.6671 14.8515 14.117 13.4576 12.8675 12.3412 11.8734 11.4589 11.0929 10.7707 10.488 10.2404 10.0241 9.83529 9.67047 9.52635 9.39985 9.28813 9.1886 9.09885 9.01673 8.9403 8.86785 8.79791 8.7292 8.66072 8.59164 8.5214 8.44964 8.37624 8.3013 8.22514 8.14833 8.07164 7.99609 7.9229 7.85354 7.78969 7.73327 7.68641 7.65149 7.6311 7.62806 7.6454 7.68642 7.7546 7.85367 7.98758 8.16051 8.37687 8.64128 8.95859 9.33391 9.77252 10.28 10.862 11.5246 12.274 13.1166 14.0245 15.0374 16.1647 17.4138 18.7922 20.3078 21.9685 23.7826 25.7586 27.9051 30.231 32.7455 35.4579 38.3779 41.5151 44.8796 48.4817 
85.0472 79.5847 74.4271 69.5627 64.9801 60.6681 56.6157 52.8121 49.2467 45.9093 42.7897 39.8782 37.165 34.6409 32.2965 30.1231 28.1117 26.2541 24.5418 22.9668 21.5214 20.198 18.9891 17.8877 16.8868 15.9798 15.1601 14.4217 13.7584 13.1644 12.6344 12.1628 11.7446 11.375 11.0492 10.763 10.5119 10.2922 10.1 9.93187 9.78445 9.65471 9.53979 9.43709 9.34422 9.25901 9.17954 9.10408 9.03116 8.95952 8.88813 8.81618 8.7431 8.66853 8.59235 8.51466 8.43578 8.35628 8.27693 8.19873 8.12293 8.05097 7.98455 7.92559 7.87621 7.83879 7.81592 7.81041 7.82532 7.86391 7.92968 8.02636 8.15789 8.32847 8.54247 8.80455 9.11955 9.49255 9.92887 10.434 11.0138 11.6741 12.4213 13.2616 14.1869 15.1988 16.3251 17.5731 18.9506 20.4652 22.125 23.9382 25.9132 28.0588 30.3838 32.8975 35.609 38.5281 41.6645 45.0283 48.6296 
85.5041 80.0346 74.8702 69.9993 65.4102 61.0919 57.0333 53.2236 49.6523 46.3092 43.184 40.2669 37.5483 35.0189 32.6693 30.4907 28.4744 26.6118 24.8947 23.315 21.865 20.5369 19.3236 18.2177 17.2125 16.3012 15.4774 14.7348 14.0674 13.4695 12.9355 12.46 12.038 11.6646 11.3352 11.0452 10.7906 10.5673 10.3716 10.2 10.0492 9.91611 9.79788 9.69191 9.59581 9.50741 9.42479 9.34622 9.27023 9.19555 9.12116 9.04625 8.97023 8.89276 8.81372 8.73319 8.65151 8.56922 8.48712 8.4062 8.3277 8.25307 8.18401 8.12242 8.07044 8.03044 8.00501 7.99697 8.00935 8.04544 8.10873 8.20295 8.33203 8.50017 8.71176 8.97143 9.28404 9.65466 10.0886 10.5914 11.1688 11.8268 12.5716 13.4096 14.3476 15.3618 16.4871 17.7342 19.1107 20.6244 22.2833 24.0956 26.0698 28.2145 30.5387 33.0515 35.7623 38.6807 41.8163 45.1793 48.7799 
85.9787 80.5017 75.33 70.4519 65.8559 61.5309 57.4657 53.6495 50.072 46.7227 43.5915 40.6685 37.9442 35.4092 33.0541 30.8701 28.8485 26.9808 25.2586 23.6739 22.219 20.8861 19.6681 18.5576 17.5478 16.6321 15.8038 15.0569 14.3853 13.7832 13.2451 12.7656 12.3397 11.9623 11.629 11.3353 11.0769 10.8499 10.6506 10.4754 10.3211 10.1845 10.0628 9.95347 9.85402 9.76232 9.67643 9.59465 9.51548 9.43766 9.36016 9.28218 9.20313 9.12267 9.04066 8.95719 8.87261 8.78746 8.70251 8.61878 8.53749 8.46011 8.38831 8.32401 8.26935 8.22669 8.19861 8.18795 8.19774 8.23125 8.29197 8.38364 8.5102 8.67582 8.88491 9.14209 9.45222 9.82038 10.2519 10.7522 11.3272 11.9828 12.7252 13.5608 14.4963 15.5263 16.6507 17.8969 19.2726 20.7854 22.4434 24.2549 26.2283 28.3722 30.6957 33.2078 35.9178 38.8355 41.9705 45.3329 48.9329 
86.4738 80.9885 75.8088 70.9229 66.3194 61.987 57.9147 54.0916 50.5073 47.1514 44.0138 41.0846 38.3542 35.8131 33.4522 31.2625 29.2353 27.362 25.6345 24.0446 22.5845 21.2466 20.0236 18.9082 17.8937 16.9732 16.1404 15.389 14.7129 14.1064 13.564 13.0803 12.6502 12.2688 11.9314 11.6337 11.3715 11.1407 10.9376 10.7586 10.6006 10.4604 10.3352 10.2223 10.1193 10.0242 9.93495 9.84982 9.76735 9.68627 9.60556 9.5244 9.44221 9.35864 9.27355 9.18706 9.09947 9.01135 8.92346 8.83682 8.75265 8.67241 8.59778 8.53068 8.47324 8.42782 8.39702 8.38364 8.39074 8.42158 8.47965 8.56869 8.69263 8.85565 9.06215 9.31676 9.62433 9.98994 10.4189 10.9167 11.4892 12.1422 12.8821 13.7152 14.6482 15.688 16.8158 18.0612 19.436 20.9481 22.6053 24.416 26.3887 28.532 30.8547 33.3662 36.0757 38.9927 42.1272 45.4891 49.0886 
86.9931 81.4986 76.3099 71.4155 66.8036 62.4631 58.383 54.5524 50.9607 47.5976 44.453 41.5171 38.78 36.2325 33.8653 31.6695 29.6363 27.7572 26.0239 24.4284 22.9628 21.6196 20.3913 19.2708 18.2512 17.3258 16.4881 15.7319 15.0511 14.4401 13.8931 13.405 12.9705 12.5848 12.2433 11.9414 11.675 11.4402 11.2332 11.0503 10.8885 10.7445 10.6155 10.4989 10.3924 10.2937 10.2009 10.1123 10.0264 9.94194 9.85788 9.77342 9.68797 9.60117 9.5129 9.42325 9.33255 9.24134 9.1504 9.06074 8.97358 8.89038 8.81282 8.74282 8.68249 8.63422 8.60058 8.5844 8.58871 8.61678 8.6721 8.75841 8.87963 9.03995 9.24377 9.4957 9.80061 10.1636 10.5899 11.0851 11.6549 12.3053 13.0426 13.8731 14.8035 15.8407 16.9823 18.227 19.601 21.1124 22.7689 24.579 26.551 28.6937 31.0159 33.5269 36.2359 39.1525 42.2866 45.6481 49.2473 
87.5429 82.0376 76.8387 71.9343 67.313 62.9634 58.8745 55.0353 51.4355 48.0645 44.9122 41.9687 39.2245 36.6699 34.2959 32.0934 30.0537 28.1682 26.4288 24.8272 23.3558 22.0067 20.7728 19.6468 18.6218 17.6911 16.8483 16.087 15.4013 14.7854 14.2337 13.7408 13.3017 12.9115 12.5655 12.2593 11.9886 11.7496 11.5384 11.3515 11.1856 11.0376 10.9047 10.7843 10.674 10.5716 10.4751 10.3828 10.2934 10.2054 10.1178 10.0299 9.94106 9.8509 9.75931 9.66638 9.57243 9.47801 9.3839 9.2911 9.20083 9.11455 9.03395 8.96092 8.8976 8.84636 8.80978 8.79068 8.79208 8.81728 8.86974 8.9532 9.0716 9.22911 9.43013 9.67929 9.98142 10.3416 10.7652 11.2576 11.8247 12.4724 13.2069 14.0347 14.9623 15.9968 17.1451 18.394 19.7675 21.2782 22.9342 24.7438 26.7153 28.8575 31.1794 33.69 36.3987 39.315 42.4489 45.8104 49.4096 
88.1337 82.6151 77.4036 72.4874 67.8547 63.4944 59.3951 55.5462 51.9369 48.5568 45.3958 42.4439 39.6915 37.129 34.7474 32.5375 30.4906 28.5982 26.8519 25.2438 23.7659 22.4106 21.1706 20.0386 19.0078 18.0714 17.223 16.4563 15.7653 15.1441 14.5873 14.0894 13.6454 13.2504 12.8997 12.5888 12.3136 12.0701 11.8545 11.6632 11.4931 11.341 11.204 11.0795 10.9652 10.8588 10.7585 10.6624 10.5692 10.4775 10.3863 10.2948 10.2024 10.1087 10.0136 9.91726 9.81992 9.72215 9.62473 9.52865 9.43513 9.34564 9.26185 9.18567 9.11923 9.06489 9.02524 9.00309 9.00147 9.02366 9.07314 9.15363 9.26908 9.42366 9.62176 9.868 10.1672 10.5245 10.9452 11.4348 11.999 12.6438 13.3754 14.2003 15.1251 16.1566 17.302 18.5621 19.9351 21.4454 23.1011 24.9103 26.8815 29.0235 31.3452 33.8557 36.5644 39.4809 42.615 45.9767 49.5764 
88.7879 83.2505 78.0218 73.0897 68.4423 64.0682 59.956 56.0948 52.4739 49.0829 45.9114 42.9495 40.1875 37.6159 35.2254 33.007 30.952 29.0516 27.2977 25.6822 24.1971 22.8348 21.588 20.4495 19.4122 18.4696 17.6151 16.8424 16.1456 15.5188 14.9564 14.4532 14.0039 13.6036 13.2478 12.932 12.6519 12.4036 12.1833 11.9874 11.8128 11.6562 11.5148 11.3861 11.2675 11.157 11.0526 10.9525 10.8553 10.7597 10.6646 10.5693 10.4731 10.3757 10.277 10.177 10.0761 9.97486 9.87395 9.77443 9.67751 9.58465 9.49752 9.41804 9.34833 9.29074 9.24787 9.22253 9.21774 9.23678 9.28313 9.36051 9.47287 9.62436 9.81939 10.0626 10.3588 10.713 11.1306 11.6172 12.1783 12.8201 13.5487 14.3705 15.2921 16.3206 17.4628 18.7263 20.1039 21.614 23.2694 25.0786 27.0499 29.192 31.5139 34.0248 36.734 39.6512 42.7861 46.1491 49.7502 
89.5738 83.9988 78.7385 73.7791 69.1078 64.7124 60.581 56.7023 53.0653 49.6594 46.474 43.4991 40.7249 38.1418 35.7403 33.5115 31.4465 29.5367 27.7737 26.1494 24.6559 23.2856 22.0309 20.8848 19.8403 18.8906 18.0292 17.2498 16.5465 15.9134 15.3449 14.8356 14.3805 13.9746 13.6132 13.2919 13.0065 12.753 12.5276 12.3267 12.1472 11.9858 11.8397 11.7064 11.5833 11.4683 11.3595 11.2551 11.1536 11.0538 10.9547 10.8553 10.7552 10.6539 10.5513 10.4475 10.3428 10.2378 10.1332 10.03 9.92954 9.83312 9.74248 9.65951 9.58635 9.52534 9.47908 9.45037 9.44224 9.45796 9.50102 9.57512 9.68421 9.83245 10.0242 10.2642 10.5571 10.9082 11.3225 11.8058 12.3637 13.0022 13.7275 14.546 15.4643 16.4894 17.6282 18.8881 20.2733 21.7835 23.4393 25.2489 27.2209 29.3638 31.6869 34.1992 36.9103 39.83 42.9684 46.3362 49.9449 
96.1023 90.4576 79.8162 74.7429 69.9891 65.5321 61.3528 57.4354 53.7661 50.3324 47.1229 44.1267 41.3332 38.7326 36.3152 34.0716 31.9929 30.0702 28.2952 26.6595 25.1553 23.7747 22.5104 21.355 20.3015 19.3433 18.4737 17.6865 16.9755 16.335 15.7594 15.2432 14.7814 14.369 14.0013 13.6739 13.3825 13.1231 12.892 12.6857 12.5007 12.334 12.1827 12.0443 11.9162 11.7964 11.6828 11.5737 11.4677 11.3634 11.2598 11.156 11.0516 10.9461 10.8393 10.7315 10.6228 10.5138 10.4053 10.2982 10.1939 10.0937 9.99931 9.91265 9.83582 9.77119 9.72134 9.68906 9.6774 9.68961 9.72917 9.79979 9.90542 10.0502 10.2386 10.4751 10.7646 11.1122 11.5231 12.0029 12.5573 13.1922 13.9139 14.7288 15.6434 16.6646 17.7995 19.0553 20.4396 21.9539 23.6112 25.4228 27.3978 29.546 31.8845 34.4508 37.2681 40.3519 43.7179 52.4076 55.984 
1e+10 1e+10 1e+10 1e+10 1e+10 1e+10 67.8674 63.8525 60.1235 56.6458 48.0913 45.0079 42.1481 39.4959 37.0371 34.7595 32.6519 30.7043 28.9073 27.2521 25.7302 24.3335 23.0543 21.8852 20.819 19.8489 18.968 18.1702 17.4492 16.7992 16.2144 15.6895 15.2194 14.7989 14.4235 14.0887 13.7901 13.5238 13.286 13.0731 12.8818 12.709 12.5518 12.4076 12.2739 12.1485 12.0295 11.9152 11.804 11.6947 11.5862 11.4777 11.3685 11.2584 11.1471 11.0347 10.9217 10.8084 10.6956 10.5844 10.476 10.3717 10.2734 10.1828 10.1021 10.0336 9.97998 9.94396 9.92859 9.93713 9.97305 10.0401 10.1421 10.2834 10.4682 10.7012 10.9872 11.3313 11.7387 12.215 12.766 13.3975 14.1158 14.9275 15.8395 16.8632 18.024 19.339 20.8195 22.4771 24.3237 31.691 33.6489 35.7782 38.0899 1e+10 1e+10 1e+10 1e+10 1e+10 1e+10 
1e+10 1e+10 1e+10 1e+10 1e+10 1e+10 1e+10 1e+10 1e+10 1e+10 1e+10 1e+10 1e+10 1e+10 43.5125 41.1026 38.9351 36.9468 35.1187 33.4385 26.6097 25.146 23.8127 22.5995 21.4969 20.4961 19.589 18.7683 18.0271 17.3589 16.7578 16.218 15.7341 15.301 14.9137 14.5678 14.2588 13.9827 13.7356 13.5138 13.3141 13.1332 12.9683 12.8167 12.6759 12.5437 12.4182 12.2975 12.1802 12.0649 11.9507 11.8366 11.722 11.6067 11.4903 11.3731 11.2552 11.1373 11.0201 10.9045 10.7919 10.6836 10.5813 10.487 10.4027 10.3309 10.2741 10.2352 10.2173 10.2237 10.2582 10.3248 10.4281 10.5742 10.7712 11.0286 11.3549 11.7581 12.2457 12.8259 13.5069 19.7732 20.4884 21.2951 22.1996 23.2063 24.3242 1e+10 1e+10 1e+10 1e+10 1e+10 1e+10 1e+10 1e+10 1e+10 1e+10 1e+10 1e+10 1e+10 1e+10 
1e+10 1e+10 1e+10 1e+10 1e+10 1e+10 1e+10 1e+10 1e+10 1e+10 1e+10 1e+10 1e+10 1e+10 1e+10 1e+10 1e+10 1e+10 1e+10 1e+10 1e+10 1e+10 1e+10 1e+10 1e+10 1e+10 25.865 24.9833 24.2079 23.5162 22.8976 22.3442 21.8496 21.408 21.0142 15.4061 15.0535 14.7391 14.4584 14.2072 13.9815 13.7778 13.5927 13.4232 13.2666 13.1206 12.9829 12.8517 12.7254 12.6026 12.4824 12.3639 12.2466 12.1304 12.0153 11.9018 11.7904 11.6823 11.5787 11.4813 11.3919 11.3128 11.2465 11.1959 11.164 11.1544 16.5485 16.5179 16.5078 16.5214 16.5621 16.6338 16.7405 16.8869 17.079 1e+10 1e+10 1e+10 1e+10 1e+10 1e+10 1e+10 1e+10 1e+10 1e+10 1e+10 1e+10 1e+10 1e+10 1e+10 1e+10 1e+10 1e+10 1e+10 1e+10 1e+10 1e+10 1e+10 1e+10 1e+10 1e+10 
1e+10 1e+10 1e+10 1e+10 1e+10 1e+10 1e+10 1e+10 1e+10 1e+10 1e+10 1e+10 1e+10 1e+10 1e+10 1e+10 1e+10 1e+10 1e+10 1e+10 1e+10 1e+10 1e+10 1e+10 1e+10 1e+10 1e+10 1e+10 1e+10 1e+10 1e+10 1e+10 1e+10 1e+10 1e+10 1e+10 1e+10 1e+10 1e+10 1e+10 1e+10 1e+10 1e+10 1e+10 1e+10 1e+10 1e+10 1e+10 1e+10 1e+10 1e+10 1e+10 1e+10 1e+10 1e+10 1e+10 1e+10 1e+10 1e+10 1e+10 1e+10 1e+10 1e+10 1e+10 1e+10 1e+10 1e+10 1e+10 1e+10 1e+10 1e+10 1e+10 1e+10 1e+10 1e+10 1e+10 1e+10 1e+10 1e+10 1e+10 1e+10 1e+10 1e+10 1e+10 1e+10 1e+10 1e+10 1e+10 1e+10 1e+10 1e+10 1e+10 1e+10 1e+10 1e+10 1e+10 1e+10 1e+10 1e+10 1e+10 1e+10 
1e+10 1e+10 1e+10 1e+10 1e+10 1e+10 1e+10 1e+10 1e+10 1e+10 1e+10 1e+10 1e+10 1e+10 1e+10 1e+10 1e+10 1e+10 1e+10 1e+10 1e+10 1e+10 1e+10 1e+10 1e+10 1e+10 1e+10 1e+10 1e+10 1e+10 1e+10 1e+10 1e+10 1e+10 1e+10 1e+10 1e+10 1e+10 1e+10 1e+10 1e+10 1e+10 1e+10 1e+10 1e+10 1e+10 1e+10 1e+10 1e+10 1e+10 1e+10 1e+10 1e+10 1e+10 1e+10 1e+10 1e+10 1e+10 1e+10 1e+10 1e+10 1e+10 1e+10 1e+10 1e+10 1e+10 1e+10 1e+10 1e+10 1e+10 1e+10 1e+10 1e+10 1e+10 1e+10 1e+10 1e+10 1e+10 1e+10 1e+10 1e+10 1e+10 1e+10 1e+10 1e+10 1e+10 1e+10 1e+10 1e+10 1e+10 1e+10 1e+10 1e+10 1e+10 1e+10 1e+10 1e+10 1e+10 1e+10 1e+10 1e+10 
1e+10 1e+10 1e+10 1e+10 1e+10 1e+10 1e+10 1e+10 1e+10 1e+10 1e+10 1e+10 1e+10 1e+10 1e+10 1e+10 1e+10 1e+10 1e+10 1e+10 1e+10 1e+10 1e+10 1e+10 1e+10 1e+10 1e+10 1e+10 1e+10 1e+10 1e+10 1e+10 1e+10 1e+10 1e+10 1e+10 1e+10 1e+10 1e+10 1e+10 1e+10 1e+10 1e+10 1e+10 1e+10 1e+10 1e+10 1e+10 1e+10 1e+10 1e+10 1e+10 1e+10 1e+10 1e+10 1e+10 1e+10 1e+10 1e+10 1e+10 1e+10 1e+10 1e+10 1e+10 1e+10 1e+10 1e+10 1e+10 1e+10 1e+10 1e+10 1e+10 1e+10 1e+10 1e+10 1e+10 1e+10 1e+10 1e+10 1e+10 1e+10 1e+10 1e+10 1e+10 1e+10 1e+10 1e+10 1e+10 1e+10 1e+10 1e+10 1e+10 1e+10 1e+10 1e+10 1e+10 1e+10 1e+10 1e+10 1e+10 1e+10 
1e+10 1e+10 1e+10 1e+10 1e+10 1e+10 1e+10 1e+10 1e+10 1e+10 1e+10 1e+10 1e+10 1e+10 1e+10 1e+10 1e+10 1e+10 1e+10 1e+10 1e+10 1e+10 1e+10 1e+10 1e+10 1e+10 1e+10 1e+10 1e+10 1e+10 1e+10 1e+10 1e+10 1e+10 1e+10 1e+10 1e+10 1e+10 1e+10 1e+10 1e+10 1e+10 1e+10 1e+10 1e+10 1e+10 1e+10 1e+10 1e+10 1e+10 1e+10 1e+10 1e+10 1e+10 1e+10 1e+10 1e+10 1e+10 1e+10 1e+10 1e+10 1e+10 1e+10 1e+10 1e+10 1e+10 1e+10 1e+10 1e+10 1e+10 1e+10 1e+10 1e+10 1e+10 1e+10 1e+10 1e+10 1e+10 1e+10 1e+10 1e+10 1e+10 1e+10 1e+10 1e+10 1e+10 1e+10 1e+10 1e+10 1e+10 1e+10 1e+10 1e+10 1e+10 1e+10 1e+10 1e+10 1e+10 1e+10 1e+10 1e+10 
1e+10 1e+10 1e+10 1e+10 1e+10 1e+10 1e+10 1e+10 1e+10 1e+10 1e+10 1e+10 1e+10 1e+10 1e+10 1e+10 1e+10 1e+10 1e+10 1e+10 1e+10 1e+10 1e+10 1e+10 1e+10 1e+10 1e+10 1e+10 1e+10 1e+10 1e+10 1e+10 1e+10 1e+10 1e+10 1e+10 1e+10 1e+10 1e+10 1e+10 1e+10 1e+10 1e+10 1e+10 1e+10 1e+10 1e+10 1e+10 1e+10 1e+10 1e+10 1e+10 1e+10 1e+10 1e+10 1e+10 1e+10 1e+10 1e+10 1e+10 1e+10 1e+10 1e+10 1e+10 1e+10 1e+10 1e+10 1e+10 1e+10 1e+10 1e+10 1e+10 1e+10 1e+10 1e+10 1e+10 1e+10 1e+10 1e+10 1e+10 1e+10 1e+10 1e+10 1e+10 1e+10 1e+10 1e+10 1e+10 1e+10 1e+10 1e+10 1e+10 1e+10 1e+10 1e+10 1e+10 1e+10 1e+10 1e+10 1e+10 1e+10 
1e+10 1e+10 1e+10 1e+10 1e+10 1e+10 1e+10 1e+10 1e+10 1e+10 1e+10 1e+10 1e+10 1e+10 1e+10 1e+10 1e+10 1e+10 1e+10 1e+10 1e+10 1e+10 1e+10 1e+10 1e+10 1e+10 1e+10 1e+10 1e+10 1e+10 1e+10 1e+10 1e+10 1e+10 1e+10 1e+10 1e+10 1e+10 1e+10 1e+10 1e+10 1e+10 1e+10 1e+10 1e+10 1e+10 1e+10 1e+10 1e+10 1e+10 1e+10 1e+10 1e+10 1e+10 1e+10 1e+10 1e+10 1e+10 1e+10 1e+10 1e+10 1e+10 1e+10 1e+10 1e+10 1e+10 1e+10 1e+10 1e+10 1e+10 1e+10 1e+10 1e+10 1e+10 1e+10 1e+10 1e+10 1e+10 1e+10 1e+10 1e+10 1e+10 1e+10 1e+10 1e+10 1e+10 1e+10 1e+10 1e+10 1e+10 1e+10 1e+10 1e+10 1e+10 1e+10 1e+10 1e+10 1e+10 1e+10 1e+10 1e+10 
1e+10 1e+10 1e+10 1e+10 1e+10 1e+10 1e+10 1e+10 1e+10 1e+10 1e+10 1e+10 1e+10 1e+10 1e+10 1e+10 1e+10 1e+10 1e+10 1e+10 1e+10 1e+10 1e+10 1e+10 1e+10 1e+10 1e+10 1e+10 1e+10 1e+10 1e+10 1e+10 1e+10 1e+10 1e+10 1e+10 1e+10 1e+10 1e+10 1e+10 1e+10 1e+10 1e+10 1e+10 1e+10 1e+10 1e+10 1e+10 1e+10 1e+10 1e+10 1e+10 1e+10 1e+10 1e+10 1e+10 1e+10 1e+10 1e+10 1e+10 1e+10 1e+10 1e+10 1e+10 1e+10 1e+10 1e+10 1e+10 1e+10 1e+10 1e+10 1e+10 1e+10 1e+10 1e+10 1e+10 1e+10 1e+10 1e+10 1e+10 1e+10 1e+10 1e+10 1e+10 1e+10 1e+10 1e+10 1e+10 1e+10 1e+10 1e+10 1e+10 1e+10 1e+10 1e+10 1e+10 1e+10 1e+10 1e+10 1e+10 1e+10 
1e+10 1e+10 1e+10 1e+10 1e+10 1e+10 1e+10 1e+10 1e+10 1e+10 1e+10 1e+10 1e+10 1e+10 1e+10 1e+10 1e+10 1e+10 1e+10 1e+10 1e+10 1e+10 1e+10 1e+10 1e+10 1e+10 1e+10 1e+10 1e+10 1e+10 1e+10 1e+10 1e+10 1e+10 1e+10 1e+10 1e+10 1e+10 1e+10 1e+10 1e+10 1e+10 1e+10 1e+10 1e+10 1e+10 1e+10 1e+10 1e+10 1e+10 1e+10 1e+10 1e+10 1e+10 1e+10 1e+10 1e+10 1e+10 1e+10 1e+10 1e+10 1e+10 1e+10 1e+10 1e+10 1e+10 1e+10 1e+10 1e+10 1e+10 1e+10 1e+10 1e+10 1e+10 1e+10 1e+10 1e+10 1e+10 1e+10 1e+10 1e+10 1e+10 1e+10 1e+10 1e+10 1e+10 1e+10 1e+10 1e+10 1e+10 1e+10 1e+10 1e+10 1e+10 1e+10 1e+10 1e+10 1e+10 1e+10 1e+10 1e+10 
