# Please cite arXiv:xxxx.xxxxx
# The inferred spectral index at Earth by IceCube for tracks and cascades for invisible and visible decay assuming an initial flavor ratio (1:2:0) for various couplings (all six couplings equal)
# The first row is the parameters:
#   m_1 (eV)
#   gamma
#   z
# The columns are:
#   g
#   The track spectral index for invisible decay
#   The cascade spectral index for invisible decay
#   The track spectral index for visible decay
#   The cascade spectral index for visible decay
0 2 1
1e-08 1.98755 1.99435 1.98846 1.996 
1.07152e-08 1.98573 1.99353 1.98678 1.99542 
1.14815e-08 1.98365 1.99259 1.98485 1.99476 
1.23027e-08 1.98127 1.99153 1.98265 1.99402 
1.31826e-08 1.97855 1.99032 1.98014 1.99317 
1.41254e-08 1.97545 1.98894 1.97727 1.9922 
1.51356e-08 1.97191 1.98738 1.97401 1.99111 
1.62181e-08 1.96787 1.9856 1.97029 1.98987 
1.7378e-08 1.96328 1.9836 1.96606 1.98847 
1.86209e-08 1.95807 1.98133 1.96127 1.9869 
1.99526e-08 1.95215 1.97879 1.95583 1.98514 
2.13796e-08 1.94545 1.97593 1.94969 1.98317 
2.29087e-08 1.93788 1.97273 1.94277 1.98098 
2.45471e-08 1.92936 1.96918 1.93499 1.97856 
2.63027e-08 1.91979 1.96524 1.92627 1.97589 
2.81838e-08 1.90908 1.9609 1.91656 1.97297 
3.01995e-08 1.89717 1.95615 1.90578 1.9698 
3.23594e-08 1.88399 1.95101 1.8939 1.9664 
3.46737e-08 1.8695 1.94548 1.8809 1.96278 
3.71535e-08 1.85371 1.93962 1.86682 1.95898 
3.98107e-08 1.83668 1.93347 1.85172 1.95507 
4.2658e-08 1.81854 1.92714 1.83576 1.9511 
4.57088e-08 1.79953 1.92076 1.81917 1.94718 
4.89779e-08 1.78 1.91449 1.8023 1.94341 
5.24807e-08 1.76043 1.90851 1.7856 1.93993 
5.62341e-08 1.74146 1.90306 1.76964 1.93688 
6.0256e-08 1.72385 1.89838 1.75509 1.93439 
6.45654e-08 1.70845 1.8947 1.74268 1.9326 
6.91831e-08 1.69617 1.89223 1.73314 1.9316 
7.4131e-08 1.68782 1.89116 1.72712 1.93147 
7.94328e-08 1.68409 1.89158 1.72511 1.9322 
8.51138e-08 1.68538 1.89349 1.72736 1.93375 
9.12011e-08 1.69178 1.89681 1.73384 1.93599 
9.77237e-08 1.703 1.90135 1.74421 1.93877 
1.04713e-07 1.71843 1.90683 1.75787 1.94186 
1.12202e-07 1.73716 1.91291 1.77397 1.94503 
1.20226e-07 1.75809 1.91921 1.79155 1.94805 
1.28825e-07 1.77999 1.92532 1.80956 1.95067 
1.38038e-07 1.80158 1.93085 1.82692 1.9527 
1.47911e-07 1.8216 1.93545 1.84262 1.95398 
1.58489e-07 1.83891 1.9388 1.85576 1.95437 
1.69824e-07 1.85253 1.94066 1.86558 1.9538 
1.8197e-07 1.86169 1.94087 1.87154 1.95224 
1.94984e-07 1.86587 1.93933 1.87331 1.9497 
2.0893e-07 1.86486 1.93603 1.8708 1.94626 
2.23872e-07 1.85869 1.93103 1.86409 1.94198 
2.39883e-07 1.84758 1.92443 1.85345 1.93697 
2.5704e-07 1.83189 1.91639 1.83921 1.93134 
2.75423e-07 1.81201 1.90707 1.8217 1.92519 
2.95121e-07 1.78826 1.89664 1.80123 1.91865 
3.16228e-07 1.76092 1.88527 1.77804 1.91179 
3.38844e-07 1.73017 1.87318 1.75229 1.90472 
3.63078e-07 1.69618 1.86059 1.72417 1.89758 
3.89045e-07 1.65916 1.8478 1.69394 1.89053 
4.16869e-07 1.6195 1.83516 1.66197 1.88378 
4.46684e-07 1.57783 1.82311 1.62887 1.87754 
4.7863e-07 1.53518 1.81218 1.59556 1.87217 
5.12861e-07 1.49299 1.80293 1.56321 1.86789 
5.49541e-07 1.4532 1.79594 1.53329 1.865 
5.88844e-07 1.41815 1.79178 1.50754 1.86379 
6.30957e-07 1.39037 1.79089 1.48766 1.86437 
6.76083e-07 1.37228 1.79355 1.47528 1.86687 
7.24436e-07 1.36583 1.79987 1.47155 1.8712 
7.76247e-07 1.37216 1.80971 1.47715 1.87722 
8.31764e-07 1.39151 1.8227 1.49205 1.88459 
8.91251e-07 1.42318 1.83831 1.51572 1.89307 
9.54993e-07 1.46569 1.85585 1.54703 1.9022 
1.02329e-06 1.51697 1.87455 1.5845 1.91161 
1.09648e-06 1.57455 1.89364 1.62642 1.92094 
1.1749e-06 1.63574 1.91233 1.67085 1.92979 
1.25893e-06 1.69773 1.92994 1.71593 1.938 
1.34896e-06 1.75782 1.9459 1.7597 1.94519 
1.44544e-06 1.81348 1.95979 1.80061 1.95141 
1.54882e-06 1.86266 1.97135 1.83727 1.95658 
1.65959e-06 1.9039 1.98054 1.86881 1.96079 
1.77828e-06 1.93652 1.98747 1.8948 1.96413 
1.90546e-06 1.96071 1.9924 1.9154 1.96679 
2.04174e-06 1.97738 1.99569 1.9312 1.96899 
2.18776e-06 1.98799 1.99774 1.94306 1.97088 
2.34423e-06 1.99418 1.99891 1.95199 1.97267 
2.51189e-06 1.99745 1.99952 1.95881 1.9744 
2.69153e-06 1.999 1.99981 1.96426 1.97616 
2.88403e-06 1.99966 1.99994 1.96877 1.97793 
3.0903e-06 1.9999 1.99998 1.97264 1.9797 
3.31131e-06 1.99997 2 1.976 1.98143 
3.54813e-06 1.99999 2 1.97893 1.9831 
3.80189e-06 2 2 1.98153 1.98471 
4.0738e-06 2 2 1.9838 1.98621 
4.36516e-06 2 2 1.98577 1.9876 
4.67735e-06 2 2 1.98752 1.98889 
5.01187e-06 2 2 1.98904 1.99008 
5.37032e-06 2 2 1.99038 1.99115 
5.7544e-06 2 2 1.99156 1.99213 
6.16595e-06 2 2 1.99259 1.99301 
6.60693e-06 2 2 1.9935 1.99381 
7.07946e-06 2 2 1.99431 1.99453 
7.58578e-06 2 2 1.99501 1.99517 
8.12831e-06 2 2 1.99561 1.99572 
8.70964e-06 2 2 1.99616 1.99624 
9.33254e-06 2 2 1.99664 1.99669 
1e-05 2 2 1.99705 1.99708 
