# Please cite arXiv:2005.07200
# The visible decay probability (as defined in the text) as a function of final neutrino energy (GeV) for different channels
# The first row is the parameters:
#   g
#   z
#   m_1 (eV)
#   gamma
#   Number of initial flavors
#   Number of final flavors
#   Various initial flavor values (nu_e = 0, nu_mu = 1, nu_tau = 2)
#   Various final flavor values (nu_e = 0, nu_mu = 1, nu_tau = 2)
# The columns are:
#   E_f (GeV)
#   For a given flavor combination (loop over initial flavors and then within that loop loop over final flavors):
#     Probability in the SM
#     Probability for visible decay
1e-06 1 0 2 2 3 0 1 0 1 2 
1000 0.136836 0.120449 0.0462713 0.0168823 0.0668928 0.0412342 0.0462713 0.0300704 0.109019 0.0042147 0.0947099 0.0102942 
1148.15 0.136836 0.120456 0.0462713 0.0168832 0.0668928 0.0412364 0.0462713 0.0300831 0.109019 0.00421648 0.0947099 0.0102986 
1318.26 0.136836 0.120463 0.0462713 0.0168843 0.0668928 0.041239 0.0462713 0.030095 0.109019 0.00421815 0.0947099 0.0103026 
1513.56 0.136836 0.120472 0.0462713 0.0168854 0.0668928 0.0412419 0.0462713 0.0300998 0.109019 0.00421883 0.0947099 0.0103043 
1737.8 0.136836 0.120482 0.0462713 0.0168869 0.0668928 0.0412453 0.0462713 0.0301205 0.109019 0.00422172 0.0947099 0.0103113 
1995.26 0.136836 0.120493 0.0462713 0.0168884 0.0668928 0.0412492 0.0462713 0.030135 0.109019 0.00422376 0.0947099 0.0103163 
2290.87 0.136836 0.120506 0.0462713 0.0168902 0.0668928 0.0412536 0.0462713 0.0301546 0.109019 0.00422651 0.0947099 0.010323 
2630.27 0.136836 0.12052 0.0462713 0.0168923 0.0668928 0.0412585 0.0462713 0.0301703 0.109019 0.00422872 0.0947099 0.0103284 
3019.95 0.136836 0.120537 0.0462713 0.0168946 0.0668928 0.0412643 0.0462713 0.0301937 0.109019 0.00423201 0.0947099 0.0103364 
3467.37 0.136836 0.120556 0.0462713 0.0168973 0.0668928 0.0412708 0.0462713 0.0302204 0.109019 0.00423578 0.0947099 0.0103456 
3981.07 0.136836 0.120578 0.0462713 0.0169003 0.0668928 0.0412783 0.0462713 0.0302507 0.109019 0.00424007 0.0947099 0.010356 
4570.88 0.136836 0.120603 0.0462713 0.0169038 0.0668928 0.0412867 0.0462713 0.0302832 0.109019 0.00424469 0.0947099 0.0103672 
5248.07 0.136836 0.120631 0.0462713 0.0169078 0.0668928 0.0412963 0.0462713 0.0303203 0.109019 0.00425002 0.0947099 0.01038 
6025.6 0.136836 0.120663 0.0462713 0.0169122 0.0668928 0.0413073 0.0462713 0.0303623 0.109019 0.00425609 0.0947099 0.0103945 
6918.31 0.136836 0.120699 0.0462713 0.0169173 0.0668928 0.0413197 0.0462713 0.0304132 0.109019 0.00426347 0.0947099 0.0104121 
7943.28 0.136836 0.12074 0.0462713 0.0169231 0.0668928 0.0413337 0.0462713 0.0304675 0.109019 0.00427147 0.0947099 0.010431 
9120.11 0.136836 0.120786 0.0462713 0.0169296 0.0668928 0.0413496 0.0462713 0.0305297 0.109019 0.00428071 0.0947099 0.0104526 
10471.3 0.136836 0.120838 0.0462713 0.016937 0.0668928 0.0413675 0.0462713 0.0306019 0.109019 0.00429158 0.0947099 0.0104779 
12022.6 0.136836 0.120897 0.0462713 0.0169452 0.0668928 0.0413877 0.0462713 0.0306804 0.109019 0.00430359 0.0947099 0.0105055 
13803.8 0.136836 0.120963 0.0462713 0.0169546 0.0668928 0.0414104 0.0462713 0.0307718 0.109019 0.00431778 0.0947099 0.0105378 
15848.9 0.136836 0.121038 0.0462713 0.016965 0.0668928 0.0414358 0.0462713 0.0308727 0.109019 0.00433377 0.0947099 0.0105737 
18197 0.136836 0.12112 0.0462713 0.0169768 0.0668928 0.0414643 0.0462713 0.030987 0.109019 0.00435228 0.0947099 0.0106147 
20893 0.136836 0.121213 0.0462713 0.0169898 0.0668928 0.041496 0.0462713 0.0311136 0.109019 0.00437334 0.0947099 0.0106605 
23988.3 0.136836 0.121315 0.0462713 0.0170044 0.0668928 0.0415312 0.0462713 0.0312559 0.109019 0.00439769 0.0947099 0.0107124 
27542.3 0.136836 0.121429 0.0462713 0.0170205 0.0668928 0.0415702 0.0462713 0.0314142 0.109019 0.00442572 0.0947099 0.0107709 
31622.8 0.136836 0.121553 0.0462713 0.0170383 0.0668928 0.041613 0.0462713 0.0315877 0.109019 0.00445778 0.0947099 0.010836 
36307.8 0.136836 0.121689 0.0462713 0.0170578 0.0668928 0.04166 0.0462713 0.0317809 0.109019 0.00449508 0.0947099 0.0109096 
41686.9 0.136836 0.121838 0.0462713 0.0170791 0.0668928 0.0417112 0.0462713 0.0319934 0.109019 0.00453837 0.0947099 0.0109923 
47863 0.136836 0.121997 0.0462713 0.0171022 0.0668928 0.0417663 0.0462713 0.0322237 0.109019 0.00458843 0.0947099 0.0110842 
54954.1 0.136836 0.122168 0.0462713 0.0171271 0.0668928 0.0418255 0.0462713 0.03248 0.109019 0.00464763 0.0947099 0.011189 
63095.7 0.136836 0.122348 0.0462713 0.0171536 0.0668928 0.041888 0.0462713 0.0327559 0.109019 0.00471656 0.0947099 0.0113057 
72443.6 0.136836 0.122534 0.0462713 0.0171815 0.0668928 0.0419531 0.0462713 0.0330407 0.109019 0.00479547 0.0947099 0.0114319 
83176.4 0.136836 0.122724 0.0462713 0.0172109 0.0668928 0.0420201 0.0462713 0.0333471 0.109019 0.00488828 0.0947099 0.0115734 
95499.3 0.136836 0.122912 0.0462713 0.0172426 0.0668928 0.0420885 0.0462713 0.0336607 0.109019 0.00499593 0.0947099 0.0117275 
109648 0.136836 0.123095 0.0462713 0.0172793 0.0668928 0.0421592 0.0462713 0.0339808 0.109019 0.0051232 0.0947099 0.0118977 
125893 0.136836 0.123269 0.0462713 0.0173269 0.0668928 0.0422358 0.0462713 0.0343021 0.109019 0.00527754 0.0947099 0.012088 
144544 0.136836 0.123433 0.0462713 0.0173969 0.0668928 0.0423264 0.0462713 0.0346243 0.109019 0.00547199 0.0947099 0.0123079 
165959 0.136836 0.12359 0.0462713 0.0175061 0.0668928 0.0424443 0.0462713 0.0349434 0.109019 0.00572479 0.0947099 0.01257 
190546 0.136836 0.12375 0.0462713 0.017677 0.0668928 0.0426082 0.0462713 0.0352568 0.109019 0.00605943 0.0947099 0.0128909 
218776 0.136836 0.123926 0.0462713 0.0179356 0.0668928 0.0428403 0.0462713 0.03561 0.109019 0.00650876 0.0947099 0.0133055 
251189 0.136836 0.124133 0.0462713 0.018307 0.0668928 0.0431627 0.0462713 0.0359913 0.109019 0.00709653 0.0947099 0.0138286 
288403 0.136836 0.124387 0.0462713 0.0188122 0.0668928 0.0435946 0.0462713 0.0364309 0.109019 0.00784709 0.0947099 0.0144852 
331131 0.136836 0.1247 0.0462713 0.0194642 0.0668928 0.0441485 0.0462713 0.036933 0.109019 0.00877247 0.0947099 0.0152853 
380189 0.136836 0.12508 0.0462713 0.0202664 0.0668928 0.0448288 0.0462713 0.037512 0.109019 0.00987539 0.0947099 0.0162341 
436516 0.136836 0.12553 0.0462713 0.0212117 0.0668928 0.0456309 0.0462713 0.0381742 0.109019 0.0111466 0.0947099 0.0173265 
501187 0.136836 0.126045 0.0462713 0.0222838 0.0668928 0.0465419 0.0462713 0.0388927 0.109019 0.0125624 0.0947099 0.0185386 
575440 0.136836 0.126618 0.0462713 0.0234598 0.0668928 0.047543 0.0462713 0.0396848 0.109019 0.0140987 0.0947099 0.0198568 
660693 0.136836 0.127237 0.0462713 0.0247125 0.0668928 0.0486115 0.0462713 0.0405373 0.109019 0.0157224 0.0947099 0.0212538 
758578 0.136836 0.127888 0.0462713 0.0260126 0.0668928 0.0497225 0.0462713 0.041411 0.109019 0.017396 0.0947099 0.0226924 
870964 0.136836 0.128557 0.0462713 0.0273322 0.0668928 0.050852 0.0462713 0.0423086 0.109019 0.0190888 0.0947099 0.0241509 
1e+06 0.136836 0.129231 0.0462713 0.0286456 0.0668928 0.0519781 0.0462713 0.0432215 0.109019 0.0207716 0.0947099 0.0256057 
1.14815e+06 0.136836 0.129896 0.0462713 0.0299306 0.0668928 0.0530814 0.0462713 0.0441261 0.109019 0.0224175 0.0947099 0.0270313 
1.31826e+06 0.136836 0.130543 0.0462713 0.0311691 0.0668928 0.054146 0.0462713 0.0450019 0.109019 0.0240044 0.0947099 0.0284068 
1.51356e+06 0.136836 0.131163 0.0462713 0.0323477 0.0668928 0.0551604 0.0462713 0.0458706 0.109019 0.0255212 0.0947099 0.0297291 
1.7378e+06 0.136836 0.131751 0.0462713 0.0334564 0.0668928 0.0561157 0.0462713 0.0467038 0.109019 0.0269542 0.0947099 0.0309812 
1.99526e+06 0.136836 0.132303 0.0462713 0.0344893 0.0668928 0.0570065 0.0462713 0.0475008 0.109019 0.0282973 0.0947099 0.0321588 
2.29087e+06 0.136836 0.132815 0.0462713 0.0354435 0.0668928 0.0578303 0.0462713 0.0482707 0.109019 0.0295495 0.0947099 0.0332629 
2.63027e+06 0.136836 0.133288 0.0462713 0.0363184 0.0668928 0.0585861 0.0462713 0.0489958 0.109019 0.0307082 0.0947099 0.0342878 
3.01995e+06 0.136836 0.133721 0.0462713 0.0371154 0.0668928 0.0592753 0.0462713 0.0496937 0.109019 0.0317782 0.0947099 0.0352409 
3.46737e+06 0.136836 0.134115 0.0462713 0.0378375 0.0668928 0.0599002 0.0462713 0.0503534 0.109019 0.0327613 0.0947099 0.036121 
3.98107e+06 0.136836 0.134473 0.0462713 0.0384886 0.0668928 0.060464 0.0462713 0.0509825 0.109019 0.0336628 0.0947099 0.0369339 
4.57088e+06 0.136836 0.134795 0.0462713 0.0390731 0.0668928 0.0609707 0.0462713 0.0515828 0.109019 0.0344877 0.0947099 0.0376837 
5.24807e+06 0.136836 0.135085 0.0462713 0.039596 0.0668928 0.0614243 0.0462713 0.0521447 0.109019 0.0352397 0.0947099 0.0383707 
6.0256e+06 0.136836 0.135345 0.0462713 0.0400623 0.0668928 0.061829 0.0462713 0.0526732 0.109019 0.0359257 0.0947099 0.0390014 
6.91831e+06 0.136836 0.135577 0.0462713 0.0404771 0.0668928 0.0621893 0.0462713 0.0531612 0.109019 0.0365538 0.0947099 0.0395803 
7.94328e+06 0.136836 0.135783 0.0462713 0.0408457 0.0668928 0.0625094 0.0462713 0.0535991 0.109019 0.0371384 0.0947099 0.0401164 
9.12011e+06 0.136836 0.135965 0.0462713 0.0411736 0.0668928 0.062794 0.0462713 0.0539805 0.109019 0.0377053 0.0947099 0.0406282 
1.04713e+07 0.136836 0.136124 0.0462713 0.0414664 0.0668928 0.0630476 0.0462713 0.0542918 0.109019 0.038294 0.0947099 0.0411437 
1.20226e+07 0.136836 0.136263 0.0462713 0.0417304 0.0668928 0.0632754 0.0462713 0.0545231 0.109019 0.0389603 0.0947099 0.0417042 
1.38038e+07 0.136836 0.136383 0.0462713 0.0419718 0.0668928 0.0634825 0.0462713 0.0546651 0.109019 0.0397726 0.0947099 0.0423611 
1.58489e+07 0.136836 0.136485 0.0462713 0.042197 0.0668928 0.063674 0.0462713 0.0547129 0.109019 0.0408043 0.0947099 0.0431706 
1.8197e+07 0.136836 0.136571 0.0462713 0.0424115 0.0668928 0.0638546 0.0462713 0.0546647 0.109019 0.0421234 0.0947099 0.0441856 
2.0893e+07 0.136836 0.136642 0.0462713 0.0426202 0.0668928 0.0640281 0.0462713 0.0545225 0.109019 0.0437821 0.0947099 0.0454471 
2.39883e+07 0.136836 0.1367 0.0462713 0.0428266 0.0668928 0.0641976 0.0462713 0.0542942 0.109019 0.045809 0.0947099 0.0469793 
2.75423e+07 0.136836 0.136747 0.0462713 0.0430328 0.0668928 0.0643651 0.0462713 0.0539905 0.109019 0.0482055 0.0947099 0.0487854 
3.16228e+07 0.136836 0.136783 0.0462713 0.0432396 0.0668928 0.0645315 0.0462713 0.0536247 0.109019 0.0509462 0.0947099 0.0508482 
3.63078e+07 0.136836 0.136811 0.0462713 0.0434468 0.0668928 0.0646967 0.0462713 0.0532113 0.109019 0.0539831 0.0947099 0.0531333 
4.16869e+07 0.136836 0.136833 0.0462713 0.0436531 0.0668928 0.0648601 0.0462713 0.052765 0.109019 0.0572523 0.0947099 0.0555938 
4.7863e+07 0.136836 0.136848 0.0462713 0.0438568 0.0668928 0.0650206 0.0462713 0.0522997 0.109019 0.0606812 0.0947099 0.0581756 
5.49541e+07 0.136836 0.136859 0.0462713 0.0440561 0.0668928 0.0651769 0.0462713 0.0518275 0.109019 0.0641954 0.0947099 0.0608232 
6.30957e+07 0.136836 0.136866 0.0462713 0.0442489 0.0668928 0.0653277 0.0462713 0.0513591 0.109019 0.0677239 0.0947099 0.0634832 
7.24436e+07 0.136836 0.13687 0.0462713 0.0444337 0.0668928 0.0654718 0.0462713 0.050903 0.109019 0.0712038 0.0947099 0.066108 
8.31764e+07 0.136836 0.136872 0.0462713 0.044609 0.0668928 0.0656081 0.0462713 0.0504657 0.109019 0.0745818 0.0947099 0.0686574 
9.54993e+07 0.136836 0.136873 0.0462713 0.0447736 0.0668928 0.0657359 0.0462713 0.050052 0.109019 0.0778159 0.0947099 0.0710993 
1.09648e+08 0.136836 0.136872 0.0462713 0.044927 0.0668928 0.0658549 0.0462713 0.049665 0.109019 0.080875 0.0947099 0.0734102 
1.25893e+08 0.136836 0.136871 0.0462713 0.0450688 0.0668928 0.0659647 0.0462713 0.0493063 0.109019 0.083738 0.0947099 0.0755739 
1.44544e+08 0.136836 0.136869 0.0462713 0.045199 0.0668928 0.0660655 0.0462713 0.0489768 0.109019 0.086393 0.0947099 0.077581 
1.65959e+08 0.136836 0.136866 0.0462713 0.0453177 0.0668928 0.0661573 0.0462713 0.0486761 0.109019 0.0888354 0.0947099 0.079428 
1.90546e+08 0.136836 0.136864 0.0462713 0.0454254 0.0668928 0.0662405 0.0462713 0.0484034 0.109019 0.0910663 0.0947099 0.0811155 
2.18776e+08 0.136836 0.136861 0.0462713 0.0455225 0.0668928 0.0663155 0.0462713 0.0481574 0.109019 0.0930918 0.0947099 0.082648 
2.51189e+08 0.136836 0.136859 0.0462713 0.0456098 0.0668928 0.0663829 0.0462713 0.0479366 0.109019 0.0949208 0.0947099 0.0840322 
2.88403e+08 0.136836 0.136857 0.0462713 0.045688 0.0668928 0.0664432 0.0462713 0.047739 0.109019 0.0965649 0.0947099 0.0852766 
3.31131e+08 0.136836 0.136855 0.0462713 0.0457577 0.0668928 0.066497 0.0462713 0.047563 0.109019 0.0980366 0.0947099 0.0863908 
3.80189e+08 0.136836 0.136853 0.0462713 0.0458197 0.0668928 0.0665448 0.0462713 0.0474066 0.109019 0.0993494 0.0947099 0.0873848 
4.36516e+08 0.136836 0.136851 0.0462713 0.0458746 0.0668928 0.0665872 0.0462713 0.0472679 0.109019 0.100517 0.0947099 0.0882689 
5.01187e+08 0.136836 0.136849 0.0462713 0.0459233 0.0668928 0.0666247 0.0462713 0.0471454 0.109019 0.101552 0.0947099 0.0890531 
5.7544e+08 0.136836 0.136848 0.0462713 0.0459662 0.0668928 0.0666578 0.0462713 0.0470372 0.109019 0.102469 0.0947099 0.0897471 
6.60693e+08 0.136836 0.136846 0.0462713 0.0460041 0.0668928 0.066687 0.0462713 0.0469419 0.109019 0.103278 0.0947099 0.0903599 
7.58578e+08 0.136836 0.136845 0.0462713 0.0460375 0.0668928 0.0667127 0.0462713 0.046858 0.109019 0.103991 0.0947099 0.0909002 
8.70964e+08 0.136836 0.136844 0.0462713 0.0460668 0.0668928 0.0667353 0.0462713 0.0467844 0.109019 0.104619 0.0947099 0.0913757 
1e+09 0.136836 0.136843 0.0462713 0.0460925 0.0668928 0.0667551 0.0462713 0.0467197 0.109019 0.10517 0.0947099 0.0917936 
