# Please cite arXiv:xxxx.xxxxx
# The visible decay probability (as defined in the text) as a function of final neutrino energy (GeV) for different redshift evolution functions
# The first row is the parameters:
#   Initial flavor (nu_e = 0, nu_mu = 1, nu_tau = 2)
#   Final flavor (nu_e = 0, nu_mu = 1, nu_tau = 2)
#   g
#   m_1 (eV)
#   gamma
# The columns are:
#   E_f (GeV)
#   Probability in the SM
#   Probability with R=delta(z-0.5)
#   Probability with R=delta(z-1)
#   Probability with R=delta(z-1.5)
#   Probability with R=YKBH (see the text)
#   Probability with R=HERMES (see the text)
1 0 1e-06 0 2
1000 0.0462713 0.0746878 0.0300704 0.0159082 0.0156672 0.0106698
1148.15 0.0462713 0.0746634 0.0300831 0.015916 0.0156723 0.0106748
1318.26 0.0462713 0.0747306 0.030095 0.0159238 0.0156784 0.0106804
1513.56 0.0462713 0.0747614 0.0300998 0.0159329 0.0156857 0.010687
1737.8 0.0462713 0.0747715 0.0301205 0.0159436 0.0156938 0.0106941
1995.26 0.0462713 0.0747823 0.030135 0.0159553 0.0157033 0.0107024
2290.87 0.0462713 0.0748347 0.0301546 0.015969 0.0157143 0.0107119
2630.27 0.0462713 0.0748455 0.0301703 0.0159846 0.0157261 0.0107223
3019.95 0.0462713 0.0748703 0.0301937 0.0160019 0.01574 0.0107343
3467.37 0.0462713 0.0749233 0.0302204 0.0160218 0.0157553 0.0107476
3981.07 0.0462713 0.0749695 0.0302507 0.0160447 0.0157728 0.0107627
4570.88 0.0462713 0.0750223 0.0302832 0.0160705 0.0157921 0.0107794
5248.07 0.0462713 0.0750644 0.0303203 0.0161004 0.0158138 0.010798
6025.6 0.0462713 0.075129 0.0303623 0.0161325 0.0158382 0.010819
6918.31 0.0462713 0.0751952 0.0304132 0.0161701 0.0158657 0.0108425
7943.28 0.0462713 0.0752764 0.0304675 0.0162112 0.0158968 0.0108688
9120.11 0.0462713 0.0753707 0.0305297 0.0162593 0.0159311 0.0108981
10471.3 0.0462713 0.0754783 0.0306019 0.0163117 0.0159696 0.0109305
12022.6 0.0462713 0.0755856 0.0306804 0.016371 0.0160125 0.0109667
13803.8 0.0462713 0.075729 0.0307718 0.0164373 0.0160606 0.0110071
15848.9 0.0462713 0.0758612 0.0308727 0.0165118 0.0161137 0.0110517
18197 0.0462713 0.0760405 0.030987 0.0165945 0.0161726 0.0111009
20893 0.0462713 0.0761978 0.0311136 0.0166873 0.0162385 0.0111557
23988.3 0.0462713 0.0764059 0.0312559 0.0167912 0.0163111 0.0112163
27542.3 0.0462713 0.0766457 0.0314142 0.0169044 0.0163915 0.0112825
31622.8 0.0462713 0.0768877 0.0315877 0.0170297 0.0164796 0.0113554
36307.8 0.0462713 0.0771701 0.0317809 0.017167 0.0165758 0.0114351
41686.9 0.0462713 0.0774421 0.0319934 0.0173186 0.01668 0.0115216
47863 0.0462713 0.0777743 0.0322237 0.0174835 0.016794 0.0116158
54954.1 0.0462713 0.0780801 0.03248 0.0176629 0.0169162 0.0117176
63095.7 0.0462713 0.0784056 0.0327559 0.0178562 0.0170483 0.0118271
72443.6 0.0462713 0.0787544 0.0330407 0.0180649 0.0171878 0.0119435
83176.4 0.0462713 0.0790682 0.0333471 0.0182867 0.0173345 0.0120664
95499.3 0.0462713 0.0793622 0.0336607 0.0185156 0.0174914 0.0121955
109648 0.0462713 0.0796758 0.0339808 0.0187542 0.0176492 0.0123283
125893 0.0462713 0.0799869 0.0343021 0.0189945 0.0178086 0.0124643
144544 0.0462713 0.0802706 0.0346243 0.0192344 0.0179726 0.0126018
165959 0.0462713 0.0806131 0.0349434 0.0194758 0.0181412 0.0127418
190546 0.0462713 0.0809906 0.0352568 0.0197141 0.0183159 0.0128854
218776 0.0462713 0.0814525 0.03561 0.0199647 0.0185006 0.0130352
251189 0.0462713 0.08202 0.0359913 0.0202361 0.0187036 0.0131973
288403 0.0462713 0.0827463 0.0364309 0.0205333 0.0189324 0.0133769
331131 0.0462713 0.0835647 0.036933 0.0208623 0.0191897 0.0135786
380189 0.0462713 0.0845463 0.037512 0.0212402 0.0194822 0.013807
436516 0.0462713 0.0855968 0.0381742 0.0216699 0.01981 0.0140635
501187 0.0462713 0.0867525 0.0388927 0.0221489 0.020173 0.0143487
575440 0.0462713 0.0879852 0.0396848 0.0226782 0.0205668 0.0146598
660693 0.0462713 0.0892246 0.0405373 0.0232463 0.0209867 0.0149934
758578 0.0462713 0.0905136 0.041411 0.0238441 0.0214256 0.0153443
870964 0.0462713 0.0917898 0.0423086 0.024464 0.0218759 0.0157062
1e+06 0.0462713 0.0930583 0.0432215 0.0250978 0.0223321 0.0160746
1.14815e+06 0.0462713 0.0942673 0.0441261 0.0257336 0.0227856 0.0164429
1.31826e+06 0.0462713 0.0954427 0.0450019 0.0263632 0.0232325 0.016807
1.51356e+06 0.0462713 0.0965271 0.0458706 0.0269827 0.023666 0.0171621
1.7378e+06 0.0462713 0.0976031 0.0467038 0.0275826 0.0240848 0.0175062
1.99526e+06 0.0462713 0.0986059 0.0475008 0.0281619 0.024486 0.0178371
2.29087e+06 0.0462713 0.0995592 0.0482707 0.0287203 0.0248681 0.0181533
2.63027e+06 0.0462713 0.100445 0.0489958 0.0292535 0.02523 0.0184543
3.01995e+06 0.0462713 0.101274 0.0496937 0.0297644 0.0255718 0.0187396
3.46737e+06 0.0462713 0.102041 0.0503534 0.0302522 0.0258936 0.0190096
3.98107e+06 0.0462713 0.102739 0.0509825 0.0307194 0.0261953 0.0192646
4.57088e+06 0.0462713 0.103365 0.0515828 0.0311648 0.0264765 0.0195044
5.24807e+06 0.0462713 0.103904 0.0521447 0.0315899 0.0267374 0.0197294
6.0256e+06 0.0462713 0.104341 0.0526732 0.0319939 0.0269769 0.0199392
6.91831e+06 0.0462713 0.104652 0.0531612 0.0323743 0.0271926 0.0201318
7.94328e+06 0.0462713 0.10482 0.0535991 0.032729 0.0273824 0.0203067
9.12011e+06 0.0462713 0.104824 0.0539805 0.033052 0.0275432 0.020461
1.04713e+07 0.0462713 0.10465 0.0542918 0.0333393 0.0276714 0.0205926
1.20226e+07 0.0462713 0.104291 0.0545231 0.0335821 0.0277631 0.0206977
1.38038e+07 0.0462713 0.103746 0.0546651 0.0337752 0.0278153 0.0207737
1.58489e+07 0.0462713 0.103029 0.0547129 0.0339129 0.027826 0.0208184
1.8197e+07 0.0462713 0.102159 0.0546647 0.0339911 0.0277949 0.0208308
2.0893e+07 0.0462713 0.101162 0.0545225 0.0340095 0.0277229 0.0208109
2.39883e+07 0.0462713 0.100065 0.0542942 0.0339698 0.0276131 0.0207604
2.75423e+07 0.0462713 0.0989005 0.0539905 0.0338765 0.0274701 0.020682
3.16228e+07 0.0462713 0.0976984 0.0536247 0.0337363 0.0272992 0.0205795
3.63078e+07 0.0462713 0.0964861 0.0532113 0.0335572 0.0271066 0.0204575
4.16869e+07 0.0462713 0.0952877 0.052765 0.0333481 0.0268989 0.0203207
4.7863e+07 0.0462713 0.0941227 0.0522997 0.0331172 0.0266819 0.0201739
5.49541e+07 0.0462713 0.0930068 0.0518275 0.0328732 0.0264614 0.0200215
6.30957e+07 0.0462713 0.0919511 0.0513591 0.0326232 0.0262421 0.0198675
7.24436e+07 0.0462713 0.0909631 0.050903 0.0323735 0.026028 0.0197153
8.31764e+07 0.0462713 0.0900472 0.0504657 0.032129 0.0258223 0.0195674
9.54993e+07 0.0462713 0.0892049 0.050052 0.0318938 0.0256271 0.0194259
1.09648e+08 0.0462713 0.0884358 0.049665 0.0316705 0.0254441 0.0192922
1.25893e+08 0.0462713 0.0877379 0.0493063 0.0314612 0.0252742 0.0191673
1.44544e+08 0.0462713 0.0871078 0.0489768 0.0312668 0.0251177 0.0190518
1.65959e+08 0.0462713 0.0865417 0.0486761 0.031088 0.0249746 0.0189457
1.90546e+08 0.0462713 0.0860351 0.0484034 0.0309246 0.0248447 0.018849
2.18776e+08 0.0462713 0.0855833 0.0481574 0.0307763 0.0247273 0.0187613
2.51189e+08 0.0462713 0.0851816 0.0479366 0.0306425 0.0246218 0.0186823
2.88403e+08 0.0462713 0.0848255 0.047739 0.0305222 0.0245273 0.0186114
3.31131e+08 0.0462713 0.0845104 0.047563 0.0304146 0.024443 0.0185481
3.80189e+08 0.0462713 0.0842323 0.0474066 0.0303187 0.0243681 0.0184916
4.36516e+08 0.0462713 0.0839871 0.0472679 0.0302334 0.0243016 0.0184415
5.01187e+08 0.0462713 0.0837714 0.0471454 0.0301578 0.0242427 0.018397
5.7544e+08 0.0462713 0.0835818 0.0470372 0.0300909 0.0241908 0.0183577
6.60693e+08 0.0462713 0.0834154 0.0469419 0.0300318 0.024145 0.0183231
7.58578e+08 0.0462713 0.0832695 0.046858 0.0299798 0.0241047 0.0182925
8.70964e+08 0.0462713 0.0831417 0.0467844 0.0299341 0.0240692 0.0182657
1e+09 0.0462713 0.0830297 0.0467197 0.0298938 0.0240381 0.0182421
