# Please cite arXiv:2005.07200
# The visible decay probability (as defined in the text) as a function of final neutrino energy (GeV) for various neutrino mass scales
# The first row is the parameters:
#   Initial flavor (nu_e = 0, nu_mu = 1, nu_tau = 2)
#   Final flavor (nu_e = 0, nu_mu = 1, nu_tau = 2)
#   g
#   z
#   gamma
#   Number of masses
#   Various m_1 values
# The columns are:
#   E_f (GeV)
#   Probability in the SM
#   Visible decay probability with the various m_1 values
1 0 1e-06 1 2 3 0 0.1 1 
1000 0.0462713 0.0300704 0.0415672 0.0427997 
1148.15 0.0462713 0.0300831 0.0415712 0.0428037 
1318.26 0.0462713 0.030095 0.0415758 0.0428083 
1513.56 0.0462713 0.0300998 0.0415811 0.0428135 
1737.8 0.0462713 0.0301205 0.0415871 0.0428196 
1995.26 0.0462713 0.030135 0.0415941 0.0428265 
2290.87 0.0462713 0.0301546 0.0416021 0.0428344 
2630.27 0.0462713 0.0301703 0.0416112 0.0428435 
3019.95 0.0462713 0.0301937 0.0416217 0.042854 
3467.37 0.0462713 0.0302204 0.0416338 0.042866 
3981.07 0.0462713 0.0302507 0.0416476 0.0428798 
4570.88 0.0462713 0.0302832 0.0416635 0.0428956 
5248.07 0.0462713 0.0303203 0.0416817 0.0429137 
6025.6 0.0462713 0.0303623 0.0417027 0.0429346 
6918.31 0.0462713 0.0304132 0.0417267 0.0429584 
7943.28 0.0462713 0.0304675 0.0417542 0.0429858 
9120.11 0.0462713 0.0305297 0.0417857 0.0430172 
10471.3 0.0462713 0.0306019 0.0418218 0.0430532 
12022.6 0.0462713 0.0306804 0.0418632 0.0430944 
13803.8 0.0462713 0.0307718 0.0419106 0.0431415 
15848.9 0.0462713 0.0308727 0.0419648 0.0431955 
18197 0.0462713 0.030987 0.0420268 0.0432572 
20893 0.0462713 0.0311136 0.0420977 0.0433278 
23988.3 0.0462713 0.0312559 0.0421786 0.0434083 
27542.3 0.0462713 0.0314142 0.0422709 0.0435001 
31622.8 0.0462713 0.0315877 0.042376 0.0436048 
36307.8 0.0462713 0.0317809 0.0424956 0.0437239 
41686.9 0.0462713 0.0319934 0.0426316 0.0438594 
47863 0.0462713 0.0322237 0.0427861 0.0440131 
54954.1 0.0462713 0.03248 0.0429611 0.0441875 
63095.7 0.0462713 0.0327559 0.0431594 0.0443848 
72443.6 0.0462713 0.0330407 0.0433836 0.044608 
83176.4 0.0462713 0.0333471 0.0436369 0.0448601 
95499.3 0.0462713 0.0336607 0.0439233 0.0451446 
109648 0.0462713 0.0339808 0.0442473 0.0454658 
125893 0.0462713 0.0343021 0.0446148 0.0458289 
144544 0.0462713 0.0346243 0.0450329 0.0462407 
165959 0.0462713 0.0349434 0.0455099 0.0467088 
190546 0.0462713 0.0352568 0.0460543 0.0472421 
218776 0.0462713 0.03561 0.0466736 0.0478485 
251189 0.0462713 0.0359913 0.0473723 0.0485339 
288403 0.0462713 0.0364309 0.0481501 0.0492995 
331131 0.0462713 0.036933 0.049 0.0501399 
380189 0.0462713 0.037512 0.049908 0.0510426 
436516 0.0462713 0.0381742 0.0508542 0.0519887 
501187 0.0462713 0.0388927 0.0518143 0.0529545 
575440 0.0462713 0.0396848 0.0527633 0.0539145 
660693 0.0462713 0.0405373 0.0536772 0.0548446 
758578 0.0462713 0.041411 0.0545372 0.0557241 
870964 0.0462713 0.0423086 0.0553287 0.0565378 
1e+06 0.0462713 0.0432215 0.0560434 0.0572764 
1.14815e+06 0.0462713 0.0441261 0.0566797 0.0579365 
1.31826e+06 0.0462713 0.0450019 0.0572401 0.0585194 
1.51356e+06 0.0462713 0.0458706 0.0577299 0.0590308 
1.7378e+06 0.0462713 0.0467038 0.0581594 0.0594786 
1.99526e+06 0.0462713 0.0475008 0.0585376 0.0598729 
2.29087e+06 0.0462713 0.0482707 0.0588761 0.0602243 
2.63027e+06 0.0462713 0.0489958 0.0591858 0.0605435 
3.01995e+06 0.0462713 0.0496937 0.0594773 0.0608411 
3.46737e+06 0.0462713 0.0503534 0.0597602 0.0611268 
3.98107e+06 0.0462713 0.0509825 0.060044 0.0614099 
4.57088e+06 0.0462713 0.0515828 0.0603373 0.0616987 
5.24807e+06 0.0462713 0.0521447 0.0606475 0.0620012 
6.0256e+06 0.0462713 0.0526732 0.0609819 0.0623245 
6.91831e+06 0.0462713 0.0531612 0.0613472 0.0626756 
7.94328e+06 0.0462713 0.0535991 0.0617498 0.0630608 
9.12011e+06 0.0462713 0.0539805 0.0621949 0.0634865 
1.04713e+07 0.0462713 0.0542918 0.0626861 0.0639585 
1.20226e+07 0.0462713 0.0545231 0.0632237 0.0644817 
1.38038e+07 0.0462713 0.0546651 0.0638013 0.0650583 
1.58489e+07 0.0462713 0.0547129 0.0644043 0.0656855 
1.8197e+07 0.0462713 0.0546647 0.0650074 0.0663523 
2.0893e+07 0.0462713 0.0545225 0.0655761 0.0670368 
2.39883e+07 0.0462713 0.0542942 0.0660683 0.0677052 
2.75423e+07 0.0462713 0.0539905 0.0664412 0.0683139 
3.16228e+07 0.0462713 0.0536247 0.0666554 0.0688139 
3.63078e+07 0.0462713 0.0532113 0.0666815 0.0691574 
4.16869e+07 0.0462713 0.052765 0.0665033 0.0693044 
4.7863e+07 0.0462713 0.0522997 0.0661185 0.0692279 
5.49541e+07 0.0462713 0.0518275 0.0655383 0.0689168 
6.30957e+07 0.0462713 0.0513591 0.0647848 0.0683762 
7.24436e+07 0.0462713 0.050903 0.0638877 0.0676251 
8.31764e+07 0.0462713 0.0504657 0.0628806 0.066693 
9.54993e+07 0.0462713 0.050052 0.0617977 0.0656162 
1.09648e+08 0.0462713 0.049665 0.0606721 0.0644337 
1.25893e+08 0.0462713 0.0493063 0.0595331 0.0631838 
1.44544e+08 0.0462713 0.0489768 0.0584055 0.0619019 
1.65959e+08 0.0462713 0.0486761 0.0573095 0.0606191 
1.90546e+08 0.0462713 0.0484034 0.0562606 0.059361 
2.18776e+08 0.0462713 0.0481574 0.0552697 0.0581477 
2.51189e+08 0.0462713 0.0479366 0.0543438 0.056994 
2.88403e+08 0.0462713 0.047739 0.053487 0.0559102 
3.31131e+08 0.0462713 0.047563 0.0527004 0.0549025 
3.80189e+08 0.0462713 0.0474066 0.0519834 0.0539738 
4.36516e+08 0.0462713 0.0472679 0.0513337 0.0531243 
5.01187e+08 0.0462713 0.0471454 0.0507482 0.0523522 
5.7544e+08 0.0462713 0.0470372 0.0502227 0.0516546 
6.60693e+08 0.0462713 0.0469419 0.0497531 0.0510273 
7.58578e+08 0.0462713 0.046858 0.0493348 0.0504654 
8.70964e+08 0.0462713 0.0467844 0.0489632 0.0499642 
1e+09 0.0462713 0.0467197 0.0486341 0.0495183 
